0.503759223158 0.00657246646915 0.515551264575 0.26632531619
0.849189408168 0.249973695293 0.0456517655575 0.258285626725
0.806004298163 0.496066810376 0.67835990889 0.328083729481
0.82964894087 0.487756451023 0.148832692475 0.23279799344
0.843693121351 0.535925013694 0.0954258702231 0.403263048036
0.313199525423 0.168242835136 0.101608340324 0.234977691443
0.499014822459 0.663986222951 0.278615513506 0.0917748003968
0.558658548486 0.488213363236 0.7631658648 0.171209791802
0.436718916731 0.15904367872 0.272017984592 0.101934689558
0.289336351084 0.132566834608 0.415909618343 0.225840712648
0.612441649578 0.912312835521 7.91742568484e-05 0.235418275608
0.958968218787 0.654378457903 0.328379526092 0.319612659346
0.177721143237 0.404047286451 0.356444155016 0.246599027551
0.589187746217 0.73137857332 0.63803643604 0.289394857867
0.102529465135 0.906994861464 0.975942842374 0.135344559025
0.895200286045 0.35241796133 0.622550434588 0.213991669365
0.631193540689 0.528911152908 0.919022662025 0.115003818231
0.150765343338 0.604969059835 0.299783876742 0.523763969613
0.807632585283 0.157387758546 0.0432777528844 0.53577908383
0.525782025466 0.961234798515 0.578860168863 0.361365820622
0.922406225858 0.5974820812 0.223335246984 0.463815878176
0.311032650892 0.0358045406636 0.121767785548 0.387224449466
0.797854672053 0.820129741186 0.0898050689587 0.626302098831
0.382305570769 0.374063254923 0.795364553677 0.134341510394
0.20450335189 0.692584115175 0.382124037738 0.249082839805
0.000672850379675 0.327700909908 0.254372341763 0.229124334335
0.828725136079 0.725687031747 0.674266748829 0.303814528894
0.489580043329 0.781050421738 0.120938004815 0.385084704093
0.0284492261107 0.836662606553 0.00112380730177 0.422540335918
0.166497646128 0.0944471914741 0.0036973544142 0.616125561556
0.70622572696 0.504690906735 0.514991986849 0.293584053383
0.812046454985 0.0127520803109 0.00163425880976 0.452030020281
0.131230055811 0.235475882338 0.0621045587162 0.555914064623
0.56452598461 0.607814872487 0.0113458777396 0.364957931964
0.425579432056 0.962153629607 0.346484318505 0.340336200598
0.381532145313 0.368835723167 0.386083615026 0.119947587926
0.535088133304 0.740314506046 0.0055026741085 0.422437298275
0.703848498126 0.888111843629 0.986084378318 0.298618815716
0.505630948713 0.0880983189997 0.0978702232729 0.443467697456
0.925267513224 0.695443975215 0.740095439111 0.279531397663
0.250763421873 0.305775512851 1.01224550518e-05 0.32490244222
0.976118397577 0.79323861658 0.0025099974902 0.454761633176
0.30272593803 0.725512160684 0.0124813785037 0.33376142972
0.461244414177 0.311026126973 0.628273150027 0.278884261528
0.838526221351 0.849318622543 0.000353924114289 0.364685803623
0.242490889326 0.0248064548848 0.315060223555 0.449014269653
0.974146588736 0.17247869783 0.182630948482 0.633302640253
0.763187121186 0.47796725013 0.297807030375 0.288807734132
0.818175638402 0.72564951699 0.0343338546407 0.269775281693
0.0777761991605 0.280320602437 0.0745510164664 0.675610453641
0.686622680703 0.40457559166 0.423889417813 0.23717380146
0.0285481536409 0.263904383904 0.759040084862 0.342982050126
0.955842315996 0.129474657259 0.109791452685 0.410545230279
0.963829550561 0.283761305877 0.977971289179 0.133205071221
0.325234719959 0.478911467869 0.963218543006 0.298654991212
0.373166749713 0.812452718044 0.232664572913 0.297337075541
0.89984249812 0.0987632083118 0.873988936155 0.216681372715
0.0387295944631 0.275070075616 0.00713822952785 0.403810841848
0.413456297673 0.28465093919 0.0409788037225 0.242614601727
0.738295650973 0.641085178479 0.227535570972 0.102636445444
0.126606537748 0.275406136953 3.38967186889e-05 0.342950506087
0.967994947465 0.421645551078 0.281786531657 0.346158399298
0.670732015994 0.797397537899 0.00012054616486 0.200130313182
0.180574867762 0.414363306736 0.380163479483 0.221757149777
0.538449146864 0.919168561841 0.0509046413986 0.603256374349
0.598783121586 0.836118573819 0.0032185404058 0.440239791905
0.848758099025 0.399286605383 0.522164410879 0.229808183129
0.494210991901 0.673401501624 0.0791914597945 0.242560915019
0.134987683045 0.929534680177 0.00397742058894 0.160139347713
0.0820687104291 0.79760832175 0.0147207182338 0.522842537177
0.941930324188 0.47672950307 0.0671196478866 0.343032340003
0.175354891501 0.529640289259 0.166884379548 0.373610429826
0.672736151389 0.609778618529 0.468931762162 0.237310179486
0.469238249002 0.987611235813 0.0106018231305 0.487719385428
0.443204394661 0.287909582883 0.96824533063 0.189482438424
0.589210626924 0.445625124331 0.144676926888 0.227914005002
0.534455260352 0.995323589662 0.635688233014 0.106656573793
0.168224393788 0.68939090911 0.021029459592 0.13291281369
0.836251242581 0.787812821587 0.037427276178 0.142897293845
0.810260341468 0.769339746777 0.0951573894462 0.485512463792
0.825186624561 0.208411039015 0.0143743841248 0.574566337303
0.153914859962 0.147467199038 0.797229015039 0.078910423896
0.651816101645 0.390771604242 0.980717760265 0.146545942235
0.226411134864 0.201155658374 0.240497445178 0.410928370451
0.654769383111 0.475314791683 0.975542025458 0.300814051399
0.801088552263 0.291231552598 1.82499901151e-05 0.25602161041
0.230287345146 0.871883051857 0.746434854488 0.274248296409
0.648622821187 0.610076366497 0.0890019733621 0.060502956079
0.0269910370448 0.555262617941 0.00144024342142 0.207628972284
0.680457582703 0.358027799085 0.00258313688211 0.342958079197
0.610916057555 0.423690275515 0.842394778572 0.192935670372
0.0264563190248 0.871192182758 0.000123631727144 0.210706745105
0.657255537885 0.383320697688 0.735310082278 0.220127562463
0.0391539952796 0.0132841579245 0.475059951389 0.16183856975
0.525017522318 0.334518876325 0.00865353885156 0.0542273658061
0.583444656889 0.87417597561 0.1716106262 0.182912480712
0.438563846057 0.794571274662 0.31715068902 0.260094262323
0.527972105339 0.63399703613 0.302226843566 0.380597306349
0.814791577093 0.285334512206 0.0115143603886 0.284281127291
0.902666517399 0.227896353815 0.141448721627 0.287538789953
0.415685497209 0.890566302982 0.107284866813 0.437870598527
0.71576149617 0.603013042101 0.808670842132 0.243792189762
0.983623061935 0.662346876005 0.449030728334 0.173336772506
0.284089541322 0.745715154513 0.491811918374 0.11418142379
0.84837572982 0.400367325387 0.188453470432 0.460303011552
0.557869045858 0.510393415693 0.625819318655 0.193471457944
0.943198816433 0.869817371804 0.901661009756 0.0637843604942
0.656112201524 0.590629198987 0.0186852012983 0.122867363611
0.692798115026 0.699819975883 0.438018093498 0.18590358005
0.878334490702 0.746241742643 0.578443741773 0.207662788218
0.580285769284 0.856691349956 0.30904966655 0.249531965206
0.255352700999 0.638900411074 0.215344136446 0.389124750238
0.594238530825 0.876083523238 0.0549104529436 0.398069187244
0.353457083825 0.702813591785 0.860997854904 0.301821740394
0.670034815304 0.555381364408 0.361734709356 0.144266281452
0.813570987387 0.448985936113 0.00260024105254 0.208780168624
0.518947015178 0.536800862452 0.138687677247 0.253911900429
0.975942900072 0.502344317132 0.401322629474 0.221284024023
0.218992279381 0.701670532069 0.363263576946 0.194417896196
0.269780754853 0.300436955123 0.305348330701 0.368344886816
0.497456264298 0.874340277941 0.407137693958 0.220009835066
0.0177965272427 0.382950727135 0.00119030161909 0.436520004625
0.111281737652 0.0979599614892 0.00593744693585 0.410049746881
0.135663117458 0.251880588676 0.00963898852627 0.399473880504
0.265888685414 0.227932198465 0.953654133924 0.0410203698116
0.899996296347 0.903793479291 0.0672303435041 0.388105220272
0.326396127282 0.208086803394 0.668333494691 0.276999036873
0.140850733387 0.760113036915 0.203123971522 0.467513434508
0.682659965029 0.101509517321 0.681390048074 0.27638808373
0.234709812536 0.50669268797 0.0158253884878 0.294553350487
0.715448521223 0.279274596917 0.226387583917 0.24304546671
0.13480961579 0.187073315724 0.692663481294 0.171066683717
0.882668422226 0.467108898629 0.610277922039 0.307446595319
0.939008073619 0.201640453481 0.509208361354 0.336941369658
0.442421406293 0.845213399505 0.950964503008 0.232803176822
0.941904842953 0.245467250402 0.000948282370845 0.428366577635
0.090054690772 0.178403810343 0.000219969272301 0.502408962021
0.820275675336 0.282678835289 0.78390204716 0.122467777355
0.0672943864939 0.34951574417 0.171279254466 0.35071398258
0.582691130548 0.663138033144 0.446580300674 0.210356958508
0.19432744225 0.063179433544 0.897464893861 0.187528994216
0.569562144941 0.887359522791 0.281936357289 0.451553012132
0.514770793629 0.653805126958 0.256005757313 0.314317349953
0.347667323468 0.383951835201 0.378397744248 0.211023401519
0.722111440436 0.0336585584967 0.00225641588997 0.758159459376
0.230756330927 0.513536911784 0.0136069304808 0.309845868794
0.708618657447 0.734706008005 0.703594470993 0.19529388053
0.191092689125 0.921936179087 0.0139716066233 0.505491710218
0.618288686069 0.742130206473 0.233838115331 0.273379356475
0.795909022211 0.340939440634 0.319700811449 0.564872586585
0.123696886621 0.348285733761 0.381043921341 0.324525221775
0.298605261326 0.950995147125 0.531187709498 0.347053099949
0.467034014532 0.670876106625 0.1233259568 0.148448019616
0.628981943288 0.766702408163 0.00278993721005 0.427351986001
0.0757577478838 0.573930866628 0.113572288502 0.287225954554
0.138123845822 0.224686827154 0.86360424443 0.213852205512
0.993450526871 0.1337510185 0.537071234391 0.289647496583
0.825418229825 0.998296324627 0.13187664887 0.139609216428
0.589913925509 0.592810584266 0.110048941198 0.0834778448705
0.243063300746 0.111430951516 0.197029581703 0.369749353191
0.764979598362 0.0810106889199 0.407219974985 0.351884038641
0.832043524969 0.240689199711 0.00782051309557 0.279133782317
0.711355645443 0.0259377064296 0.980549628558 0.117826555678
0.709574209867 0.565895930495 0.0368476529465 0.252617884852
0.164086080836 0.733090192264 0.999429853566 0.148085324649
0.377689490712 0.0836485110124 0.0015254238429 0.423662807693
0.375510576167 0.176997146072 0.182199106508 0.271277931341
0.54074380931 0.75125241042 0.15443733287 0.240450357295
0.943028429604 0.265987334053 0.221018786826 0.264028349578
0.610845833202 0.608346053013 0.317740779747 0.225481741233
0.138836818855 0.548786980156 0.859632096798 0.128664468756
0.284684511318 0.479411948453 0.857793592267 0.248394277937
0.104836684823 0.736245109126 0.047766390205 0.120276248947
0.563575365877 0.103768527659 0.460732430166 0.194238185352
0.59658161133 0.704035878787 0.471846302913 0.120039829992
0.642992328534 0.444317117344 0.349413452622 0.170130708397
0.187031487138 0.83760763647 0.0157855659079 0.124148742608
0.239007531696 0.097636302945 0.642885319559 0.306751691077
0.849661106076 0.903778667381 0.649574537185 0.312101975285
0.452637157687 0.283443892882 0.279248890539 0.228366243504
0.385873668844 0.52171959326 0.298884734921 0.10522434376
0.364711898288 0.631384842671 0.460271313232 0.246937171284
0.508019525222 0.237796599857 0.783764765041 0.125872698003
0.95656259417 0.0536894670714 0.187281151899 0.580738897731
0.885851556395 0.835969722555 5.62832774547e-05 0.246848002243
0.124433735572 0.294184770259 0.453004101741 0.310835996865
0.561176456785 0.206590384492 2.34137947717e-05 0.521149720578
0.860983436057 0.462877841209 8.12677295228e-08 0.476842609065
0.430186747604 0.0798135000096 0.631692613251 0.26226227215
0.888598456298 0.257664111252 3.54580153354e-05 0.314512614314
0.989897667784 0.760850071022 0.0178048907011 0.391157069411
0.906613568123 0.256816705719 0.482590892956 0.238561184644
0.587108630779 0.29412529822 0.401831668404 0.191276214163
0.841416455906 0.355233513563 0.00331130405913 0.199129203287
0.589599181483 0.166395879872 0.568007314503 0.246637856828
0.437918832953 0.687495767211 0.130328181516 0.240724737159
0.419259816719 0.21191369977 0.00234799716757 0.220532845353
0.372710563524 0.341964013262 0.257918226588 0.225814500951
0.163166722309 0.340473500783 0.142108787995 0.410447669278
0.891995304875 0.622709393418 0.857419846965 0.175617682577
