0.513315980625 0.444619930848 0.870013598989 0.342878644638
0.400014936504 0.694902758332 0.185931945955 0.370005599431
0.388360997038 0.911664276534 0.994983478997 0.396062971483
0.217690854344 0.620306557794 0.404339508883 0.285655920546
0.354535993908 0.209188604427 0.998170916129 0.223216405228
0.920079685558 0.371073766129 0.73509357911 0.353582761427
0.62395729442 0.397540095141 0.0440716234495 0.190036147304
0.633147626563 0.262824679913 0.215077436555 0.255686964946
0.435271257863 0.517538331017 0.940375603635 0.347885150407
0.484767127201 0.403040366332 0.454457301918 0.359907136829
0.757243344617 0.793587442851 0.0340795063743 0.35230565884
0.0833105347325 0.177723872702 0.339267725458 0.34625123503
0.595893888068 0.990793706205 0.90990132028 0.258611037762
0.408308939263 0.406650874214 0.491340237194 0.380826774664
0.570507365341 0.779149888458 0.0865249576226 0.367701877486
0.389234275779 0.757776901531 0.457998519534 0.234693992326
0.40721418071 0.558369669403 0.82833448159 0.289855683549
0.999824454924 0.588381926239 0.59079008384 0.679179512579
0.262026746508 0.401093137338 0.986260619769 0.325389987296
0.804641581403 0.797383042958 0.521035765049 0.420914277304
0.906748535828 0.56707199388 0.999085105896 0.394952203596
0.489963910658 0.615017354095 0.961421155412 0.302397006914
0.795863463283 0.176177686099 0.708938962121 0.402351812976
0.516404227494 0.496253160192 0.863754402231 0.211472759285
0.310544525266 0.163993183447 0.999920185273 0.27270556846
0.678477034118 0.391314108966 0.910152437792 0.38942223399
0.0954730683576 0.373944606358 0.610753006413 0.238487433667
0.169291122494 0.299946573908 0.672348735688 0.206228502494
0.336520636343 0.887912955473 0.0380375258143 0.39526068612
0.343779976784 0.249587516071 0.451998961263 0.196486076488
0.629263968682 0.745050079002 0.134383208249 0.473436161661
0.697636304416 0.105932879315 0.825283285088 0.43130483547
0.480731686752 0.583348977422 0.998866302805 0.484877113161
0.30993332118 0.212322447529 0.139709173116 0.259022304702
0.791761646038 0.230818905568 0.967348482703 0.342969221342
0.35397667848 0.369840939212 0.853517297619 0.386540146747
0.660881219134 0.53761994746 0.559799013412 0.274613154003
0.877869003857 0.222389932037 0.0237588031049 0.438742695721
0.441285070503 0.130273148293 0.275194716292 0.45350411816
0.438890020191 0.794688529841 0.216432195582 0.19263152652
0.0681906933274 0.689104359619 0.0178456318867 0.151152756134
0.376831981281 0.615583253119 0.907060308666 0.251398586656
0.422043478619 0.0770739050201 0.802483469256 0.379365399568
0.692510277762 0.453153555604 0.701253244786 0.451796325821
0.589875296592 0.00166298649283 0.894669449024 0.0840705043492
0.0863024723472 0.419779765335 0.518094348052 0.253316628269
0.522730275966 0.869404763973 0.997862634311 0.4635662418
0.590695446465 0.483399959537 0.695761799472 0.350146185741
0.48542241231 0.685156179088 0.995560410902 0.434493925149
0.561242448697 0.464352218565 0.846895883298 0.283498021647
0.904089660743 0.393361827087 0.248524998201 0.189581090726
0.3002448785 0.0939760207138 0.785578740545 0.871337035958
0.679928323844 0.63814353594 0.55099079521 0.450601424711
0.571057948844 0.732488937404 0.989192049671 0.505938261143
0.891491517782 0.446205006893 0.0568754802375 0.386751234537
0.793205460103 0.375123248527 0.00111909909682 0.38836007299
0.839579408901 0.47891123705 0.0848238164092 0.622412361266
0.781658657857 0.023253464004 0.954110368807 0.300831029137
0.832443680077 0.289162464071 0.930454584611 0.314241249053
0.833454055451 0.622888770383 0.639332565657 0.291969892303
0.667909687276 0.54042567 0.886354646482 0.356081552594
0.752154517604 0.945147599185 0.0065005335387 0.528532360959
0.242735352066 0.944732026483 0.999959364531 0.513747111772
0.818253350577 0.785823524078 0.995570822868 0.192372537373
0.847978518099 0.207454741929 0.999594675751 0.623153826911
0.947438031276 0.240347625645 0.996624973356 0.658014744954
0.168648699625 0.337942547793 0.371966012161 0.298993271632
0.4266295745 0.190345315077 0.919116377884 0.214031885482
0.308294997385 0.630753911404 0.99827624796 0.373009550266
0.584685775652 0.292753101235 0.142910289564 0.35997789472
0.852716227519 0.110110442518 0.211833656507 0.193682734854
0.872648286955 0.522770737962 0.123204008827 0.209701232063
0.650274556158 0.789775405685 0.988173203281 0.322000756948
0.128956002396 0.438752500544 0.105713733439 0.507661263592
0.0544449250528 0.37555354056 0.685316366817 0.343586293372
0.710247823209 0.303344769672 0.631856222402 0.384188774767
0.725659393371 0.548930228977 0.790015443338 0.449524679347
0.800734123552 0.76171598104 0.705905719044 0.46611258124
0.113726094502 0.104501017573 0.999423036608 0.195703479823
0.427497186865 0.278712841887 0.485539758107 0.298047815965
0.086898514287 0.475792510198 0.846065359152 0.279779666593
0.302485756779 0.624103523811 0.0902895015757 0.221046264348
0.766174818559 0.248358365877 0.848389012843 0.3810045308
0.26919305895 0.674826352601 0.0973526299629 0.106006274056
0.749156221457 0.134244695624 0.409010334397 0.49198215988
0.05945662888 0.124059894968 0.423471599344 0.281718826852
0.979337762478 0.486997327127 0.521550543726 0.577098165979
0.563014232757 0.397116774022 0.999582011387 0.519378118944
0.713380400774 0.205275757715 0.940213778412 0.435017792826
0.720893456299 0.210145187329 0.992698774391 0.33685132479
0.458719090006 0.123125238293 0.999107552992 0.387496308879
0.985788471166 0.301740967778 0.614074293665 0.222159490124
0.270105671688 0.753948469933 0.887420484386 0.549281420727
0.919145674291 0.214337999926 0.925973205973 0.258680148195
0.476310972891 0.402651327853 0.904479310349 0.3084784916
0.704020456731 0.809180419556 0.703387872674 0.132333436285
0.261352312975 0.589445447308 0.994343129198 0.422555253084
0.681945650109 0.535128285384 0.575442936874 0.521919385716
0.261573506247 0.89733790889 0.0625284809173 0.122294880906
0.298872421395 0.634459483423 0.904737903279 0.168618754297
0.417758279469 0.782074944931 0.811119321064 0.330267832013
0.488471166069 0.449430741548 0.183083363585 0.378332749685
0.295230179324 0.463626167214 0.530130871442 0.316091197144
0.614945609478 0.338415184637 0.990608263463 0.38205348528
0.219138948085 0.803534654011 0.0227233528342 0.213596706252
0.321722223938 0.65233282421 0.922794694669 0.207559502478
0.432934747901 0.388790951732 0.918637706772 0.111977003861
0.306789632598 0.179980806688 0.955913006567 0.232253925894
0.715601787299 0.347908742686 0.607512338971 0.185821638443
0.0323323322309 0.549617467611 0.972901191916 0.515571785758
0.831206384376 0.527666094436 0.743512449995 0.503521930695
0.646471836313 0.691195049733 0.975259826173 0.797175819569
0.982069925799 0.462659466089 0.52689577627 0.285180809549
0.0697053337807 0.204075261351 0.444554927599 0.56929024275
0.414506598545 0.566173221789 0.0326809855479 0.0695141873324
0.179386447674 0.221236456089 0.622762298184 0.31058680863
0.73985574994 0.293300145776 0.868201011165 0.189373666009
0.624472907817 0.771835655677 0.621549992096 0.346395638647
0.761839415023 0.977323561096 0.964481234265 0.531028551501
0.620554408229 0.525571596004 0.998340753159 0.401941157811
0.805943878247 0.475086165788 0.990926459007 0.424706135119
0.35818275012 0.363390354939 0.245238005034 0.462518729258
0.707725494547 0.614414870843 0.99608575111 0.22613164764
0.729136453694 0.378071634231 0.871734830968 0.368872576083
0.310011150774 0.594280317041 0.703311066955 0.346512701167
0.00324083151853 0.706648436035 0.870791238336 0.296871101856
0.183599807957 0.800487129634 0.351855685332 0.19128177219
0.759340860282 0.349809282275 0.0915203285698 0.554783728143
0.32310680186 0.185257873603 0.981368648376 0.400316656552
0.46828798751 0.342149139942 0.0370994518997 0.0618659782159
0.14543631376 0.300377360844 0.367972728666 0.25495148838
0.712699988607 0.608085207286 0.0175131240177 0.514162592664
0.439945089278 0.373570652571 0.682504748487 0.162010532364
0.317614309452 0.447135880508 0.612902578926 0.380962387812
0.774695701717 0.600913327534 0.0162170950803 0.0283433469624
0.60727719098 0.426158483742 0.228761900279 0.193772190713
0.560682011743 0.520583254211 0.0117832145372 0.116459993552
0.489045957084 0.454101903708 0.396161472224 0.315700608797
0.94665014775 0.346373513427 0.938192750199 0.520408030548
0.428396828411 0.695628870023 0.97767463727 0.406745276693
0.83254726218 0.39297449151 0.87446659401 0.375544667316
0.993999522318 0.927425441852 0.999801267409 0.151712998669
0.173159305715 0.812186993449 0.999060792747 0.345507073256
0.122499608624 0.439502115605 0.43057367752 0.281834263821
0.09818367147 0.373344618587 0.0160512471056 0.706918954396
0.349039386121 0.555978333525 0.854344662443 0.483601287175
0.26625909664 0.735041064804 0.324618514382 0.214276761018
0.825328835736 0.397025920748 0.0855564775381 0.0539005119912
0.328504240533 0.889246246267 0.0111029566818 0.469316659503
0.632431467935 0.993712547283 0.675151417141 0.168225319758
0.101934015236 0.38357393948 0.471645351068 0.433077199953
0.231658037222 0.539284249528 0.0868165870462 0.247772159112
0.561275783031 0.907697898064 0.52511963766 0.177389969137
0.657740147071 0.856085896063 0.74129416694 0.278921206075
0.611078283432 0.82977477318 0.449780197921 0.329305175847
0.865542689808 0.572668480885 0.956804598613 0.529830135775
0.724602047375 0.681805281176 0.335482099161 0.246704115211
0.645432445803 0.992450425897 0.272641619584 0.24635258612
0.382075155838 0.660577365944 0.998793458931 0.354368670845
0.319643692967 0.385895853483 0.970023204641 0.433242679476
0.635671071229 0.293441690351 0.839851326157 0.371909700179
0.911147638332 0.321910540372 0.945508513621 0.733303535904
0.337756721258 0.751380249356 0.901758580585 0.399920719993
0.529713725419 0.172551116431 0.772117701365 0.466037618246
0.39151346619 0.334925104725 0.75688943042 0.0463758163846
0.181964811507 0.215876361963 0.989713704605 0.37009548951
0.499179849759 0.952735697734 0.427102108646 0.623276384262
0.803807562381 0.573302381083 0.859645153904 0.471997198671
0.471931151871 0.534358640734 0.798467739812 0.175617250729
0.352304709846 0.622671036881 0.337092925183 0.278805149966
0.327022875237 0.452938108915 0.989405634082 0.428635012508
0.442461312563 0.989033825 0.339300984779 0.470618713514
0.647030510501 0.707603128126 0.487884889641 0.236459062647
0.229855558832 0.34850467584 0.363949257488 0.175869594739
0.181057948056 0.962084586662 0.9980334566 0.391578127931
0.917912467072 0.244290355043 0.238339662919 0.258425387115
0.787182739378 0.297235369743 0.961133213728 0.255336030983
0.694398798532 0.747313773438 0.995738264771 0.265384210602
0.716405701928 0.458344570476 0.999999999993 0.373489249294
0.819772836106 0.689162060296 0.144823863745 0.198665998103
0.136393104208 0.385584897323 0.475913878595 0.154761224426
0.724705399565 0.284328299008 0.645391333338 0.256204022011
0.653287360616 0.182577702159 0.996092643879 0.800334379835
0.0816666821794 0.460851501899 0.819292189494 0.222255432661
0.359004030879 0.497039768312 0.82591062503 0.253562668204
0.880199920971 0.802124383731 0.717224422478 0.315812724923
0.631365183926 0.168917963334 0.352864104088 0.388538961521
0.609014517291 0.40923830816 0.0941300396772 0.194674148723
0.029248273634 0.717961160121 0.669671196024 0.501199138789
0.518936374108 0.785053014631 0.66694690081 0.351751087092
0.498735894971 0.475432117248 0.934442376624 0.296306620527
0.198380708137 0.270791353696 0.998816416784 0.332450703346
0.202741611209 0.290678168204 0.00834168256763 0.115572044506
0.272570357257 0.981117553128 0.37391133709 0.349959399189
0.889961815469 0.0980301334652 0.996301858062 0.205646100939
0.151731575676 0.238205077731 0.724491786116 0.294839456308
0.241864159092 0.359583040494 0.95804662931 0.24315373492
0.34514255405 0.235079177448 0.402622924559 0.309067860834
0.559478881032 0.632638899846 0.585411312269 0.21233541441
0.647069607658 0.266138786258 0.436419367968 0.305404751777
