0.624117166423 0.52360526249 0.766161947892 0.402503221109
0.472235330696 0.544399961478 0.199192229796 0.546697653169
0.4324593877 0.0587020513708 0.048834061648 0.376903693216
0.297587880861 0.448846846933 0.782231274356 0.171264285288
0.175333307948 0.561942419796 0.0367080219137 0.157626732937
0.653908373978 0.975817727438 0.380670563842 0.30274669899
0.559966575614 0.590169493264 0.98670184937 0.380566203727
0.543393486183 0.137557411807 0.194819580243 0.363732396712
0.849832618027 0.715186474277 0.762313809056 0.21050056176
0.219441918169 0.406828446486 0.607339623459 0.560566883957
0.272556280484 0.28286259337 0.9356590644 0.192957117008
0.619816950714 0.303080184462 0.765959025095 0.294483986839
0.544053918442 0.744763746515 0.999036686231 0.346872085684
0.937322173232 0.747278262714 0.107118741948 0.239201941169
0.676268378771 0.488028216939 0.695497246745 0.309071965091
0.296476696454 0.26817214012 0.108199707988 0.258325270841
0.252863546589 0.327357978591 0.999999004416 0.389897618846
0.486769114995 0.063066567667 0.020306539916 0.628083203159
0.331642492454 0.361101398154 0.854061070524 0.245672358166
0.20488566156 0.276027410637 0.750180026487 0.293896651887
0.139670437605 0.518996909297 0.228673978358 0.384433782992
0.637796784101 0.587120662042 0.949264776377 0.331975937138
0.355738622814 0.180160254365 0.293638147264 0.302715014073
0.712173561418 0.685522039249 0.306041191135 0.528130845695
0.317873185279 0.862843897338 0.74982802046 0.536405445797
0.589379107455 0.574805775882 0.680693204916 0.246178050505
0.366603503013 0.641023168686 0.996311490871 0.310927898946
0.393180764403 0.808275409817 0.690239783575 0.216438897457
0.320521889921 0.454978708055 0.736436220661 0.339450050409
0.491690228049 0.338229490538 0.106152394711 0.468393228266
0.900996068034 0.173554675019 0.23938139119 0.333973130398
0.104362339574 0.159602072012 0.742520806104 0.325418689475
0.161475677404 0.309413011481 0.999824705082 0.468886421968
0.428474252121 0.222665539497 0.993854283245 0.398669510583
0.190338354562 0.21530789616 0.664554445654 0.304404084348
0.80520765516 0.122962868665 0.934751273714 0.0927847878733
0.226919212835 0.0313343790475 0.623140446328 0.636124964267
0.681564945779 0.221102470127 0.967596246308 0.38572113019
0.788961512287 0.513650883377 0.542373820142 0.29547192864
0.970867673341 0.0865482869965 0.0464318384158 0.247750600172
0.824018508009 0.658336932425 0.138138725445 0.670117914474
0.373839768552 0.119543014725 0.873165768502 0.453255943225
0.919351083256 0.272408624473 0.284986983673 0.40309146046
0.584999673821 0.375801959128 0.707008325325 0.291448321522
0.688587157344 0.697000534415 0.831924848258 0.460825556743
0.453197922287 0.538090329612 0.0676164254875 0.269215667174
0.964744735609 0.77764934787 0.39287139484 0.397591170237
0.912489877758 0.767426284159 0.825233287254 0.337373023527
0.38677071005 0.321489791951 0.0754860191237 0.580559727582
0.341155003635 0.283265362077 0.891856072684 0.414324762114
0.817798875488 0.683180412076 0.249762681739 0.533181538819
0.80801549431 0.118995257724 0.968632695733 0.231253354572
0.873706253659 0.696346619177 0.64801176321 0.723894862248
0.556554861023 0.396163660791 0.999380901136 0.525140238624
0.183050978746 0.254807574416 0.992276083259 0.635717500427
0.217580944289 0.0241090742659 0.948544768071 0.489878780679
0.580594289573 0.245043191849 0.70843014283 0.352821381288
0.10777587638 0.176358034409 0.096868736539 0.670382934574
0.220629325766 0.628034039753 0.859107097687 0.429718307592
0.894599862669 0.622961967116 0.419565157186 0.263329274158
0.353041539513 0.834291261099 0.987438364056 0.431569155766
0.876678744947 0.299847530631 0.0119989205431 0.189616981915
0.888796372912 0.310798628481 0.941793247538 0.423258727734
0.838876303137 0.366975411224 0.957244873254 0.407823152723
0.787853857381 0.271028682461 0.0247670674394 0.0974101192036
0.868312704309 0.836903646291 0.799828306026 0.241369723083
0.565691517199 0.463241482367 0.234945583104 0.194389956646
0.74857300432 0.347597598532 0.509877337491 0.362554463533
0.561724955775 0.492453974649 0.231206321951 0.227702719898
0.738445728786 0.412083507737 0.950461674682 0.331973189959
0.219337867653 0.556016469484 0.826671719613 0.327673842818
0.416989760793 0.65406327197 0.259826528678 0.178949218363
0.718112024194 0.345769980565 0.379529720569 0.565868585397
0.321416076661 0.271041126441 0.857525671214 0.432815313871
0.615852483305 0.601177591265 0.382611349045 0.346205123356
0.130845467874 0.39131203887 0.73384152684 0.282861467447
0.195607449411 0.46908460016 0.822325529011 0.277866478376
0.376013620858 0.776107548522 0.488495707981 0.254396238355
0.683962588202 0.454787360018 0.664962229274 0.424784047314
0.817703618322 0.419558441889 0.597344994639 0.454223626983
0.775210098003 0.174428519346 0.284807332117 0.548591301993
0.55036145108 0.247023324616 0.10143352399 0.125426206618
0.604118545708 0.36689326623 0.00637282752064 0.351650196995
0.342502213363 0.548588561625 0.910864030845 0.328017446469
0.902340909349 0.442144081446 0.143263867633 0.276397931027
0.712409064128 0.217675833545 0.993724772452 0.446627320361
0.586099045766 0.547377812173 0.0374754823166 0.423165121971
0.541790664282 0.846139118996 0.686124372417 0.307683112178
0.306053813097 0.09471920498 0.965865178577 0.502504882036
0.951598511542 0.479190658166 0.995713473887 0.904045432613
0.41492572419 0.171453965668 0.782886464875 0.452639199943
0.461419527631 0.724987096392 0.804689112393 0.563162518654
0.778586772206 0.179045785024 0.0168649117034 0.29412412146
0.492889738778 0.724043146372 0.916226669175 0.220631802946
0.694494182698 0.49769632595 0.0543685982403 0.121865341524
0.308033377648 0.628305210177 0.73747313487 0.318449719355
0.239809755155 0.385578981095 0.911552345353 0.214334947892
0.384223648068 0.659940511265 0.508664404955 0.590892339202
0.481555243508 0.316152223059 0.280966869541 0.351778502151
0.890640568569 0.840560723489 0.621199337529 0.415471848198
0.538450453811 0.258815181299 0.911682222515 0.20956873802
0.539066002681 0.816529802072 0.990471239537 0.434986877991
0.707935984162 0.532989535735 0.1822157258 0.296539539063
0.693031914152 0.126598001891 0.955648935562 0.243048198897
0.667078136789 0.792247220225 0.696678313901 0.243893236691
0.267157124083 0.0430639143916 0.38812639811 0.268926102019
0.914375662161 0.671003853391 0.68769083274 0.325900601651
0.492705298734 0.411061911576 0.124592575422 0.114331554702
0.463581791116 0.77409176051 0.994922289449 0.533236420625
0.16641978166 0.268557049459 0.947777611558 0.400286593661
0.112824101453 0.561397068002 0.886053198767 0.308405822967
0.862277609142 0.440219501988 0.371013114213 0.178533987794
0.0994906555032 0.408549433068 0.959819183618 0.30121465395
0.446321781721 0.898088712384 0.548740832902 0.242429758989
0.784449120924 0.0704678694562 0.354507209182 0.713300455586
0.942049318914 0.227264018345 0.396678674087 0.393640114105
0.67091416878 0.510382330976 0.997033790737 0.524903272866
0.334943165223 0.848361978416 0.978698692285 0.448341726034
0.548470798688 0.437973553334 0.986509267314 0.455654915918
0.229393340031 0.358787900343 0.00567712244092 0.322085389048
0.733113868188 0.352643230162 0.929643133788 0.311960953252
0.22564597511 0.407603772933 0.781886168457 0.0961912192771
0.71953992534 0.970143298435 0.991148016859 0.880195283287
0.312707318033 0.35727497911 0.934027282109 0.611790915306
0.36980527278 0.376873420554 0.00556344099652 0.226304358773
0.584085755534 0.414741484153 0.110724369636 0.498765368831
0.936132409571 0.636583622813 0.144086336442 0.615182226604
0.29589529425 0.913009081209 0.0173324620475 0.278387156267
0.108365909524 0.510854523773 0.410141903838 0.335023634846
0.765491141642 0.536098178143 0.397584132679 0.264884801934
0.616970555441 0.484393523655 0.98560713562 0.366859172483
0.753557071604 0.627165221498 0.408767195442 0.481703627451
0.718807922515 0.703878088443 0.112019684644 0.421031357918
0.105544805505 0.852715368284 0.0232069308205 0.0758226563666
0.542350568343 0.294016213719 0.0484537069822 0.132441766366
0.686182315069 0.338872029722 0.976051023413 0.26301718383
0.511363780506 0.653267141082 0.809675561164 0.385796246512
0.434250387175 0.466641457845 0.989189014179 0.14075782341
0.619063283153 0.450337711482 0.537393992419 0.480816304302
0.137934814343 0.310037092827 0.494005061261 0.20372336488
0.519772326595 0.0337507254622 0.886945625138 0.662297491063
0.774876995879 0.693587880834 0.991988697534 0.085849003889
0.462247765076 0.366411462206 0.246003458019 0.197053928015
0.592746866366 0.502632680234 0.965545438318 0.301605273741
0.369002075 0.479500299929 0.0936273823403 0.48441202338
0.590646216898 0.67916372328 0.991177597604 0.164637471227
0.533292250654 0.876368922439 0.346043236931 0.13186072579
0.540409423892 0.219369434336 0.984690729602 0.40549156762
0.335615738481 0.674012661433 0.950758293195 0.24743197579
0.823605533731 0.543134171519 0.870343558858 0.299913589325
0.273865341889 0.767518418046 0.879302540489 0.42599596567
0.567356074418 0.269735576584 0.934606389809 0.674200137104
0.989218531982 0.373602025349 0.865318749085 0.237201759293
0.627364571934 0.336687334231 0.807409454543 0.201934131811
0.897714009559 0.290227313831 0.138602723908 0.406520560689
0.410760837539 0.377764837673 0.500284093837 0.42953812618
0.20497042915 0.835691099538 0.761275910656 0.249557541894
0.861695236175 0.715501920642 0.427681229702 0.160561652341
0.462641291579 0.224186498406 0.90727496092 0.200555348253
0.791194017591 0.62732170879 0.893196076469 0.427920513135
0.177469621927 0.697684855015 0.99788199758 0.168540415533
0.676209965906 0.013861703013 0.845904008778 0.548303084576
0.51043971825 0.887849988337 0.797081418201 0.482844197685
0.286531272881 0.4987345481 0.766402546744 0.254539087722
0.545365783807 0.439544527121 0.999999990493 0.278282766453
0.443504199674 0.102846572685 0.974896509432 0.433229233163
0.513315992765 0.191122693817 0.0341043900711 0.435266911387
0.522172535326 0.937779194785 0.999983168279 0.292214012008
0.623133640383 0.865693383534 0.501207976564 0.275726314759
0.496887819985 0.156524276367 0.564267905878 0.619241603042
0.392967050481 0.478540613346 0.969270951747 0.378583580698
0.561493412231 0.253345938176 0.952768332515 0.216776215805
0.927789387468 0.266059281362 0.993849993302 0.218713827145
0.639284673408 0.614740759694 0.0824688220736 0.30408402594
0.848546526207 0.659430088782 0.840110083334 0.336688023437
0.184521027427 0.512720671265 0.791357078184 0.497618685593
0.605437892283 0.6085769408 0.992032625334 0.390118634497
0.838878426653 0.357637640349 0.0963003732954 0.6299523798
0.498815269679 0.840943096853 0.957896923849 0.36772043541
0.562708288379 0.173530768657 0.807597706246 0.325114113102
0.646720167955 0.462451270084 0.846411655926 0.400784452197
0.385052638828 0.17775034793 0.905305985927 0.392620384253
0.926001972542 0.580028160935 0.772399195106 0.317083172483
0.855461330764 0.510783336946 0.224074471324 0.0661787136887
0.246739860498 0.510058043086 0.143381416657 0.269331643869
0.697396649179 0.20294092611 0.797462808086 0.377958094795
0.430134868223 0.463949294176 0.314368988946 0.343509915995
0.555332506878 0.472430984893 0.999312776492 0.275073135823
0.8791971892 0.00347380291858 0.876051508902 0.472306374692
0.63183002551 0.534381147282 0.911988111615 0.388415377993
0.488028492355 0.420354080513 0.971189376013 0.346139695119
0.125559081932 0.112026031803 0.572764699984 0.344996612984
0.316541201894 0.332518909584 0.787053201953 0.471589789344
0.134180403168 0.327230673855 0.919900627108 0.442140178618
0.74274320389 0.314775889238 0.986769767962 0.632553780943
0.683911461868 0.937616361666 0.561885061933 0.558496175532
0.502446059904 0.336087760131 0.598940848133 0.350997892967
0.716662914218 0.0642019461993 0.892835164155 0.276172364521
0.479905931896 0.480806968953 0.958125907251 0.335459547255
0.64793855082 0.617772972929 0.991420790941 0.200670576959
