0.614323007634 0.294702340433 1.0 0.319332853464
0.78337290144 0.849025292428 0.998028315139 0.512402639635
0.437170717291 0.354044281809 1.0 0.425419215967
0.380848196112 0.233990437942 1.0 0.55809743959
0.268250268973 0.712343067279 1.0 0.495735581466
0.6576008041 0.317513635901 1.0 0.431758588075
0.744506352622 0.47123259559 1.0 0.331156763419
0.50968253691 0.68519224894 1.0 0.386421413986
0.556371794573 0.450796601862 1.0 0.443645217996
0.261267075246 0.598331133289 1.0 0.470619840961
0.535856986968 0.987362444917 0.98608677028 0.393931437566
0.24691843431 0.571073941824 1.0 0.581304345659
0.979230847348 0.385449734408 0.872698840419 0.436216026515
0.668477159515 0.366196800993 1.0 0.362387003539
0.146529170841 0.65873247813 0.99393643465 0.310031330631
0.286901912407 0.468553229473 1.0 0.341343420381
0.12603875178 0.392248345369 0.999999999873 0.264697752079
0.67560796133 0.486349433341 1.0 0.396856436204
0.685806603478 0.487878430786 1.0 0.479372484669
0.364507870062 0.517758052353 1.0 0.415314663515
0.101991741286 0.30622930364 0.999998847802 0.714624415252
0.480971077418 0.700357163806 1.0 0.513363791625
0.0415621709896 0.733354624447 0.999992199721 0.637999722498
0.733800486695 0.470262037252 1.0 0.515876652682
0.598665736415 0.507261976632 1.0 0.236035526128
0.426202976906 0.182552395629 0.999999993584 0.555460194726
0.699303174762 0.550064498355 1.0 0.441119773744
0.270953872751 0.335104973939 1.0 0.528975775235
0.365899016893 0.0892429408768 0.999931192415 0.672982070636
0.667007547529 0.866537615967 0.999998298345 0.289509328181
0.631614473348 0.555252202205 1.0 0.542031490236
0.429380358727 0.80571313183 0.999999875455 0.581740441639
0.645110638444 0.906583996926 0.999999996313 0.574133991531
0.181618409481 0.202057551357 0.999977077434 0.639922743949
0.455174179376 0.710938069026 1.0 0.499305891894
0.6855089928 0.239849535416 1.0 0.533455576286
0.439615460269 0.665296928451 1.0 0.386856318078
0.127300451802 0.24026945104 0.99999903817 0.703919071088
0.180701257247 0.510383947581 1.0 0.624929960014
0.520951876923 0.416383572113 1.0 0.323630026626
0.287846096727 0.649792724049 1.0 0.385948186068
0.197475194567 0.522710768417 1.0 0.299626855142
0.370594907654 0.988259083155 0.999988745277 0.435720240375
0.354177134846 0.611549918564 1.0 0.51682228766
0.388810446181 0.536221407732 1.0 0.446873567156
0.829800374144 0.417702440028 1.0 0.348182298216
0.0839856021111 0.194003973012 0.826694402286 0.172014684973
0.356323017681 0.905566741274 0.998837016007 0.312290499689
0.19931628894 0.754810964751 0.999999999917 0.474309184929
0.596292578979 0.0641293025309 0.769680230612 0.505603865
0.457436096486 0.207056244452 0.999622105248 0.525977571283
0.893046161325 0.137311852536 0.99998549386 0.636123911808
0.489079112828 0.197130839216 1.0 0.348935607448
0.477473580738 0.324080831806 1.0 0.418274091822
0.657739001889 0.893156310171 0.999987875844 0.578135440261
0.28759384719 0.345676724871 0.964945558088 0.467512636835
0.395311719146 0.405685612569 1.0 0.371044204827
0.464945067945 0.368021181727 1.0 0.375965111714
0.666145706526 0.647489104677 1.0 0.317364114963
0.996650588754 0.578770325377 0.995270453841 0.507309239286
0.645462654033 0.302465550479 1.0 0.407233499035
0.396517274539 0.246365659767 1.0 0.382784291536
0.418906749007 0.629959796935 0.999994213546 0.345004479872
0.141047045736 0.433482072497 1.0 0.664133659669
0.709402610342 0.680270268362 1.0 0.431656634237
0.65142903448 0.513523362702 1.0 0.248545853619
0.553106646362 0.384648621004 1.0 0.586210067196
0.66822206297 0.312909441538 1.0 0.360497508329
0.72160208976 0.896846139719 1.0 0.353505650444
0.5465146505 0.880875271492 0.999811366567 0.52957672425
0.679854570368 0.634263981373 1.0 0.445504987506
0.691035301628 0.285022232992 1.0 0.426057525908
0.0711280908673 0.253851164037 0.999999954459 0.363907508481
0.824250776477 0.573344333686 1.0 0.487017133552
0.253027928903 0.420387882703 0.999999873101 0.213824585279
0.581414922263 0.189704901268 1.0 0.663981659177
0.544915421939 0.368750739428 1.0 0.415283415378
0.174564489528 0.799418313412 1.0 0.258757426531
0.317055664066 0.293491549668 1.0 0.628109042917
0.862399657557 0.524247894411 0.999935694741 0.727595164297
0.547484931737 0.391806451956 1.0 0.325302178954
0.806119970772 0.90478867498 1.0 0.283090543599
0.134400324917 0.553643606202 0.986855357381 0.417670864008
0.383172661514 0.522565717889 1.0 0.387679573836
0.292336393988 0.480211955092 0.999984523624 0.397276903412
0.701927208624 0.0529986186156 0.654480187702 0.290480419759
0.820725866494 0.599142717422 0.999999997344 0.340705039083
0.513004429942 0.707546764948 1.0 0.345648994392
0.591383900156 0.747383893853 1.0 0.312729533844
0.540076351283 0.444642859211 1.0 0.313588849753
0.528336816349 0.359362861211 1.0 0.390479718082
0.854704977593 0.442751707834 1.0 0.492683582897
0.58328635889 0.822206759195 0.999999865356 0.854273412083
0.0321176867676 0.331476496505 0.968065232503 0.711952049099
0.522097059456 0.435913626948 1.0 0.423858397209
0.629647377094 0.277269970366 1.0 0.472555408306
0.753216729545 0.1572258849 0.99626768909 0.26288269192
0.285261526816 0.405071525761 1.0 0.382734062471
0.616355568891 0.853128073049 0.999999998456 0.529835626413
0.606094545595 0.11969780327 1.0 0.37435341392
0.627541105067 0.313265974678 1.0 0.345732900833
0.388175036558 0.835239167579 0.999987491217 0.263441016876
0.280097826121 0.0691695797005 0.999997802247 0.539340337956
0.402611358428 0.69842993688 1.0 0.417565070641
0.640641377897 0.584279106368 1.0 0.189480664426
0.400209736458 0.695134734486 1.0 0.432357074656
0.552806767217 0.911237634883 0.999473137869 0.63587128097
0.192953035646 0.200844626575 1.0 0.529484506218
0.060301552908 0.442897106793 0.999999721839 0.15157524718
0.560632655615 0.541905313575 1.0 0.470728416551
0.194067967672 0.200729414843 0.99999953674 0.523637785836
0.282849042203 0.163082666431 0.875934693319 0.409046047504
0.755414378434 0.0517102568121 0.730484811663 0.243241173592
0.410272604959 0.306063238107 1.0 0.525808396418
0.12092704084 0.608062369674 1.0 0.562845672319
0.529362228448 0.612173983379 1.0 0.273760315052
0.605223225398 0.705488058232 0.999999960098 0.586832023407
0.580570409645 0.688086589346 1.0 0.402184841735
0.790302968654 0.115804414583 1.0 0.308011070998
0.639363362099 0.645936611565 1.0 0.610498050224
0.320343593336 0.157777791953 0.505124973577 0.365178016671
0.46530871749 0.192578082603 1.0 0.435351650184
0.0498963465458 0.569539672461 1.0 0.631671503528
0.337653823498 0.378177593156 1.0 0.23186566645
0.792804678303 0.161475272733 0.955533850487 0.496390945435
0.400866757924 0.290555352993 1.0 0.47630473377
0.44989636559 0.387298249897 1.0 0.537524621395
0.72195306079 0.761590031093 1.0 0.617274669518
0.445723299791 0.176174031767 1.0 0.175129665768
0.43205561963 0.0503180633479 0.999941418245 0.47348900615
0.642741271221 0.486315871518 0.99999572609 0.468450318035
0.359282628575 0.129910124065 1.0 0.33617435734
0.840720726143 0.142472181501 0.999971298504 0.559637498224
0.31690694273 0.471754286451 1.0 0.476379462436
0.388269136287 0.166283151251 1.0 0.28605804558
0.523641701382 0.317607788492 1.0 0.311949583875
0.220812609355 0.658578748886 0.999994304086 0.471715465134
0.418433762662 0.758234148743 1.0 0.329778680989
0.76653582265 0.607934555275 1.0 0.475032155709
0.550364738292 0.52532033156 1.0 0.234081878756
0.24391024277 0.373036484404 1.0 0.566389959406
0.601464939399 0.533827368176 1.0 0.302757854906
0.098413637519 0.512935033611 0.999940792699 0.166375647942
0.489702303084 0.738216630919 1.0 0.292596728174
0.0572874383689 0.982419334928 0.887464069352 0.574791253076
0.345950624822 0.468542026906 1.0 0.500950062819
0.710294786769 0.520122532878 1.0 0.522389951315
0.743389673621 0.786662906156 0.999999914145 0.346613797773
0.47503098191 0.603527651108 1.0 0.383024028735
0.840591255633 0.645218199932 1.0 0.443757270831
0.644942441002 0.727477622236 0.999999999362 0.221489623894
0.942463160226 0.354767735648 1.0 0.421456452483
0.693357664258 0.442792763129 0.999998828903 0.542906303528
0.424503419302 0.62338264166 1.0 0.339053043286
0.121975384211 0.154718340101 0.966364264896 0.528670474215
0.667166677748 0.848968231676 0.996754466627 0.303296325553
0.98986478918 0.282713576464 0.981774267635 0.605319302381
0.784520625448 0.691183993898 0.997427143271 0.710150675767
0.544094304942 0.204848015918 1.0 0.370079128445
0.897461636542 0.408342744031 0.999708277219 0.482913494833
0.461119143402 0.778489000382 1.0 0.426016086234
0.603538159895 0.247610144574 0.770424415141 0.350696851365
0.688992844948 0.458089939696 1.0 0.550724827338
0.552984842886 0.509818965473 1.0 0.272610419958
0.784613951784 0.649432688077 1.0 0.321989375669
0.45653082907 0.412157337468 1.0 0.619718064076
0.573522149305 0.0538335116859 0.999970145557 0.423573640507
0.670154491707 0.309137865952 1.0 0.276282230002
0.368659716755 0.327979319372 1.0 0.48785339393
0.746177189596 0.384156600201 1.0 0.427644276268
0.25775376457 0.227359789322 0.993554865713 0.668838345723
0.187064534413 0.628849659593 1.0 0.550733550267
0.820020761354 0.0360875916168 0.999988448033 0.495326968348
0.354388597207 0.770663895383 0.999994822063 0.701185981567
0.718101976607 0.448791580537 1.0 0.450536097602
0.246545377604 0.53679212161 1.0 0.45687229504
0.752730786743 0.373276467959 0.997913160022 0.560238972302
0.388244412803 0.362891196947 1.0 0.445347845635
0.847191515838 0.563844426142 1.0 0.513001835104
0.106792154415 0.0892628588594 0.999999818142 0.868641954022
0.720886238285 0.103304944324 0.99985053699 0.594888697598
0.481002621586 0.645587121423 1.0 0.386068814365
0.818400300141 0.686026818744 0.998942625282 0.615400650615
0.192667105236 0.32821397747 0.999990266009 0.604185856166
0.200264218928 0.214764837505 1.0 0.431975250397
0.833230202101 0.825804227949 0.947375744963 0.14984895181
0.533095388862 0.389121549473 1.0 0.502599184514
0.300893923781 0.612051361708 1.0 0.415454537839
0.504169736994 0.574951823885 1.0 0.489260462903
0.638333361843 0.0296201035969 0.98060560524 0.503036993294
0.703986650591 0.259513438037 0.999992607717 0.52798357424
0.846277619387 0.748479534532 0.999946788138 0.700478797889
0.624764783967 0.527330072092 1.0 0.411318398427
0.296610483027 0.284146719013 0.999999843357 0.2943364691
0.292258618833 0.187369776157 1.0 0.680634068272
0.361844815349 0.378918765131 1.0 0.394249286917
0.761896532419 0.553559881661 0.999997053493 0.262216677271
0.36902224084 0.235105190589 0.999999999742 0.64038053555
0.292429571051 0.416446487282 1.0 0.504372579453
0.657271672297 0.578262831403 1.0 0.292859850498
