0.713862493241 0.431501058893 0.0218654450443 0.310038553483
0.626490656668 0.201522723418 0.589557129428 0.326683298678
0.712387798769 0.273431603078 0.0100073029942 0.276880889286
0.842815600032 0.734404272043 0.999639531646 0.165108843163
0.479964214863 0.781137902087 0.256814936676 0.359008177586
0.252713214689 0.32493502196 3.91081695017e-06 0.350860665309
0.902425569931 0.350829353117 0.677980213431 0.241760481162
0.676008924466 0.462537210839 0.0439657991808 0.302029278383
0.223982360487 0.945259830549 0.206523303657 0.871330756724
0.252095358757 0.515350712814 0.363766534356 0.142518229083
0.0413963248995 0.512140369289 0.367598065849 0.0684685545515
0.316210061008 0.573130813297 0.0634325888664 0.219075173476
0.31342639317 0.184308517496 0.984512679069 0.0723328216014
0.124399817049 0.525593180109 0.00485724243475 0.247610577795
0.487516696011 0.392755087775 0.491967785311 0.260307147841
0.992614104326 0.00874836576023 0.00426077552043 0.729146864233
0.62686055286 0.246645883611 0.576743830467 0.278827201384
0.845477476852 0.161889767413 0.0291118300359 0.110533498719
0.253666324621 0.427013552031 0.513075184675 0.415265799834
0.56652235083 0.0674154214461 0.302084431882 0.342179444313
0.600216587299 0.72224645805 0.000328824157082 0.349747665641
0.597503077214 0.132026014949 0.97597114797 0.247668381843
0.000138711343352 0.978299492283 0.0448096639356 0.552615372677
0.154808832422 0.758058292315 0.231055554133 0.265391158243
0.265941402829 0.497097178417 0.020275828785 0.234284338858
0.82067393709 0.232554662617 0.985499901544 0.243008731485
0.0880786803998 0.270823190014 0.0116010218106 0.326355460108
0.863331338224 0.536647076809 0.96082058711 0.0796022377861
0.90556348111 0.175301313964 0.810496479314 0.299410536552
0.575408388365 0.394106274053 0.124786647344 0.222756939457
0.798228652137 0.255697926537 0.0925986225351 0.254894720985
0.31702537385 0.0612999266193 0.921895286534 0.283671453529
0.833508914905 0.19071249134 0.236842593151 0.274316685948
0.407689780192 0.0725374368789 0.056095728463 0.493250005722
0.992869602742 0.404033104847 8.25209685266e-07 0.472789050688
0.204259020684 0.496482314097 0.687608178259 0.241842908451
0.0773111435263 0.76110767665 0.00162626829711 0.256084531539
0.715000274819 0.448874712922 0.0023926359478 0.119638497727
0.892083118683 0.0513306404873 0.658164579512 0.209816042399
0.706359352943 0.808048769947 0.28481749315 0.297662212786
0.436385447085 0.681448978262 0.0199579206421 0.37770365434
0.34044521426 0.911437622216 0.258574075306 0.122483406941
0.555563421353 0.560895568532 0.787502097277 0.188591697755
0.974985397904 0.942543227779 0.325388576441 0.478109758203
0.236704383594 0.813013143211 0.030184534936 0.453068698648
0.185069259666 0.360480560352 0.928793682847 0.356447951963
0.19578919041 0.857171109076 0.176570890976 0.236881098287
0.63848492352 0.543206163911 0.384731139705 0.221551196754
0.0564244456257 0.712390068193 0.638102007197 0.163143161624
0.200950818607 0.342899502718 0.644684716829 0.187176270858
0.153596789857 0.260708755381 0.0158275875407 0.122698177732
0.602941802687 0.712063301327 9.32528097196e-05 0.355607007643
0.400983065467 0.0585394197184 0.772974539918 0.332962159497
0.602400519396 0.915559352894 0.915412051073 0.0995451923605
0.462851476239 0.200435930445 0.203285056793 0.412787502325
0.799897490969 0.263295528306 0.000172242186798 0.23285819517
0.247931134024 0.316100605192 0.00218541892307 0.174897906868
0.379194296063 0.588835784289 0.999667849496 0.102975976258
0.370358794746 0.444411992226 0.289525914785 0.266726775045
0.521656847518 0.73807650871 0.759188065721 0.323209047797
0.951935779582 0.154865740952 0.114095385982 0.385650889311
0.759386962049 0.651847105925 2.36957233804e-05 0.478842831428
0.241457583344 0.353881157438 0.912331776271 0.121725069533
0.436150690074 0.736814613705 0.000184857978401 0.394801398409
0.994832706708 0.533441781694 0.027423422185 0.265104998837
0.11743631389 0.727582950426 0.171872544179 0.387380197655
0.202943176932 0.745525495266 0.00642921505773 0.330410942545
0.764897742874 0.365848281925 0.427747469591 0.204563654887
0.339526125897 0.254037511123 0.0267532885132 0.487076190199
0.442466620992 0.319857064555 0.996188780627 0.222889838564
0.841579104751 0.0280347295036 0.587205828937 0.239421766371
0.449442798491 0.764460154711 0.529556632549 0.0899510649791
0.823469628114 0.737355497755 0.0944146608422 0.4050368054
0.344797471464 0.190851080709 0.645214722768 0.323759527278
0.581215777825 0.0593037012971 0.322902405434 0.20367994364
0.16203555742 0.549716565775 0.170336033412 0.376787102126
0.483955404877 0.81877691417 0.0489450213119 0.476997596829
0.319098276571 0.641178295108 0.000194375707769 0.325923905592
0.766709117867 0.25264277337 0.00245885002072 0.188577219846
0.600332736523 0.18436187769 0.562222612377 0.274738369939
0.288149737895 0.151933063005 0.0182142034897 0.536377913333
0.649775764205 0.797586163511 0.838071744664 0.213191938459
0.803577860216 0.433336360001 0.235509156918 0.340553068958
0.606580163238 0.992011871284 0.947390243863 0.0876538635744
0.865200383027 0.290118481473 0.0605366780389 0.0764439261183
0.685349931425 0.828451209947 0.121464077956 0.289869776251
0.375113217053 0.994617325375 0.4445668431 0.391742193254
0.941597923291 0.807865999118 0.0487060057003 0.510027492657
0.933909682606 0.977353785181 0.231211983087 0.583231071147
0.679407580877 0.876798549166 0.0219508520916 0.343470787281
0.171814151161 0.523994066655 0.802501562665 0.169032405956
0.439964831616 0.493394572582 0.00142288550494 0.248227184351
0.0519549699048 0.677279310476 6.71759312096e-07 0.282970176656
0.116128020519 0.656154358241 0.927453718709 0.236714736086
0.773165564066 0.0411677621905 0.412515731792 0.477210916742
0.303814973863 0.840908016032 0.400330219631 0.167304239428
0.949507130437 0.899257856607 0.356091162072 0.277925871187
0.20645488994 0.0386903263544 0.601487805695 0.146135456468
0.608214403138 0.613213896044 0.957951826645 0.189496985087
0.342349986755 0.29787308861 0.846476330753 0.237972833787
0.952108856133 0.378600148521 0.435466378886 0.446444841145
0.775109980868 0.140151549897 0.479056156206 0.192263686247
0.47450125115 0.414503478586 0.908096427816 0.349811851154
0.691732452688 0.336659897565 0.17632989754 0.131935405009
0.956941091606 0.812526466115 0.849418911877 0.143143336761
0.0607866223381 0.859111258685 6.75192069881e-06 0.812986143994
0.285404754831 0.700838634974 0.885557060837 0.255405721678
0.377053660893 0.877981937809 0.439665771931 0.254937183238
0.131425182092 0.112168999462 0.252065677825 0.432058415455
0.199217408349 0.395664677418 0.0207738062466 0.209419689697
0.974141387797 0.695704794752 0.0671466899374 0.460460840371
0.767068045826 0.902030300601 0.645749543946 0.0990988231047
0.039648989108 0.114413046786 0.0192296042307 0.559008208053
0.243112656315 0.65588815063 0.577968953023 0.164973509077
0.891188545111 0.836965722713 0.0130754434819 0.627400240663
0.69347011821 0.782807067983 0.937762182734 0.184954217729
0.645905257697 0.755574496741 0.404125151728 0.276667579376
0.663835917884 0.561378056759 0.738930961226 0.260901880433
0.313546738603 0.80635704122 0.451162558034 0.224496944363
0.0459482858394 0.107850567602 0.0126125411938 0.674675102895
0.813639693138 0.741761270031 0.38737795192 0.218707724437
0.537634230332 0.633697964722 0.0242037745044 0.253111201861
0.866117918475 0.927754238306 0.198323696022 0.38815466973
0.730167145551 0.656850939903 0.765753615455 0.333110561262
0.594806771191 0.199579362223 0.0111790756205 0.343177267506
0.154387075273 0.463617318541 0.0130281214183 0.462799479387
0.86365400684 0.743357116845 0.690823461265 0.361261945665
0.446751384164 0.169041303436 0.545365421823 0.308144509235
0.656209829062 0.862041879998 0.243048449007 0.216776085523
0.809672337081 0.948936396641 0.651452472802 0.31952710383
0.914541083404 0.624047255688 0.0115939842322 0.274283200824
0.788186618675 0.546694776952 0.935861511623 0.223454296876
0.981409157151 0.309008533058 0.760640654817 0.119573748864
0.158880781537 0.156284173717 0.0332341887 0.294033294172
0.777633137889 0.525004457923 0.435983890428 0.26530782434
0.614509336755 0.154827995176 0.13775731303 0.212987026639
0.469764187493 0.64002243966 0.613139363488 0.262223488814
0.328739792615 0.840651649201 0.101724796058 0.279641163807
0.86978241267 0.950935131613 0.116999508309 0.447606683369
0.212245131038 0.608007639779 0.432908698921 0.100259324027
0.333540231162 0.778129024668 0.0459507273061 0.359250540103
0.0713018296673 0.353049726364 0.181329426255 0.431679849277
0.246040098495 0.149629219601 0.014900073865 0.325843177899
0.779458610736 0.502366902381 0.925508519736 0.269553774899
0.873557344115 0.292415610509 0.0212566339333 0.568172009033
0.38243758623 0.308115589695 0.0247324369684 0.261435187071
0.327488975937 0.262739665118 0.00685217477996 0.3363628965
0.194350468278 0.503934960166 0.640509529086 0.265178120903
0.344184154793 0.019814576328 0.155362322448 0.526292338392
0.579226642065 0.573008330413 0.938639567362 0.26827223075
0.770055894676 0.666125509456 0.0420481726098 0.164710195463
0.367552344447 0.0746853704312 0.0738634373335 0.445934295689
0.497206832564 0.727823556729 0.0302323726168 0.148910583774
0.142823323291 0.208249548702 0.035585185486 0.0845292172158
0.589221812332 0.589545208595 0.572689729128 0.319954312945
0.452140510993 0.930989985229 0.0357286930127 0.448737815135
0.491426983833 0.845863519595 0.537832956715 0.166957519263
0.804129111899 0.363508533778 0.0232014292514 0.524320512984
0.35563604466 0.35799675561 0.73137094863 0.126286764355
0.330643049996 0.116672393078 0.0672081558581 0.463375454478
0.706352059245 0.175912365792 0.888886382628 0.254794371732
0.170620744872 0.218229264073 0.424627602033 0.182032422653
0.207418938973 0.532413296767 0.507298393294 0.134246051832
0.336037965078 0.737425410256 0.944578414128 0.19859377101
0.590696328962 0.396138983143 0.15087746435 0.347887730619
0.831289657488 0.193796132342 0.882584145525 0.236613797549
0.428434861352 0.51979243622 0.377329459492 0.195526146645
0.939365859198 0.511592611332 0.76895883661 0.324382822098
0.144526101065 0.347009023967 0.297568544135 0.51137343861
0.813465187207 0.107802503969 0.0516554452691 0.877770602936
0.921305689279 0.294244869644 0.24130692283 0.441347570965
0.504536063781 0.436658795628 0.036060576238 0.0747884173508
0.103282745237 0.0770578047407 0.0811291227591 0.390125978502
0.258077355564 0.424555928269 0.0851999069004 0.243764143579
0.947623913523 0.667686801104 0.990932069854 0.332524905333
0.460519004819 0.667710269148 0.856338250645 0.203183249182
0.720185438096 0.290545075287 0.0993276114487 0.266599670711
0.509732302586 0.555172905582 0.00310913629686 0.399819014254
0.611522125144 0.65665494768 0.0314482745529 0.101593582925
0.823853460743 0.152607384202 0.0418789370416 0.396898163196
0.931042489861 0.690994489271 0.295271559503 0.376279875287
0.883725032187 0.568546319124 0.5403301128 0.16351444934
0.472967189575 0.359873136676 0.535482227721 0.243737325612
0.243294445717 0.475848431018 0.324258622479 0.360345754646
0.55405824261 0.306741297218 0.463674346328 0.331188273912
0.352159430774 0.557395330599 0.806528791608 0.294099750688
0.644751557102 0.722428943825 0.443775163468 0.151369630137
0.471667505469 0.0352007549577 0.695072983495 0.162805211404
0.147922378156 0.857550661762 0.282377044261 0.497235652764
0.404776441941 0.00754420242516 0.604937695344 0.399100067378
0.706863926544 0.940525717134 0.0791309280966 0.369041956012
0.929272332094 0.259722497209 0.314559759957 0.431279564687
0.969549783791 0.408421935865 0.00209053969022 0.254835737131
0.63591704173 0.207365572861 0.682247663624 0.17411098993
0.936485119047 0.381918372323 0.000359172937255 0.491120275821
0.684249326332 0.778922443143 0.439246411343 0.189136798072
0.439679510055 0.558791976968 0.0744635966527 0.0833368885756
0.577425025264 0.470889094564 0.270394252631 0.241317868591
0.465711692805 0.698758358363 0.811425965833 0.215073263372
0.418596353588 0.284413503302 0.847788341535 0.31861590885
