0.540760637224 0.846742141677 0.999998427566 0.50666358926
0.615104507013 0.704897038238 1.0 0.318355780801
0.870609901128 0.467153038841 0.999999999997 0.707909760739
0.417954930083 0.448072851342 1.0 0.462040288606
0.694405276973 0.0577243731162 0.999505203064 0.666490189261
0.448942676041 0.466635392541 1.0 0.363401420994
0.605576344892 0.493554866613 1.0 0.331500863962
0.325617598035 0.43354423593 1.0 0.606978838134
0.558122281563 0.288632745275 1.0 0.37862269567
0.342135080178 0.382684349516 1.0 0.243363507802
0.264479966504 0.531131597501 1.0 0.536347943324
0.334938448086 0.879392574762 0.999798655828 0.685957242271
0.381456411894 0.297666556027 1.0 0.437395554932
0.763489643182 0.379364251085 0.999999571961 0.465601162395
0.599024310263 0.32453875516 1.0 0.391253294317
0.776212222887 0.313677936959 1.0 0.616256024649
0.381493304084 0.547035187971 1.0 0.502897128477
0.72235955836 0.591538712298 1.0 0.288381967723
0.648791274388 0.151011927238 0.999994045909 0.405189308826
0.641460620698 0.375757027765 0.753651098497 0.383398545632
6.33510864906e-05 0.221513376668 0.940927628009 0.4886133695
0.493980911138 0.589637382399 1.0 0.372401781128
0.228911443608 0.752202768105 0.862518976687 0.269843761533
0.972532796877 0.477364721209 0.999999997599 0.419650422457
0.361566436627 0.272082900455 1.0 0.486108996345
0.924787101318 0.351491552989 0.996447002646 0.3806756294
0.765561164943 0.801972876309 0.999999766127 0.595927178977
0.485909043876 0.750926567913 1.0 0.49027523343
0.040473666436 0.320546860212 0.99792850124 0.575116538878
0.509514424378 0.460339789978 1.0 0.327507323334
0.44144557258 0.253273747212 1.0 0.296057237322
0.450678107738 0.532343919903 1.0 0.545455541797
0.273142475228 0.725226510456 0.999896255652 0.541425252972
0.157799823113 0.473546977305 1.0 0.584179387363
0.13896406847 0.398774945842 0.999951180686 0.436332207516
0.407439717696 0.612435690139 1.0 0.582011958787
0.424085211784 0.597622379213 1.0 0.378394896578
0.385153952721 0.557011234936 1.0 0.239249392579
0.883405201108 0.625710934684 0.999999700214 0.559010553225
0.521970255157 0.302109723944 1.0 0.238326552738
0.680735767563 0.419096087657 1.0 0.58010664899
0.369039616911 0.576670337279 1.0 0.280106581506
0.232079981779 0.360086947922 0.964860711019 0.272383662946
0.45021887286 0.436132311162 1.0 0.33069843715
0.620387685192 0.49743095607 1.0 0.495030680755
0.392935847141 0.617789461148 1.0 0.467157277239
0.278955513903 0.541914683032 1.0 0.570793681405
0.534108732899 0.745984722359 1.0 0.421182007258
0.779290058397 0.265536402737 0.999492524819 0.51094348847
0.601193412188 0.59481369274 1.0 0.424920500041
0.0443480921993 0.147979353131 0.851967190875 0.565088863183
0.66532649221 0.469977005071 0.999993993423 0.351752540388
0.651880801548 0.883035675721 1.0 0.355828085353
0.872976745934 0.51024457416 0.988616767498 0.343847296563
0.3287310485 0.396663573179 1.0 0.393612293912
0.607033452979 0.434285093516 1.0 0.568030876757
0.697568954113 0.22117751113 0.999999502335 0.568649012956
0.32869307505 0.20550995269 1.0 0.294448092075
0.644433106446 0.501242917788 1.0 0.52344211192
0.481264324021 0.817535103793 0.999988750724 0.871198115709
0.533850486027 0.317472197398 1.0 0.484690697626
0.459938222816 0.420028483357 1.0 0.314035369309
0.241731329343 0.653811904391 0.996820648889 0.527977721141
0.516389015947 0.134718278649 0.999997569075 0.366647221906
0.795770272268 0.567045062422 1.0 0.475671773727
0.144571155928 0.722987021584 0.999999956542 0.650238129842
0.409731523895 0.621382608637 1.0 0.421913888663
0.312942062243 0.365674033827 1.0 0.403842508371
0.593950451103 0.709090856792 0.999999999988 0.544084854495
0.403134376836 0.352634786539 1.0 0.416303183814
0.636107960986 0.509423921542 1.0 0.468140855357
0.0196028768869 0.674890716139 0.999999999995 0.616829078446
0.815703335619 0.356148462664 0.999999912285 0.455665155677
0.292019621307 0.499514762016 1.0 0.333761798526
0.00837827878364 0.381553299756 0.985841818247 0.58178656615
0.430847691724 0.342493784853 1.0 0.281318808114
0.296539830778 0.519497966121 1.0 0.64344868722
0.865056959203 0.669502911202 0.999999999846 0.548316050679
0.171035948433 0.542194348532 0.99999999147 0.257622909723
0.518068093903 0.772752288447 0.999999999995 0.40512830956
0.264543978569 0.403818353937 1.0 0.634532503296
0.763030849193 0.712179313607 1.0 0.583426382695
0.848415784713 0.672336640257 0.960646008642 0.607783010514
0.410318816166 0.193559964451 0.999999999951 0.469685958019
0.596056467414 0.456569838221 1.0 0.674994141925
0.208625489708 0.226402258353 0.989285035239 0.411289939412
0.415087803944 0.576395349499 1.0 0.48781223837
0.810748191848 0.960893567149 0.965646256406 0.511547491684
0.376962014876 0.745897921607 0.982969877582 0.37738806108
0.502228300364 0.392651340392 1.0 0.340364525504
0.691372401119 0.490882972799 1.0 0.562421816918
0.515925066592 0.625194477025 1.0 0.468323032632
0.321701398352 0.650479769064 1.0 0.445453215382
0.631693606783 0.527595502755 1.0 0.422902019641
0.619399658817 0.071321283811 0.999996791005 0.248976257629
0.442997258926 0.199333332796 1.0 0.357817481154
0.673573130637 0.505678126692 1.0 0.522515320112
0.531704832039 0.677864071131 1.0 0.295989093561
0.198699671561 0.163674758612 0.999999120165 0.768549058377
0.266852826026 0.551118492987 1.0 0.436380835302
0.776047521975 0.716867833866 0.999963750626 0.509040775396
0.526263402681 0.324312488141 1.0 0.36146533246
0.870510159747 0.744702220843 1.0 0.635069367256
0.562218501621 0.588664931632 1.0 0.294553282636
0.792367653665 0.391580175198 1.0 0.502054363032
0.677729022012 0.614948406435 1.0 0.42267825678
0.627191373243 0.667637343313 0.999999999999 0.561006702422
0.516793084909 0.900727677625 0.666131472308 0.383612290272
0.292158022799 0.322412849513 1.0 0.336863022741
0.394306546821 0.560504360328 1.0 0.317628866724
0.451867418066 0.407893863384 1.0 0.281381843131
0.70253962045 0.352045079185 1.0 0.329912918048
0.497072798062 0.498945385552 1.0 0.229363158879
0.828578962004 0.568810858365 0.999207047783 0.535627337533
0.501677457628 0.529792256499 1.0 0.302121153075
0.647627558524 0.537868437333 1.0 0.366542779492
0.549105314187 0.601499309209 1.0 0.391355191151
0.585977819634 0.41016225276 1.0 0.295986869646
0.758117357158 0.207652826776 0.999999999802 0.384435089061
0.701212781424 0.481938268203 1.0 0.427345154983
0.0245519118155 0.769887016383 0.915662231174 0.334244896661
0.439343387891 0.786986117445 0.999999999995 0.767789941752
0.624774795397 0.487211679919 1.0 0.538494556502
0.179278905536 0.217130400101 0.999999999989 0.640412829344
0.578064584311 0.260190122061 0.999999997684 0.516134043365
0.806829722444 0.374617731784 0.99811200275 0.453109992058
0.543881419184 0.441486706247 1.0 0.351969181486
0.699213446318 0.556941207792 1.0 0.240040401826
0.249085199684 0.411779169091 0.99999999455 0.455005517619
0.754569868535 0.328834586359 0.999999974445 0.356084538654
0.384124678925 0.541681401816 1.0 0.231994310038
0.408352920676 0.707780169668 0.516490403609 0.0785589044307
0.461810993595 0.302852001414 0.99999999992 0.613990668373
0.410194263507 0.338575268665 1.0 0.384506959339
0.508691042909 0.560757311366 1.0 0.422331445362
0.245358272039 0.827706658602 0.999999811167 0.36570402709
0.59778168917 0.328220307644 0.999999999307 0.26086597874
0.575537706274 0.550458588552 1.0 0.279238141926
0.431135597885 0.567200314641 1.0 0.370036220538
0.17348093613 0.971482529499 0.999981693817 0.633589227887
0.789004927174 0.532744302948 0.99999834221 0.560636565522
0.578330483769 0.335740435733 1.0 0.296764177788
0.567988324848 0.444306058607 1.0 0.300780060841
0.810921740199 0.696101809692 0.9862114558 0.308050580544
0.737487986311 0.176348535604 0.999999999999 0.309972765172
0.424934562117 0.600608900099 0.999999998454 0.273072606729
0.72374876328 0.562616525112 0.999999999982 0.5771379687
0.602043055154 0.348015281361 1.0 0.412407361213
0.413298375234 0.307313251872 1.0 0.416699151856
0.586394775378 0.488735847898 1.0 0.382840546577
0.624206093033 0.528930587836 1.0 0.208051607256
0.605479530345 0.570047859708 1.0 0.653187035798
0.829986170705 0.348242543732 0.978006967722 0.518960142929
0.469108990962 0.831992040554 0.99441650976 0.431282349938
0.353135338909 0.551089173597 1.0 0.208423783851
0.564282036218 0.447557147979 1.0 0.491731633302
0.460091656451 0.512240428183 1.0 0.513321896859
0.594611454055 0.919854351226 0.999999840734 0.533484448468
0.504576857663 0.37547352508 1.0 0.475101197677
0.424564510943 0.346401302111 1.0 0.17583188369
0.665635807679 0.672816911935 0.998510521031 0.403911121525
0.53201788682 0.288334838456 1.0 0.278537359441
0.222238150675 0.247045353887 0.999998530222 0.534415209727
0.62945976264 0.501453545343 0.999999999918 0.403089467146
0.436288501076 0.479376386147 1.0 0.208759435474
0.653465652924 0.0754338388826 0.993231416606 0.684119776617
0.93614233389 0.45846589578 1.0 0.389198739155
0.632678338263 0.534720284115 1.0 0.413919544197
0.426410518222 0.672254814067 0.999999954789 0.400701287168
0.325679478384 0.168285567071 1.0 0.479104815185
0.318691634147 0.718895314608 1.0 0.340898047039
0.83066830463 0.632321307598 0.976228857536 0.711863020634
0.74626228664 0.0470207139847 0.998748339223 0.648268049916
0.3774588702 0.586557824367 1.0 0.497482621651
0.303185536973 0.454028001196 1.0 0.496986766767
0.374077910608 0.742055364232 1.0 0.546266200053
0.576342252989 0.513253947279 1.0 0.427840511094
0.463285184817 0.503958426709 1.0 0.394203499258
0.442261574472 0.843290387902 0.999999999995 0.254564354289
0.478169522126 0.153550442704 0.999999987439 0.581559437773
0.623040736002 0.244678605524 1.0 0.337010660903
0.286600216194 0.113908169465 1.0 0.306466087255
0.270555026072 0.61697003364 1.0 0.565590969798
0.783637123137 0.987087982658 0.988502905614 0.509248674382
0.275646127915 0.330688530068 0.999999999971 0.650257496952
0.424999164282 0.264710304756 0.999999999988 0.470154708561
0.349283449761 0.259123873647 1.0 0.319962308834
0.561009420646 0.31394221991 1.0 0.463106380178
0.754916652961 0.314321882871 0.999990767714 0.190470484785
0.10252211408 0.45046143528 0.999999999908 0.439584368859
0.428606512024 0.816301462825 0.999999893073 0.493219647616
0.511295662636 0.754726320467 0.9992092988 0.560729286964
0.731424234434 0.482816313975 1.0 0.244123933034
0.431225312057 0.471585466768 1.0 0.51982457479
0.270847953136 0.171943793149 0.89744732356 0.483656917479
0.447677607858 0.526700680811 0.999999999999 0.291538247614
0.50513843866 0.0389956568815 0.998632361626 0.511211766202
0.280273429989 0.196140646583 0.997393793061 0.307471954699
0.660583361626 0.609064298928 1.0 0.375374211296
0.754310282963 0.0988862429144 0.996059471988 0.58242139228
