0.46405265556 0.561512324488 0.99748982211 0.289049585017
0.46898226149 0.126406621281 0.0589461153188 0.341467639009
0.456963744074 0.0162847682749 0.00188190695057 0.467706231023
0.463393446348 0.318486105633 0.00010410898002 0.223335300885
0.426563942082 0.745593762802 0.000862174632276 0.0700364839817
0.880428684236 0.244955826337 0.25274963517 0.502009455117
0.18404617414 0.919384510017 0.402107255863 0.229804289561
0.189797769622 0.419103550477 3.56505416731e-05 0.324262429943
0.736004342838 0.14140879895 0.621825074837 0.355300485403
0.402973356662 0.61527518529 0.0128896573076 0.259266377237
0.566088593336 0.41480849685 0.507636529951 0.170412081797
0.50045507523 0.942184034561 0.00798234714186 0.843844667636
0.230302545327 0.440948574582 0.965044059624 0.159234380773
0.949049763704 0.50919724689 0.982473036275 0.228720074292
0.289331616057 0.0342470530937 0.909512560093 0.279887582734
0.548110868601 0.346216077829 0.344641485501 0.159040553165
0.816808125233 0.893144257071 0.00350303376859 0.295871312803
0.750039545169 0.131179700718 0.0152675591347 0.113016092286
0.637725579297 0.376825578284 0.670396339174 0.34564449634
0.432575746392 0.0197812417415 0.586098791382 0.342203957912
0.628462538622 0.270620790072 0.495192904661 0.223007368045
0.253787553067 0.739199511181 0.144012737261 0.168093228148
0.0107712618927 0.322696205477 0.021377006221 0.614031266381
0.175474161817 0.155533248652 0.517416708465 0.209494397933
0.735560290342 0.0416110463973 0.159809894242 0.318177044061
0.994578265236 0.293074248838 0.112784528119 0.701540329662
0.736908361138 0.850395766416 0.00271000153361 0.4272689257
0.978048398593 0.50148093047 0.045732755377 0.469763204294
0.657712711888 0.445336100586 0.00394232093048 0.154691371327
0.582721082722 0.23626366929 0.972045981782 0.335282506043
0.628065834044 0.316119078793 0.409159764757 0.267874259095
0.804362397409 0.582782197004 0.726431664443 0.208882284789
0.904429103169 0.53809051066 0.71318019003 0.38559169018
0.91197275583 0.649077407643 6.28027613237e-05 0.484715857629
0.0795545365975 0.554767562233 0.356968603838 0.28112334388
0.509086981339 0.502914456575 0.22956063513 0.222602792701
0.492272293206 0.642383461894 0.0490152698342 0.13566056898
0.531276636599 0.161923109462 0.0261864522813 0.145216127452
0.687343417147 0.40967810053 0.263887625124 0.311990713337
0.967597802825 0.931671940998 0.862906106035 0.142057326855
0.54607096078 0.871160461592 0.0640305217583 0.469242147622
0.473508730812 0.5490864789 0.355959166318 0.24229616251
0.40671399217 0.073975485477 0.0417563796629 0.496384469068
0.729299226004 0.635101808203 0.814494103499 0.229226620277
0.758795718477 0.50405345938 1.32437354704e-05 0.177130268997
0.851192237265 0.329492318386 0.314105461828 0.252236531476
0.948723542992 0.154062865991 0.880013596425 0.168880458163
0.231791260894 0.92808755913 0.0467908405742 0.496575396908
0.309140229999 0.494072443233 0.327516534675 0.0994237749526
0.467458188445 0.60901256592 0.168800134253 0.220637948436
0.474920430756 0.0931080229232 0.284513248935 0.374846631251
0.198271546544 0.152007475096 0.772171874378 0.255349565656
0.707747500057 0.632377697402 0.668286388552 0.128503901661
0.754789365798 0.155053478901 0.122761213816 0.220640021111
0.428614278752 0.0347505009223 0.823775268879 0.299134642187
0.779015791332 0.986824186938 0.482606251779 0.250863958341
0.324284565503 0.944764890188 0.671102978392 0.11834854078
0.474368693927 0.332667004646 0.330535893181 0.309480232776
0.524502420072 0.132282812764 0.542453471972 0.35767996778
0.195614029478 0.489146259194 0.00129192412282 0.171082451151
0.162102809827 0.575825036418 5.60372594888e-06 0.396736878078
0.726703681642 0.757007605028 0.822823674042 0.285534122462
0.87972700536 0.874611919936 0.391054885872 0.192666747525
0.273331332509 0.883344660666 0.999779278623 0.19649083758
0.252837791436 0.198446689446 0.796206140797 0.133616921806
0.991248660067 0.171692288322 0.0341379474661 0.305611466475
0.526818440495 0.359204330785 0.291479446113 0.111174554764
0.353738758282 0.530034066106 0.973266607935 0.0945615814312
0.0234368724327 0.202103321993 0.0192559221218 0.738587720659
0.762764078441 0.806230734097 0.987966383886 0.224451377725
0.772331461257 0.631070387688 5.77522137139e-05 0.43165715972
0.0397869395097 0.307325079044 0.0608611283759 0.582318189359
0.770410025115 0.748824199428 3.36473119193e-05 0.455279190048
0.944095774053 0.24199304735 0.242975601979 0.0960340759365
0.80843614513 0.888238732857 0.000553471686424 0.581134334252
0.793186701329 0.99151848223 0.950017415067 0.11525063441
0.921997013672 0.382950886517 0.634108346447 0.25890482587
0.142306773302 0.373501949642 0.657043226387 0.260040461898
0.203906659628 0.755683043272 0.40676597092 0.397033745113
0.396375981669 0.497096083275 0.824723958095 0.152748651579
0.140458403532 0.338169593448 0.756045930101 0.225152023183
0.309584979057 0.362965193984 0.128945146148 0.388196177027
0.407008588986 0.632248570532 0.331123646351 0.284079096567
0.516821826471 0.683386914943 0.0230780096487 0.0527470298281
0.770594091918 0.537147360886 0.117956575419 0.448887638844
0.911650795495 0.736142582819 0.000883332652952 0.211684067892
0.307851824902 0.79707052249 0.00204335008458 0.252094206879
0.419844623708 0.410239790497 0.706091745026 0.0971802548326
0.881898093382 0.571351471616 0.978560081737 0.208611064682
0.0770238206772 0.0185748109103 0.157608903899 0.564419695914
0.296090501344 0.669222568848 0.502902344809 0.0932130410223
0.206862610787 0.599908191556 0.594557234547 0.185694157872
0.463926791536 0.452018423845 0.971385966972 0.20555282574
0.372297070056 0.193951034595 0.00113637131576 0.312640636061
0.974782826357 0.889567923166 0.303185731738 0.302786079717
0.605493269628 0.140428592279 0.998091655519 0.227544650578
0.249489707554 0.689964467524 0.119410424245 0.642019575535
0.792027522197 0.988264771075 0.718053527527 0.260496994118
0.818891526812 0.578313763144 0.00133691007731 0.382951899394
0.270110455386 0.543279400182 0.776713528634 0.334493539858
0.227261741122 0.839951326917 0.913801030157 0.241103352085
0.432992449457 0.612135111498 0.993885456802 0.137784072874
0.611549592214 0.0814262833683 0.264424992618 0.505206021156
0.454578336305 0.0860056906582 0.00967749542141 0.519774463593
0.901643380162 0.186720787162 0.623314586263 0.128541416008
0.635205145719 0.49792767992 0.302799486996 0.364396518802
0.702454619608 0.736045236427 0.00897479402427 0.316433336071
0.349457953206 0.31327103314 0.0813903769627 0.267790797643
0.309415276244 0.865175878502 0.108877972531 0.287252038834
0.79854209599 0.686124335311 0.121484835504 0.419853055334
0.647778036378 0.123800811714 0.981705005827 0.232880897693
0.763682200663 0.437693157083 0.0521851770646 0.449768094054
0.669672622002 0.465715963808 0.177426822282 0.165333683168
0.395237966192 0.797986391948 0.378053221916 0.206051378069
0.329615500765 0.00518858547057 0.479491046272 0.263068321454
0.417555755133 0.37903413581 0.10803292647 0.175036907271
0.147015168575 0.105586932384 0.202880828001 0.305451386019
0.211545810191 0.541278337028 0.965699081095 0.358985240125
0.748164725896 0.0874892241287 0.876025591931 0.171154182273
0.704906235621 0.429857910673 0.620269995584 0.183705560136
0.437314957149 0.562394264436 0.58856903301 0.13029436855
0.490602900499 0.908957814019 0.161785753291 0.276465024295
0.640648946336 0.738210096312 0.000616199530394 0.197547009747
0.58036596064 0.0780382407347 0.00030373279822 0.262024979269
0.686067969062 0.766189975434 0.292012192401 0.369085495957
0.612153557759 0.517315506601 0.0321790813586 0.450507817793
0.740074739216 0.52071108512 0.965484067896 0.0686501451976
0.381501343701 0.666589290433 0.452108794951 0.218010806152
0.791145554996 0.149728247485 0.00627379070727 0.567274611692
0.914664608108 0.207957529511 0.97553260634 0.333813993334
0.761572012593 0.348717492719 0.49214845313 0.303616516464
0.0663668920691 0.658502146109 0.120556524393 0.207705614331
0.383081556479 0.188677707646 0.94749204674 0.122532092479
0.743443812373 0.0350058130025 2.5769146309e-05 0.641996834519
0.751844604955 0.532361725793 0.746904370189 0.192431785484
0.659101432248 0.224633503149 0.859144286517 0.187047648647
0.446281436625 0.185787603945 0.0179718976246 0.469204227632
0.0868471014252 0.176306834826 0.0981857474505 0.563561637957
0.433252133434 0.568256842857 0.00526388398221 0.208135463484
0.782562037446 0.156792557093 0.346780497727 0.390058057576
0.280829864402 0.513271150019 0.611923716364 0.265356119158
0.901510328859 0.612393818296 0.137655501805 0.696459998203
0.369736086531 0.124227713197 0.234363818119 0.4751214496
0.217565334364 0.566875660476 0.932878919035 0.279325080157
0.739290713981 0.145188905997 0.985570436217 0.107068717966
0.121454963188 0.433931675256 0.429642343913 0.320806487119
0.715039573306 0.235805665453 0.848061757171 0.274922167679
0.230097301678 0.113164376255 0.0827928468669 0.501361785367
0.399627527574 0.903609803317 0.00017004359373 0.410377365921
0.363132514519 0.253352102533 0.687883735873 0.154879629556
0.485788400563 0.196908287949 0.834738248742 0.173623842333
0.32495563945 0.3013386097 0.104134904087 0.273665252163
0.219292675122 0.285223535547 0.0199190696766 0.172366225373
0.23887244418 0.893016172297 0.136946485198 0.143510299506
0.696157191933 0.134224052453 0.964816724277 0.158284229857
0.808865591317 0.98336541702 0.12135358066 0.466298253874
0.538928846372 0.826534742769 0.539185995266 0.399934462254
0.784015507925 0.560453961817 0.222347507184 0.280795463137
0.7498681879 0.385941378687 0.331828143831 0.241227274786
0.441877499817 0.258179080603 0.177009106291 0.237467256958
0.459140734564 0.529495156494 0.00571451573724 0.126161495799
0.0862577420455 0.255379531312 0.826195064066 0.186359704307
0.769600841955 0.927112696189 0.803455053293 0.303201257046
0.961739070322 0.57612368697 0.356306823405 0.30836261655
0.428958338587 0.302248948206 0.930956313789 0.172282294764
0.188769644593 0.136118134135 0.000237568242354 0.422233183603
0.751883848692 0.392815772807 0.00814248087801 0.279343329243
0.358803916817 0.682711563672 0.419099473706 0.388870788351
0.842059969638 0.788560042626 0.707350694857 0.261227653439
0.798394242 0.729825575229 0.0814954514119 0.570419261364
0.130575767227 0.0244140039816 0.135680866862 0.458747151266
0.215628330049 0.0634088218371 0.163541181895 0.35995717572
0.559663013178 0.297175509419 0.67814258877 0.204731780059
0.291933746774 0.473917228129 0.93752128865 0.249658346684
0.155862215473 0.330384974178 0.9793892279 0.0912119512091
0.553962240027 0.147028796981 0.0011962973035 0.306610423788
0.444039449303 0.428708230899 0.731269338836 0.120625694805
0.142635772364 0.850850652898 0.0320764209082 0.701088228796
0.513273827887 0.553555425763 0.798383607464 0.133213169432
0.356529426371 0.546737142542 0.000190987932353 0.146398834488
0.296720160638 0.681425272006 0.779536104244 0.174317451634
0.72194594443 0.689921180298 0.767741141779 0.230257096964
0.0274990561406 0.849333325821 0.967975861312 0.233649142296
0.928691364032 0.104697326703 0.924600286171 0.17433612343
0.317445959798 0.027970150147 0.193016321346 0.6563900612
0.272464955611 0.859147511696 0.702784525071 0.183890914534
0.0529880172088 0.705840833534 0.024384398261 0.382325952328
0.32262183184 0.294858767762 0.533107852101 0.19811378292
0.187168586332 0.49761891716 0.0269212300298 0.243452920131
0.808069236106 0.240936168487 0.00642513748004 0.454783114684
0.242116467511 0.499772221069 0.111135001373 0.292470770299
0.991966824251 0.489686793495 0.00303287266394 0.116815076773
0.351102962749 0.30114577956 0.560793790414 0.278986774835
0.339264635468 0.300573535174 0.787851134114 0.305248968155
0.573239884929 0.521645346507 0.00762694106224 0.211787126978
0.945218698951 0.669707204991 0.675433711305 0.117591196846
0.919373990212 0.194783813349 0.437590166674 0.343300541234
0.912115125494 0.858189289572 0.875726096827 0.118907167579
0.184704267116 0.879210260312 0.000231258820937 0.378281649814
0.935773971993 0.69326267114 0.0467700772289 0.316893167878
