0.996864532213 0.657596036565 0.706224749286 0.770152701093
0.272787093923 0.220853421149 0.975569885348 0.278231441933
0.649682313406 0.743929295322 0.445853436399 0.311575014273
0.223257321477 0.479858282316 0.999998728088 0.509926643959
0.195083264455 0.816834461174 0.735975465613 0.313490696147
0.325395331531 0.399825756082 0.831375254621 0.426519503298
0.206255111137 0.118827489945 0.654968941411 0.228360977696
0.258790617737 0.931522609405 0.953149552204 0.43616927971
0.0827805617185 0.261773899027 0.267493545033 0.267114341442
0.946819518653 0.771434809047 0.413604930189 0.613830033769
0.281864054855 0.447229058797 0.661869194526 0.330050022734
0.754609921282 0.899972019926 0.853976884575 0.524405634492
0.543097667995 0.66475930884 0.791079682053 0.365105567912
0.779277653377 0.0972947608277 0.285745490096 0.450789889049
0.728212099949 0.333561358379 0.98269622642 0.56044183535
0.771036082748 0.118690548647 0.988596946953 0.477722047021
0.483444400295 0.142208180348 0.27073054894 0.671754551941
0.62101160705 0.53531698391 0.832710079091 0.195449138615
0.12129983667 0.240680942861 0.660673622519 0.304032438258
0.884082661555 0.726168073144 0.0119188295723 0.144935551452
0.416893415757 0.860271795236 0.827403131733 0.608685760736
0.50287593802 0.180811951673 0.98827157877 0.18547642629
0.405034035156 0.196983489788 0.964598373921 0.515274360373
0.372359194918 0.380287643532 0.994043109257 0.0888641293111
0.132152882427 0.937027205099 0.0296694025635 0.824870288226
0.684532345371 0.301509455309 0.0445219802366 0.76277306909
0.408181787871 0.655574354566 0.788121128429 0.320945674111
0.681377955699 0.318569825553 0.334409960207 0.304602940244
0.781033143222 0.622091737634 0.9788034441 0.562868102343
0.572358679584 0.872603648173 0.998084852655 0.490787478576
0.491988203176 0.445936607799 0.33286809873 0.236738331301
0.842701417467 0.932487387523 0.420458956249 0.659868918408
0.420846507838 0.935430445575 0.991132098657 0.431257807215
0.631333153022 0.323775710952 0.935578292956 0.325298068829
0.212306351089 0.0368007450812 0.97904981534 0.218692121378
0.472777705259 0.561132179762 0.946658873645 0.356769316185
0.862908797336 0.735353001592 0.470626204903 0.318004228291
0.735355088188 0.501930808305 0.876061172237 0.218164451594
0.795035374803 0.3556267998 0.971692815026 0.363777858353
0.62244712195 0.370703174437 0.0533554098591 0.211759940546
0.0115546840503 0.52746791032 0.702595921871 0.465012460206
0.71087858101 0.711822269878 0.241615976544 0.331229744659
0.102609659278 0.602744974748 0.119350264188 0.426421203096
0.0508072046533 0.630247895125 0.744554312947 0.434933190399
0.370208798674 0.134246599267 0.787007658679 0.611697839983
0.194366355051 0.0796858428599 0.689699889639 0.191625325871
0.419260234118 0.501824489166 0.727241990624 0.284739223022
0.905123731019 0.306900809072 0.720431650863 0.35390854966
0.541565966458 0.20400653455 0.90674119753 0.287126991798
0.691015432946 0.293106737947 0.992550743664 0.515095694835
0.418617676521 0.361703141623 0.769801740606 0.166183541756
0.736716048662 0.38906731644 0.592408500757 0.255977359271
0.604937183814 0.225301263314 0.927232190087 0.257033678362
0.364425491514 0.591733202209 0.888107821017 0.3556250776
0.691947259137 0.132889042184 0.344944392396 0.444247079475
0.418234666832 0.341128243353 0.726540570767 0.2589392017
0.686224097711 0.0162481234498 0.275014587915 0.501426061241
0.210973277036 0.447277516278 0.514924437759 0.179668986839
0.0760459152181 0.964644435921 0.717204832384 0.663690106136
0.225818068744 0.66899033852 0.438936265693 0.448754922172
0.0591453610074 0.180950882177 0.384525704204 0.240682959817
0.761905185528 0.458067367018 0.668941995947 0.17481895957
0.811376272121 0.767063997566 0.894055032436 0.135398095364
0.651868496446 0.990859269946 0.775477212562 0.288203095658
0.218518613945 0.202134956802 0.632208108091 0.359931055644
0.903060437621 0.512352369755 0.996505720958 0.639932963249
0.808931779394 0.962214516149 0.97413937296 0.614061739938
0.520873024804 0.335571177568 0.935992376594 0.496244040653
0.988222299641 0.22752208899 0.0207707727746 0.480908669228
0.147863064292 0.576769129734 0.998711813225 0.447049404129
0.868367183941 0.154187949191 0.708739054105 0.547293855226
0.458882354804 0.583190195153 0.606974814684 0.340035504424
0.804213562928 0.49557225077 0.985280581812 0.460895145445
0.0942176969572 0.71625912676 0.95452969688 0.423797032161
0.770097270194 0.621591223515 0.677073384572 0.302389610653
0.347509989293 0.471737337461 0.940759852414 0.216608247959
0.544810823946 0.492918732517 0.53758884538 0.377484591868
0.32951910774 0.322715815638 0.917346239929 0.300029764965
0.22825314092 0.44851766557 0.157940955646 0.235995552926
0.370516369757 0.58442377468 0.638038908835 0.274081313818
0.733361497027 0.885070703923 0.452347022785 0.326092794153
0.247714436956 0.923719271887 0.976593345708 0.216390227945
0.781609288943 0.701973310106 0.175985322318 0.400116708851
0.730016037745 0.541064149418 0.846882742264 0.38702294542
0.10730652353 0.406306219328 0.9937045337 0.253440104868
0.33711068438 0.862329998561 0.0645653428442 0.216730064157
0.514667509164 0.684799607728 0.653832156291 0.28234797228
0.645663984181 0.186113819711 0.22873043536 0.517068500056
0.396904045509 0.531494621503 0.978607939923 0.442981331912
0.744116571201 0.651398696337 0.865463583964 0.579899069654
0.8070191267 0.431709319198 0.998792299176 0.419974221909
0.495780916729 0.0248467546397 0.99425835744 0.227242526286
0.368482464247 0.531016047574 0.0967223151017 0.300928889245
0.642811946963 0.327374791121 0.580235459653 0.253072825411
0.298819904047 0.0563846467556 0.419239250873 0.440533816566
0.786627428823 0.771278754836 0.883059523312 0.207539280918
0.558990230579 0.85928276908 0.979205505236 0.486823095451
0.441113815813 0.640352951765 0.642016317034 0.512312012254
0.755725247407 0.920691195182 0.998360113478 0.549151669721
0.497159959892 0.45801504102 0.785225483815 0.370433866618
0.446902760251 0.931820042298 0.047343742719 0.585250178963
0.267060572465 0.381392596799 0.917589141896 0.31405085894
0.371320283359 0.800878352125 0.854189385056 0.428171210456
0.526771176943 0.626932391342 0.130762601665 0.126350032323
0.50262030967 0.134229158021 0.473726402011 0.282361675216
0.658782347406 0.433781622932 0.649166262099 0.555461994291
0.257291185424 0.0415431447493 0.957497870734 0.365315428403
0.560738005559 0.812589818829 0.725681019083 0.221919571239
0.36199909247 0.403875862377 0.0764190774772 0.148347627584
0.55755610345 0.79077471131 0.913797265078 0.236432830757
0.448877515189 0.819038757936 0.544395265719 0.607759788246
0.586761915474 0.982022372753 0.934544404596 0.55837543628
0.964029437792 0.607169980856 0.997537011312 0.575168489463
0.414896721365 0.0328704214439 0.0435695717984 0.593093106854
0.732100208392 0.335064673484 0.567448216475 0.416695446646
0.463882951586 0.384046288602 0.69306264778 0.416896088954
0.412451298895 0.633644212468 0.636903797799 0.283772346526
0.979887547875 0.926938085827 0.903278820957 0.453497121871
0.539087380311 0.387352232806 0.987598088002 0.593362732736
0.794358008662 0.600335526418 0.984933536179 0.468874358123
0.790465230128 0.261730970248 0.087812006622 0.384993060441
0.676287116414 0.490570149032 0.754587723135 0.265209681388
0.306107898823 0.609587788207 0.992345967915 0.332750705165
0.519477244481 0.486978216461 0.62371690995 0.145708252593
0.986327391034 0.493566085493 0.94698960569 0.154240566462
0.530214410882 0.239947906745 0.950595301704 0.632675560303
0.28756641319 0.532047619341 0.985756158685 0.3347516675
0.516330204601 0.241226252216 0.0656292314301 0.479098976261
0.370419975078 0.842957315402 0.871774406819 0.512099490119
0.831731837302 0.744889206182 0.748835812766 0.216412381381
0.596794054499 0.824001980454 0.798100584885 0.549566036849
0.677883823553 0.801600715003 0.973612834422 0.491741985682
0.515875800858 0.0532412568553 0.996285977663 0.108067434349
0.823371607935 0.36918413817 0.934028660631 0.540332801709
0.242729090743 0.795797983199 0.0289292074851 0.151789740647
0.408189838585 0.759925750504 0.993356464713 0.34404741372
0.294903504654 0.91205151904 0.570063800276 0.389322506961
0.499515864003 0.759575094768 0.606611824278 0.261122753256
0.562755122733 0.718642323098 0.850672886928 0.158947175874
0.8850115495 0.0815716422877 0.954233908341 0.61498128828
0.493473000903 0.370054956141 0.997720565619 0.314928620164
0.563972748618 0.14521809242 0.475085280206 0.246419725068
0.639583133055 0.0592791725641 0.763632510567 0.306761006932
0.71510224627 0.704009641308 0.463010354914 0.31882985419
0.219227973503 0.155011320547 0.914226542223 0.175503346635
0.589962900327 0.265561267729 0.816059354597 0.353006425642
0.335419522907 0.879692194281 0.782687035268 0.249672145069
0.460119519115 0.494889495367 0.297252153987 0.282800946892
0.290513068595 0.262821691576 0.689346736276 0.178855397275
0.907774807224 0.24578407038 0.914037635189 0.259012361102
0.515489011604 0.653560052403 0.554920611136 0.306002062232
0.712509597953 0.147498970292 0.994444223614 0.301995502967
0.568500298968 0.0159092341879 0.66507109002 0.403441850844
0.734230218185 0.980864217737 0.91322147462 0.501601336298
0.799099026663 0.925452245325 0.232629832613 0.1959854589
0.930868307556 0.272237538676 0.731763271424 0.359333790371
0.758314689898 0.825359088152 0.999177951609 0.0728606598917
0.62558698533 0.522240819061 0.939529502939 0.272035781292
0.131174549041 0.492499940864 0.708252203246 0.359051491495
0.511500556698 0.28552449516 0.930411828482 0.464073683232
0.585028290833 0.388901391376 0.584063330679 0.207599873829
0.748850008705 0.335095447764 0.812300237356 0.428633088575
0.18723572128 0.512225497641 0.981969999557 0.631004017349
0.252737487118 0.607999767581 0.98179960097 0.334820691765
0.444414119271 0.534836606042 0.81492287276 0.400593909279
0.248151727322 0.686548575954 0.848854096552 0.430923827427
0.825793357795 0.511432263268 0.991794611642 0.230632279326
0.473470307798 0.0619050470946 0.625856125086 0.610706435376
0.248189464405 0.600808676757 0.850774340836 0.384550174767
0.819961672017 0.09377131142 0.99165206524 0.404995596723
0.566081027248 0.326911916315 0.182843509437 0.411977615947
0.494213764167 0.494939606962 0.993836499442 0.40908646573
0.420537555736 0.454706752345 0.519165166948 0.406821320532
0.285278472156 0.664316949356 0.993432468092 0.189422548199
0.563985000544 0.35735182389 0.995121120212 0.593068779986
0.490808137891 0.454889471402 0.982932389728 0.413873329608
0.629659760849 0.537544613299 0.999844730183 0.221441142973
0.711983212646 0.443582933687 0.228304567313 0.262066342769
0.909363377331 0.717924727847 0.996053667171 0.362366156988
0.605591401695 0.160419464138 0.509722151274 0.261240025577
0.356695582799 0.399521299011 0.996718884467 0.417478946369
0.543007702795 0.927110115625 0.843344422625 0.365332845202
0.879606629606 0.734548786821 0.93790837407 0.431489189432
0.329493156048 0.535210316428 0.998940334057 0.579352398664
0.534796018108 0.626616949498 0.955745216838 0.137582872218
0.874822279589 0.489523053063 0.995171536336 0.323410950985
0.903793589683 0.642533374871 0.336470507799 0.270380854872
0.677935109363 0.079996485408 0.439601709913 0.304555252919
0.542680744636 0.375452489194 0.979003386774 0.361057633841
0.580001083656 0.0099370258011 0.365777132965 0.313300916942
0.296345401498 0.365823520763 0.821313916369 0.336904066656
0.427512037186 0.136359164631 0.822216763173 0.495931612144
0.543228510635 0.221481047111 0.957736225952 0.362828761478
0.688075384789 0.175944054284 0.848169307429 0.122490869867
0.143718203423 0.607612608853 0.99230077886 0.653083920508
0.585950173203 0.490205287731 0.91571324232 0.262224974504
0.0441253913445 0.184299502876 0.591671616312 0.244557416983
0.671320000525 0.915688972636 0.230920486434 0.350432657036
0.603282067001 0.511927303154 0.832822101996 0.259823259225
0.0829320306591 0.599687974654 0.958897538506 0.424672047205
