0.775562452787 0.681833683873 1.0 0.886499915139
0.61559255833 0.804847511587 1.0 0.313955409199
0.75762515959 0.379373012505 0.999999881732 0.404963721599
0.740885681332 0.939443169112 0.980199538229 0.323776049622
0.380005185676 0.539649737079 1.0 0.57345901884
0.601482475952 0.21083927228 1.0 0.589429230492
0.185822452109 0.801670134825 0.999293736072 0.552550993753
0.45773578553 0.32262596189 0.998502012617 0.416181232158
0.217432613391 0.544864364846 1.0 0.505638429605
0.665466409475 0.25915584431 0.970696441884 0.474075458372
0.356642897461 0.606336436215 1.0 0.477321541437
0.580162205757 0.198589906832 0.999999986285 0.390710326742
0.554647484852 0.347729351646 1.0 0.541038763912
0.29805820344 0.12195863387 1.0 0.269098438567
0.290187211593 0.60375750867 0.997164845803 0.323238985294
0.316691878124 0.330441347144 1.0 0.458868706202
0.585986367882 0.729447402541 1.0 0.346906038079
0.846207192982 0.130503391065 0.999984638319 0.171620884032
0.497903296378 0.64237539977 1.0 0.299357086967
0.168379501638 0.324996522255 1.0 0.493381151116
0.28095738634 0.597800330141 1.0 0.665248324304
0.551670027095 0.322028524167 1.0 0.340964336466
0.501256302101 0.804657963579 0.999997657477 0.531172058725
0.488464003211 0.530187106681 1.0 0.441432356559
0.961904766089 0.735138285482 0.999995630653 0.461532834466
0.495061247513 0.826968708685 0.904962027023 0.251224629718
0.854591594583 0.734450805698 0.881898198565 0.431459862237
0.2625832955 0.325185892786 1.0 0.417408830503
0.109376185074 0.664904737191 0.98452901258 0.579783557628
0.154008951815 0.847063582931 0.999999999767 0.697895352278
0.255750329898 0.975528814012 0.999973685177 0.609464582652
0.275110642841 0.567419304 0.999999975523 0.408888459595
0.643152767086 0.385797365903 1.0 0.0908817775345
0.590776648604 0.573884641254 1.0 0.449733845897
0.482647577652 0.566359893367 1.0 0.321288900145
0.288217152677 0.374480706519 1.0 0.306713366533
0.0728270464486 0.47112577553 0.995369148973 0.575378455503
0.878931231037 0.57532226546 0.997282540198 0.497002501682
0.920960403109 0.190792401755 0.999999997783 0.638645936836
0.261766245044 0.935504738486 0.999731352818 0.399035201642
0.328847730431 0.83130668098 0.999999999985 0.436196222821
0.334099996896 0.34984387699 0.999877331927 0.519255588775
0.491547377044 0.299488486795 1.0 0.501956263233
0.155300750932 0.484052732669 0.999999999329 0.769640600618
0.279584255036 0.250665534135 0.999800162766 0.312846609969
0.615450157702 0.461297574385 1.0 0.311818852648
0.754659891569 0.198927912969 0.999999013946 0.673045318599
0.717822421241 0.394379932838 1.0 0.307959271063
0.928902280631 0.472061820906 0.999996982432 0.635628503118
0.5264061053 0.441164354518 1.0 0.357052034752
0.488195347612 0.594154866623 1.0 0.451064113265
0.637118256934 0.751453518259 0.993620510067 0.64277385085
0.479334037267 0.552495331842 1.0 0.487288603587
0.691163304926 0.479483875108 1.0 0.280840720139
0.262581406624 0.421328252966 1.0 0.693958513159
0.703959423379 0.985095748695 0.999443696778 0.591148051351
0.456009366726 0.3982714224 1.0 0.367046360021
0.507193518345 0.503273644569 1.0 0.14363467689
0.693231831034 0.302084031955 0.999999999281 0.250663713769
0.598328453221 0.843260482362 1.0 0.553823519013
0.407314020925 0.899964930865 0.999995583394 0.544585974828
0.460884653352 0.0909617486303 0.999999386717 0.379336600967
0.689536112274 0.781645534687 0.99999999999 0.190342707868
0.241012773551 0.655144523286 1.0 0.557728910798
0.399320542764 0.529257221776 1.0 0.342074520221
0.399315342535 0.477928453559 1.0 0.45072462862
0.355764674908 0.747104314047 0.999998401412 0.590727384986
0.660752458977 0.704717533494 1.0 0.628703537234
0.627315190079 0.0305523798277 0.999984349591 0.601236164118
0.546870939489 0.217823374461 0.999999922604 0.380243054465
0.364262088158 0.535707544839 1.0 0.417843922417
0.673638459064 0.2745035437 1.0 0.632042173722
0.334896828535 0.779752494639 0.999999996425 0.508168771582
0.451276801997 0.317930208354 0.999999999993 0.251417095265
0.212558521889 0.415613367795 1.0 0.38728358578
0.22825348054 0.45397606222 1.0 0.613838777023
0.445987408664 0.75309800831 0.999999999999 0.272326020355
0.613223658164 0.38802974769 1.0 0.381525007956
0.192787995363 0.401277783186 0.97707748087 0.566581029414
0.450096777422 0.283875949104 1.0 0.469008101664
0.632507585924 0.530498011483 1.0 0.461901797124
0.523101804095 0.383238624114 1.0 0.19838260193
0.872794632731 0.490328398607 0.999999999254 0.270340058373
0.201864756022 0.618604737625 1.0 0.492557757591
0.279319956554 0.48195150956 1.0 0.506298081408
0.969637349385 0.879439846471 0.985416044741 0.506559848872
0.315105276596 0.327386374751 0.999995340617 0.417160315291
0.560267439586 0.669776134569 1.0 0.422996581535
0.478132479748 0.667603316022 1.0 0.285027606911
0.249885207083 0.654905409309 0.999995695299 0.561277208872
0.398146176018 0.351017453362 1.0 0.296398667163
0.0844664741869 0.792867728786 0.999999995363 0.50200690199
0.222291772357 0.477206958807 1.0 0.455475267961
0.559534073243 0.640114338649 1.0 0.322190410226
0.637808959919 0.798884486843 0.997879061432 0.636386680024
0.151372877028 0.403665776645 0.999999999986 0.39652805415
0.704223364783 0.500959943364 0.911323456404 0.584823937525
0.673128609037 0.482144299952 0.999999998388 0.468042810573
0.0850929699297 0.821951387794 0.999999804422 0.428895619106
0.470867210326 0.28323576307 1.0 0.383478612054
0.571252499825 0.280682024363 0.999999942155 0.175240558058
0.219055388436 0.544087224245 1.0 0.416807725122
0.308011624964 0.0581182658573 0.983431782016 0.559402169073
0.190513033283 0.383124608986 0.998221563973 0.399102558797
0.470215155531 0.872579053785 0.999999999862 0.392509660046
0.292175312506 0.712886649886 1.0 0.265864421359
0.221237702899 0.207517285182 1.0 0.536770720344
0.32345647439 0.974833851047 0.670616490061 0.58934442153
0.381120451499 0.405661130895 1.0 0.564723005339
0.392921186054 0.44688745716 1.0 0.399425966923
0.39310452876 0.550210820455 1.0 0.30353119079
0.595348502783 0.397012151892 0.530714320287 0.118760878955
0.452493705152 0.394282033273 1.0 0.345771876002
0.883386792685 0.5358462487 1.0 0.652761283494
0.532721617906 0.683961495441 1.0 0.32399940518
0.925470667309 0.16854188201 0.99999604165 0.542239001801
0.193403936079 0.798529302511 0.999999999999 0.277467905492
0.413994824991 0.538389233996 1.0 0.370908516102
0.381493264141 0.584761648387 1.0 0.341860750492
0.134708198003 0.658741670712 0.999999900238 0.491809181465
0.369686684641 0.535262063654 1.0 0.426179235298
0.493265832921 0.0590685873623 0.702196050403 0.489425183145
0.730381183693 0.0785393243682 0.99999998793 0.61521363439
0.952891262781 0.881533906314 0.859198436603 0.340789526048
0.398942323064 0.408581251758 1.0 0.583235775735
0.160398628785 0.53004520201 0.990972560725 0.638452969367
0.737566639764 0.304017319189 1.0 0.245401306645
0.643433267193 0.0777168128999 0.996364889263 0.584853882251
0.5932704918 0.306331693584 1.0 0.364129199696
0.380583052793 0.770948132403 1.0 0.635255081563
0.928609498118 0.476759405514 0.999988109758 0.531755632214
0.403641367513 0.211496287753 1.0 0.41186982952
0.366069824147 0.305503865808 1.0 0.53579793026
0.49170144415 0.236463714743 0.999999984029 0.364632774053
0.030995183939 0.627197191226 0.999999991328 0.426889043738
0.618860722023 0.211057952602 1.0 0.413553284873
0.602864140126 0.483580190968 1.0 0.431995195547
0.531326862249 0.489392125283 1.0 0.418989589744
0.285123598515 0.74100185067 0.999124390233 0.259582287321
0.5351233553 0.496901843473 1.0 0.375146250013
0.314809558165 0.299119989955 1.0 0.396975762704
0.113220996219 0.375288999942 0.999998613676 0.485350776236
0.433314020947 0.590019669426 1.0 0.581650223495
0.568336691724 0.419740821907 1.0 0.460154261289
0.370900618333 0.471350282016 1.0 0.392103468229
0.596688382879 0.176024457646 1.0 0.777880869494
0.0560316305027 0.352362184683 1.0 0.337186880349
0.722808014308 0.682668018171 1.0 0.561902112815
0.325961595708 0.683810044459 0.995014892922 0.112254163259
0.358029309068 0.408757939255 1.0 0.480043885324
0.626356881711 0.355613370499 1.0 0.593221801944
0.700177582515 0.616414232528 0.999626112375 0.451223783089
0.132780142991 0.942666820513 0.993894391018 0.511363281665
0.572461340295 0.185822368053 1.0 0.536280854629
0.685993402054 0.406951083197 1.0 0.66077310342
0.154897222521 0.653209704314 0.999999799917 0.718272774199
0.150380019523 0.538765098943 0.180795396956 0.103186419659
0.616497358854 0.914839897082 0.998789528804 0.370117952687
0.388045350266 0.788845076355 0.999951336861 0.638782826981
0.701244161183 0.404875135461 1.0 0.433041390626
0.519904564281 0.419945567242 1.0 0.527647797285
0.416720419017 0.217540984828 1.0 0.550151484999
0.514138500384 0.607963889428 0.999986102696 0.284341290734
0.520354572009 0.266110857411 1.0 0.353262817796
0.533780470767 0.275642278235 0.999999999929 0.629901535517
0.142142070652 0.668449887062 0.994895602845 0.50066296765
0.383479709389 0.551059497191 1.0 0.642673462255
0.568805982984 0.667965121771 1.0 0.431852476579
0.519587019696 0.313402014269 1.0 0.397763701594
0.413043059364 0.686244240392 0.999773963592 0.665752599325
0.246261347932 0.712098889097 0.999999999588 0.378905402716
0.363167968793 0.832112941184 0.999090931432 0.379226661725
0.185120150651 0.267524193783 0.999999990529 0.245449950505
0.464673101109 0.621482143717 1.0 0.29607190096
0.213553611976 0.340676840925 1.0 0.640629846894
0.210603279928 0.650483169889 0.990094457431 0.425000222242
0.79465643799 0.347811745966 0.999766651181 0.661638053111
0.745103178316 0.701495727239 0.925799710457 0.2808143757
0.336640015782 0.852841371663 0.999999834168 0.445062101173
0.579688934347 0.538055242119 1.0 0.350216245312
0.686842873586 0.320223968237 1.0 0.373613997693
0.230291385237 0.882623042372 0.999699355354 0.546321165013
0.911091226904 0.360908780652 0.994828917657 0.587067725063
0.549971444518 0.432907870802 1.0 0.486014610249
0.337882602338 0.579628018833 1.0 0.278618155011
0.5554272814 0.602989593815 1.0 0.547169948927
0.182880635436 0.292421710859 0.999802763984 0.62265285769
0.726665099272 0.327750542744 1.0 0.594488744096
0.654383692608 0.303471405148 1.0 0.419988267341
0.341714184927 0.631012401307 1.0 0.348392541142
0.353465335102 0.718164022894 0.906266518267 0.593704909646
0.851423320083 0.536819874042 0.999999344148 0.348673635051
0.11839282833 0.246778650311 0.999999654861 0.510733642064
0.889716246984 0.508094443435 0.999999949563 0.452356587377
0.316862854659 0.169395976519 0.999985621699 0.246677095221
0.550155340634 0.928087537809 0.999924675119 0.553979328306
0.15798299712 0.997301541452 0.999751080354 0.44457445295
0.661464262537 0.569646054227 1.0 0.300717598217
0.190451016529 0.628389861879 1.0 0.48387566257
0.834808006226 0.694467026238 0.999999999595 0.446654785356
