0.851779477431 0.873754829759 0.99985106242 0.419537541621
0.292016434469 0.576730178725 1.0 0.593073795912
0.43566159918 0.53283194635 1.0 0.534831091866
0.515920946233 0.281703192237 0.999999999898 0.353980174412
0.612514606649 0.5837710286 1.0 0.432263002705
0.579184972555 0.652236816848 1.0 0.476273281358
0.0255572669302 0.270142205648 0.996826781247 0.558312975453
0.63889408907 0.671407871237 0.999999790566 0.300137061647
0.420477336747 0.780562104343 0.999999999984 0.451068180142
0.696273605122 0.298466360735 1.0 0.357676713524
0.747213716594 0.251002711404 0.999999999999 0.436440923057
0.545409137703 0.543627747979 1.0 0.273643525361
0.697944568597 0.497175649746 1.0 0.485943244584
0.624346672985 0.541937658705 1.0 0.285554395839
0.941745033896 0.759307577606 0.9999511425 0.512224971385
0.17133528111 0.450783420696 0.999970280162 0.655426879965
0.0144561230297 0.819190511525 0.924811291155 0.515411156234
0.668755499408 0.426327658032 1.0 0.219545928486
0.582287723419 0.807086426388 0.928892136975 0.261511686526
0.520687409892 0.428758888488 1.0 0.279642571989
0.539060632641 0.310511962547 1.0 0.475970629103
0.109355616728 0.930858747187 0.820265954883 0.292151899175
0.679543461501 0.495887476722 1.0 0.332603252799
0.577049153207 0.0301062259812 0.999998767994 0.275529910541
0.37657406942 0.639020683202 1.0 0.293512826637
0.521343765753 0.237330619941 1.0 0.417058641615
0.278889518658 0.693459918558 0.999999998742 0.399778667839
0.521936985755 0.693011293252 1.0 0.486945507097
0.536735253884 0.243155307405 0.986166595996 0.42936752064
0.319537569999 0.539212337775 1.0 0.512607838619
0.518214015969 0.32227309392 0.99883759226 0.584349029375
0.178491822693 0.43362548837 1.0 0.275413522315
0.32212758699 0.421841575523 1.0 0.318810247103
0.0147791195014 0.894089146278 0.999999370833 0.408801836046
0.802640663301 0.334573401121 0.999974459756 0.464580576916
0.573796713144 0.749430946811 0.99489262363 0.395716713419
0.0694316493614 0.485377699896 0.999973815535 0.358178413719
0.706572805045 0.396029632208 0.999999999994 0.228693948003
0.355839649389 0.453974044197 1.0 0.496415899871
0.586765257386 0.550743022791 1.0 0.39810737782
0.66733534723 0.301263112271 1.0 0.301644118029
0.542195785496 0.38664330496 1.0 0.329018489085
0.85249374263 0.983667167614 0.886103751814 0.443896299273
0.408434652412 0.362518134935 1.0 0.413211066274
0.147151797164 0.683097963639 0.999971274382 0.496347566854
0.850083727622 0.323196707597 0.999832605274 0.637002391187
0.634931420435 0.736272519585 1.0 0.28968677402
0.53889784626 0.55453075661 1.0 0.377842733038
0.471359891369 0.42029380926 1.0 0.304087803963
0.434853172217 0.564263760434 1.0 0.325199207173
0.57273066838 0.590790406651 1.0 0.197967125075
0.209528394878 0.325951692244 1.0 0.352134581357
0.378018050961 0.500381957761 1.0 0.300351771456
0.429153478271 0.620999916334 1.0 0.364368516918
0.30359157204 0.293735539874 0.999999970602 0.666195822802
0.505499922257 0.75150509072 1.0 0.216882965014
0.0960532908839 0.635716402788 0.999988392996 0.688892725194
0.552983663698 0.628833531597 1.0 0.357749933379
0.134294136383 0.482886218219 0.999998260723 0.309705161958
0.343770733072 0.486016802185 1.0 0.454549223146
0.400920249509 0.373016366391 1.0 0.332701067663
0.733562049584 0.700379920805 1.0 0.256111005935
0.426534249284 0.472790634551 1.0 0.381288578035
0.640222290086 0.457188169748 1.0 0.489271169762
0.189441196883 0.413815981283 0.990972526133 0.608234293598
0.207554560829 0.585774724913 1.0 0.535583082786
0.572596527628 0.955866393647 0.964298431674 0.345839603489
0.233846524422 0.355908767316 0.997991522502 0.247481211084
0.153740590276 0.519406684855 0.99998861162 0.511486041379
0.121245973572 0.774658605037 0.969420618064 0.565179537448
0.515576000962 0.252787477092 1.0 0.398532176648
0.280817966081 0.282059963922 0.986580600209 0.245709314799
0.282700205287 0.687560752442 0.999999964497 0.643352747044
0.160826015819 0.539388105007 0.999999646265 0.679580585321
0.575504237322 0.299599092756 1.0 0.391273335808
0.585185516342 0.345743912698 1.0 0.353390470958
0.441518375176 0.546417234542 1.0 0.319782898117
0.217254787491 0.89255577197 0.991625729622 0.529518992552
0.498717697897 0.27757334429 1.0 0.406435185762
0.11400176978 0.752355110473 0.99956659992 0.485223105318
0.618969515189 0.714030159525 1.0 0.396636317222
0.643302878658 0.765719148876 1.0 0.532633500816
0.393304194537 0.750644266246 0.927450464958 0.299987046914
0.511585096065 0.769816395082 1.0 0.521042870317
0.508518899599 0.61717937464 1.0 0.390871411506
0.106366160238 0.302461631374 0.999999782308 0.699100762448
0.459483560322 0.327562370608 1.0 0.513608474582
0.435475998825 0.910158780825 0.925809808764 0.466623312841
0.524076622759 0.762648562819 1.0 0.352831997052
0.199980644812 0.257907485673 0.999999999861 0.386643267704
0.409274618939 0.0322248261464 0.999969235139 0.594025302137
0.586060998 0.20649107003 1.0 0.512334699661
0.832912603453 0.397265914643 0.999999979594 0.648010246809
0.654743242588 0.72214959121 0.999999994469 0.57785357664
0.257142395744 0.231259253003 1.0 0.485910997986
0.585545250085 0.540456635302 1.0 0.513389153112
0.515805885472 0.530361896033 1.0 0.406039223044
0.226305071666 0.197971148943 0.999998256897 0.510532082917
0.408972888748 0.655808159986 1.0 0.435016880272
0.461257344294 0.783215717153 1.0 0.62412030395
0.205367190766 0.355845910101 0.999999999498 0.699233163531
0.383938009288 0.510275964671 1.0 0.571421040665
0.764260404806 0.769248250013 0.683786094268 0.131626201972
0.465377490311 0.522746133333 1.0 0.31460288275
0.466204695078 0.528435758348 1.0 0.444576060897
0.908787103819 0.553707513936 0.999999651752 0.291332209856
0.456319404717 0.680759264122 1.0 0.434082664257
0.605153106244 0.508191652235 1.0 0.432761416963
0.147061873707 0.563798714411 0.999999997629 0.46170815132
0.288203835516 0.624639241793 0.999816862465 0.611118850823
0.623937808734 0.294799546321 1.0 0.438233857267
0.550863834261 0.857540231853 0.999913965876 0.592469876144
0.443952339264 0.483954595432 1.0 0.557748934448
0.363423340129 0.189220083278 0.999999985514 0.356052638258
0.197385083501 0.463276940907 1.0 0.686744831412
0.530139189705 0.500283219895 1.0 0.281261918277
0.308899470873 0.703441355904 1.0 0.410608480734
0.141647548495 0.48565364492 0.999999984468 0.336329990498
0.607987144249 0.800969267274 1.0 0.502811712218
0.144114266036 0.502492473544 0.932170336418 0.461810208837
0.495944172198 0.172737528612 1.0 0.538984034465
0.0711921232096 0.890739272634 0.999996390663 0.624031256849
0.697612265004 0.357154931278 1.0 0.465081197962
0.288234505927 0.00905767707229 0.87344558427 0.621362892855
0.420803197859 0.230363316884 1.0 0.374965619127
0.0117422477997 0.766905935382 0.971877424958 0.314891550329
0.557906811551 0.477543597305 1.0 0.463438922011
0.353200810539 0.740486411776 1.0 0.478428349567
0.736022914914 0.351420075111 0.999879289783 0.245645621777
0.690123549004 0.176256136899 0.999999770802 0.450934001628
0.330731765355 0.451746968669 1.0 0.373056429133
0.690355317971 0.248117348944 0.999999936396 0.481101558108
0.00154537395791 0.287683586717 0.993009493467 0.508327412369
0.379871216492 0.344007088311 0.999999994812 0.410227250585
0.60292077455 0.488876220657 1.0 0.35518818356
0.217155573676 0.449860140733 0.999836762986 0.393399225157
0.624307655228 0.434423199655 1.0 0.571476247304
0.471078449247 0.787727146727 0.829494240707 0.326149584767
0.792585245193 0.474509552831 0.999960319979 0.289372898418
0.529573329075 0.623133151748 1.0 0.487753233886
0.696598501283 0.687546884938 0.999999998008 0.366567681039
0.837245047495 0.889706759496 0.999999666178 0.372980875407
0.451014035989 0.120409461434 0.99999999995 0.332059385635
0.515816325905 0.507099351261 1.0 0.409112428923
0.664167305516 0.269258946709 0.999999999963 0.63464600217
0.231104113881 0.40626628904 1.0 0.470770149653
0.333453254961 0.409082387675 1.0 0.347340831027
0.574730848192 0.307571747625 0.999999997996 0.267601988854
0.0615893888743 0.375094770986 0.999760712145 0.451577585244
0.546639063654 0.455302843768 1.0 0.606601503303
0.60183637094 0.00933159211739 0.997245470271 0.462643169262
0.485425686556 0.5981225538 1.0 0.481417240708
0.252507813744 0.463245253847 1.0 0.729238686519
0.472079364048 0.460357156606 1.0 0.244684282145
0.519859495495 0.661562562992 1.0 0.380462887413
0.368332053663 0.740729343533 1.0 0.539676461157
0.980720182505 0.536257441689 0.995890575808 0.447011428165
0.459640082558 0.102275627763 0.99998856409 0.375940786335
0.247422242662 0.827959694712 0.99712320143 0.426411266023
0.551073798366 0.6869136131 1.0 0.386479393683
0.838930808321 0.341315815306 0.999998183127 0.40771127604
0.310197097003 0.865438709888 1.0 0.77630482793
0.424236589021 0.669750694456 1.0 0.514890375364
0.67469733935 0.637615580426 1.0 0.154783011436
0.429206281533 0.791061185393 0.991107281366 0.527859176368
0.847320369664 0.933663739343 0.970024091415 0.301148067641
0.335419748694 0.531374985932 1.0 0.526837158168
0.315596085124 0.76739294506 1.0 0.395218105741
0.583772760917 0.311178204693 1.0 0.464149916629
0.391249190741 0.462732490221 0.999999998015 0.36742457047
0.871594282887 0.648930333274 0.289938559015 0.331569040519
0.642178488783 0.932619805282 0.99997593038 0.561420968629
0.628427461865 0.694895175222 1.0 0.387590482869
0.162652510397 0.11957514003 0.99983158045 0.465366055998
0.414460554466 0.704510227558 1.0 0.527984407375
0.874979102775 0.208465426994 0.95154009892 0.371121216709
0.597795047454 0.681772497775 0.994206542668 0.426904040123
0.481070758059 0.7019194238 1.0 0.638850171758
0.261585265808 0.204138285133 0.994970455338 0.342756765457
0.334961364766 0.436707977611 1.0 0.562243468094
0.792478744698 0.785244079222 0.997840537824 0.65479305456
0.488964355759 0.970551516189 0.984416193897 0.438666188618
0.729116691263 0.98868522707 0.636739662071 0.460855519173
0.360083268845 0.411431536914 1.0 0.52005763122
0.641003250529 0.272728694348 1.0 0.675221436475
0.760298466765 0.0709713440064 0.999984699376 0.534694740339
0.633747028412 0.75544222756 1.0 0.478722067775
0.271696932684 0.369377156086 1.0 0.528659530097
0.758918848387 0.598906816091 0.99999866064 0.349258624356
0.467696014039 0.206208633114 1.0 0.50370602579
0.369689002706 0.449082677688 1.0 0.606230039766
0.539874704204 0.423233053121 1.0 0.404675889479
0.449524354806 0.287027322891 0.999999987997 0.343435096662
0.435674507208 0.232635430346 1.0 0.323884962876
0.577043289899 0.833535855396 0.52039493165 0.2989410705
0.513818176149 0.333377690696 0.993688188583 0.441779057041
0.256219457511 0.18943204045 0.99999999999 0.5084245542
0.507149217181 0.235642400673 1.0 0.42067464948
0.53964963635 0.28579440739 0.99999999908 0.280896793458
0.472603270776 0.22214719273 1.0 0.488810280652
