0.170637881799 0.762863276863 0.998605381941 0.304897689759
0.320500063343 0.782082658953 0.999949382832 0.719443827814
0.147197004091 0.669065370903 0.951610479729 0.398016850233
0.78634603318 0.11104146805 0.985518245721 0.236121770015
0.581541706953 0.277961297992 1.0 0.328745062841
0.27146300517 0.573671723903 1.0 0.559396506342
0.234415009816 0.1936770429 0.99987161134 0.482712838201
0.502266192141 0.32344725402 1.0 0.465724660636
0.409967176743 0.511909124152 1.0 0.407836657154
0.546404678763 0.515709576664 1.0 0.404850010066
0.400619849956 0.316739802694 1.0 0.578328852628
0.323629080574 0.535785758399 1.0 0.55662387013
0.827085219954 0.591122774987 0.995880626705 0.474208745841
0.294276604679 0.347942302136 1.0 0.171023120292
0.76771383158 0.456659067747 0.883901202288 0.216919017247
0.522509484335 0.268005663922 1.0 0.276108287691
0.63089549742 0.939537881848 0.999998893296 0.496712167412
0.391242829518 0.371542924555 1.0 0.3249685878
0.690824356508 0.311725094645 1.0 0.633876422622
0.634463288844 0.459665394651 1.0 0.462684307518
0.227615206804 0.18463669857 1.0 0.275099201453
0.17527009673 0.719905203987 0.552160926514 0.322781172857
0.524093147444 0.416874703374 1.0 0.419860094995
0.471422043518 0.340853295002 1.0 0.415075346264
0.861649999894 0.828446227666 0.999999999617 0.766800521107
0.387490727263 0.259272039662 0.999999998545 0.61074216607
0.617015989873 0.811434833837 1.0 0.543198455615
0.329580696237 0.654756630225 0.954173632771 0.351878287332
0.303298683622 0.386447036448 0.999999999905 0.367290703934
0.205268310106 0.388787166653 0.998786204273 0.17681777061
0.721148000983 0.397856866889 1.0 0.262041974778
0.181178120502 0.638158144886 1.0 0.58815446352
0.376838179597 0.731704487085 1.0 0.68422213325
0.533665243964 0.357858510283 1.0 0.369795233835
0.315840196139 0.641427199289 1.0 0.286694998602
0.584809154054 0.346534762356 0.99998280651 0.459541147453
0.381782839624 0.766753885348 0.999999963301 0.560047871088
0.460493646724 0.229030724297 0.999999999995 0.655124956586
0.475733172602 0.902986046375 1.0 0.489592239269
0.985369144863 0.157558614489 0.998097997513 0.162115745358
0.740038689418 0.193246652716 0.999999994311 0.627446517358
0.288241380795 0.320440120442 0.998146907081 0.665615424272
0.611669995363 0.462252065466 1.0 0.211760048992
0.695147033409 0.352029823663 1.0 0.384429221903
0.562586015584 0.206544952727 0.99999787814 0.236919792346
0.356412892872 0.980858678633 0.999109269384 0.499072057591
0.680351543098 0.416472128619 1.0 0.385155872776
0.319654408505 0.657181972766 1.0 0.494802161656
0.495181068089 0.351787657812 1.0 0.413002594596
0.206273687199 0.545045380269 0.999999977277 0.665008813631
0.39856192816 0.409584649093 1.0 0.340184601187
0.534303654434 0.612341620461 1.0 0.399369024216
0.175259967141 0.722777289815 0.98867256391 0.622400120651
0.515549973843 0.707682598814 1.0 0.6061034814
0.399393549407 0.774889992964 0.999996819353 0.375239377893
0.679260720812 0.422175455941 1.0 0.50439767717
0.216999684151 0.401430191688 1.0 0.65734080449
0.406720688584 0.460992628243 1.0 0.442316336124
0.596887580855 0.458298380533 1.0 0.381965722479
0.822930744264 0.628514944986 0.999722989167 0.681627042904
0.389279678637 0.267055565802 0.999999999042 0.476200485722
0.074568492198 0.387964782792 0.999999896839 0.503981897367
0.682767947259 0.385209473581 1.0 0.430977416813
0.433683800357 0.527310625489 1.0 0.321117869854
0.569261815423 0.257908717504 1.0 0.509101705349
0.194235566007 0.936579425683 0.98420127774 0.618256591975
0.526809626973 0.405550885755 1.0 0.342999238197
0.0253023239163 0.626467830861 0.999995092105 0.324837885855
0.951413744568 0.597468440605 0.999999961686 0.166676105455
0.489794719154 0.239863940231 0.999923072449 0.352632769622
0.858651513844 0.836907119092 0.99928457082 0.181021518887
0.304131841338 0.617836265078 1.0 0.292720994433
0.314697015519 0.714075924164 1.0 0.438214027518
0.507330852433 0.693778972152 1.0 0.532863327106
0.922925163636 0.535445732349 0.99995723841 0.513990205527
0.49460342845 0.251263132114 1.0 0.477950219853
0.613151605043 0.900397330282 0.999976170664 0.456204395506
0.354562890473 0.474640684167 1.0 0.372868964585
0.311251678686 0.413738566548 0.999999822837 0.197252772589
0.90868081855 0.391320434775 0.999954812286 0.543804231215
0.305991408071 0.637135851431 1.0 0.458919741509
0.624592282666 0.886543734796 0.995653496194 0.534057233101
0.397594660362 0.675559516131 1.0 0.526967425549
0.0849582419514 0.445817263441 0.999812117714 0.457433976539
0.763631517558 0.738997514771 0.999806589974 0.578504383933
0.470996269403 0.267013170298 1.0 0.203613165846
0.0974131859883 0.181328537692 0.999996664366 0.510271717599
0.812553109643 0.790065624632 0.999999986469 0.292751797988
0.187198467485 0.744471485158 0.999946047328 0.547897120851
0.239374606577 0.326373518552 0.999999971124 0.304753335559
0.218232375758 0.712979156706 1.0 0.735790978502
0.716742430315 0.851091784807 0.999984803153 0.284596570963
0.73824534204 0.470731152019 1.0 0.416135816539
0.937488755577 0.566232695725 0.999927204818 0.342675131362
0.520315875024 0.167116491391 0.999999959852 0.35449864495
0.264796080543 0.580634438119 1.0 0.370167202569
0.401506300382 0.628713351596 1.0 0.370664814738
0.313768401803 0.641034113869 1.0 0.326345638738
0.544621903101 0.917984552823 0.999574228325 0.486950613375
0.666389580116 0.758778635235 0.999999999957 0.438185608972
0.957025270378 0.532714065165 0.999648230771 0.638785489909
0.0617307173059 0.860994411815 0.989775611461 0.362035182648
0.768383864229 0.720208107935 0.999999969438 0.453282672461
0.834470585107 0.554213280199 1.0 0.460040034119
0.547461580097 0.696340653064 1.0 0.39252609196
0.860938170002 0.375567138248 0.99999619925 0.443984379911
0.368928895416 0.568675593309 1.0 0.335145143729
0.387214787543 0.718272398613 1.0 0.2558654531
0.642691276334 0.62273021665 1.0 0.476418114201
0.472836769631 0.262025775 1.0 0.315219124711
0.461531592499 0.344924860795 1.0 0.42537104933
0.761693954716 0.400313237386 0.999999966553 0.462744802455
0.563405862691 0.436103573488 1.0 0.337791474238
0.232022744233 0.415449763543 1.0 0.584230146932
0.652495246954 0.380080364815 1.0 0.302425758282
0.664798029038 0.244917976809 0.999999996299 0.422222349987
0.699479773844 0.594619589094 1.0 0.324152600896
0.539976605232 0.556395445577 1.0 0.436821803065
0.564497018936 0.703015454659 1.0 0.146393336399
0.029331349362 0.12457052277 0.976087902365 0.609469586124
0.943294643311 0.556000105299 0.999598521488 0.460739668634
0.838711660668 0.135681382442 0.999911811473 0.478253589507
0.776024906362 0.592579731852 0.999999974804 0.445376638659
0.36879510772 0.839754948546 0.999999994982 0.555636125387
0.7222100542 0.691091326905 1.0 0.257435422683
0.390272449636 0.77157733735 1.0 0.405241707501
0.660059950359 0.652537800949 0.999999029967 0.493979394824
0.585638563151 0.364817104239 1.0 0.217993532024
0.721476925065 0.242664516744 1.0 0.38249998127
0.67791064411 0.668004069208 1.0 0.406676077584
0.241266404062 0.592431696707 1.0 0.320270596795
0.390317077107 0.490517123661 1.0 0.254700463199
0.338706186595 0.336099018966 1.0 0.587287203049
0.544909749995 0.791815905857 0.999999999981 0.433317205423
0.246618759652 0.242529804749 0.999998637107 0.14415980658
0.869300286641 0.835477174597 0.999851294906 0.585299779744
0.637113234222 0.359074762545 0.999771058779 0.462476856532
0.39085208858 0.713180860168 1.0 0.538296807803
0.153933274331 0.528549422584 0.999754084258 0.412998309024
0.669702934845 0.438860813626 1.0 0.196732301892
0.679124736266 0.636072347772 1.0 0.480011653095
0.945993032342 0.679074509012 0.999886962333 0.852708335717
0.384767471665 0.593903606159 1.0 0.41529995752
0.341196258964 0.893708995433 0.999421950598 0.592271918323
0.404018164788 0.455050028329 1.0 0.2691119524
0.40657101511 0.326405995802 1.0 0.51013097072
0.156173461456 0.969477764874 0.998815770582 0.59515232576
0.993378994256 0.735462807321 0.996473111852 0.764863359526
0.208796473047 0.599249671502 1.0 0.434329338479
0.738349084487 0.379850923914 0.999999992195 0.44875211079
0.439526703411 0.459399936805 1.0 0.522760240152
0.0475182484272 0.569161597606 0.998428441927 0.35676200332
0.69750022592 0.136251449459 0.999998812925 0.481403733852
0.662170780664 0.619928027403 1.0 0.472634013768
0.569431085008 0.670497955245 1.0 0.500886400679
0.77566177877 0.353447884012 0.942005446298 0.543534902332
0.305678057541 0.455429465801 1.0 0.586906579285
0.398567399444 0.918178315645 0.999999888872 0.475878103514
0.544283939227 0.200144106588 0.999089014598 0.399792476718
0.434807272925 0.146539330856 0.999988933095 0.565698298179
0.582423101834 0.518455005124 1.0 0.576418676856
0.666149039587 0.666913822435 1.0 0.279592939094
0.830369290209 0.427665595397 0.999999999991 0.66251339789
0.0727608928498 0.54440578019 0.939831941104 0.568441471181
0.280376128056 0.85825317287 0.955497947558 0.519894397344
0.315065174151 0.931598297022 0.999999877492 0.355327294151
0.875418315488 0.940921471492 0.863950247031 0.455100214507
0.419704962135 0.489238032303 1.0 0.395179950142
0.412002673739 0.155154063423 1.0 0.494047991461
0.398643036188 0.705591535738 1.0 0.342503697092
0.369986536576 0.29469948027 1.0 0.42697949561
0.383353722547 0.642845222859 1.0 0.565488619579
0.59321495489 0.550728235279 1.0 0.339373200982
0.505240039312 0.804711084469 0.99999923148 0.560488022294
0.403472815742 0.463722217503 1.0 0.353961049171
0.381825037586 0.284409189572 1.0 0.356981098647
0.774918690874 0.121332260693 0.940327679255 0.557362048773
0.689945535592 0.264415241517 1.0 0.478724688405
0.328586595995 0.821543457461 0.999968069728 0.504978826269
0.249913834892 0.661627856118 1.0 0.558046639626
0.396567203348 0.340057514258 1.0 0.519624271677
0.317083628231 0.646850949422 1.0 0.47841550063
0.577401153341 0.692394005479 1.0 0.265661617273
0.647212823725 0.45359883917 1.0 0.326543903541
0.86290677121 0.42278721133 0.976534562404 0.493829856795
0.540234023494 0.319298149555 1.0 0.399881328476
0.591477778648 0.37074658253 1.0 0.40528107602
0.527543968677 0.132636703654 0.999989401536 0.412210215018
0.351378299715 0.517593288025 1.0 0.224113794924
0.684932366531 0.524425665296 1.0 0.440200726713
0.414165813341 0.591263686329 1.0 0.408575832291
0.613200782919 0.382116379855 0.99999999999 0.377660766054
0.608637104986 0.219529523222 1.0 0.559946436298
0.471591012528 0.561572604365 1.0 0.333549912051
0.350272586461 0.421748997344 1.0 0.516200586097
0.750313284247 0.570033007559 0.979312569687 0.236249076153
0.46616844698 0.703777969164 1.0 0.53149240061
0.383590487893 0.231860874743 0.999999952871 0.307670224078
0.362324733133 0.313230389723 1.0 0.251454697418
0.163577249055 0.120708755134 0.96793803081 0.523173039095
