0.372716581419 0.717046089829 0.0874246272496 0.394912298609
0.19025009265 0.991521640383 0.624877598607 0.183839323184
0.220805732527 0.838509453584 0.409041829423 0.360120440366
0.863827490982 0.786114565684 0.620945718392 0.121536198494
0.81103933827 0.0271628579778 0.217180381816 0.249170370775
0.385306049351 0.402082955648 0.913661634032 0.298865572375
0.32720186609 0.234265454773 0.0686855154844 0.268914285156
0.923767240487 0.673080565869 0.0279986411125 0.608092542445
0.486865660769 0.934236803782 0.00339511495016 0.574057666204
0.122827786598 0.577092462528 0.0186939380216 0.277942611097
0.597314469999 0.455188983376 0.236508309004 0.0930406061596
0.782933083148 0.773983547556 0.204518510537 0.328378956061
0.680098507469 0.259113390181 0.0491407633166 0.182141131826
0.998791268129 0.828696898827 0.00688119408767 0.538371292887
0.109886569553 0.368001080767 0.391920114479 0.291974110224
0.409533948724 0.799188356248 0.0343227542381 0.106073393978
0.59807048345 0.225837400397 0.685848199715 0.164437153508
0.701900478472 0.425317825929 0.0051545384654 0.538628700606
0.579356916019 0.594534868623 0.319425713247 0.248200850645
0.990597023136 0.960721073839 0.741777369581 0.324383238868
0.528322283512 0.20999557842 0.399428518072 0.34813214916
0.869083446815 0.231750132182 0.880232185536 0.293588569236
0.0746408000001 0.264356590746 0.892260954936 0.21465922329
0.304229418252 0.491740963452 0.945671368383 0.212789374044
0.359424808274 0.808628137805 0.0523346509294 0.310723564602
0.210566843973 0.453781763732 0.144307845818 0.19811007939
0.192457754598 0.925402051159 0.649528871813 0.316324315438
0.838231610375 0.0776439320912 0.305752449207 0.324118860104
0.438857395973 0.991088807356 0.0155819908784 0.532053257449
0.631312974068 0.902996481483 0.52161405591 0.323897695857
0.330795998235 0.477465495708 0.069976526622 0.149661877247
0.333093448884 0.0393769850186 2.00798439289e-06 0.352328381898
0.321894174216 0.391018511794 0.02023217264 0.247303437301
0.551686448193 0.779311386815 0.00493515504558 0.16803915541
0.176528128501 0.257690375907 0.0193388260529 0.402426545886
0.470389592052 0.7503800624 0.157495794884 0.294286281199
0.585227230209 0.382746523193 0.216267383074 0.357839956369
0.0304809294485 0.403854769721 0.000162194281603 0.424720136997
0.778953305286 0.303451961009 0.600624685911 0.207035294464
0.435702320087 0.695850218659 0.476060476225 0.360174681876
0.461260173073 0.431596567461 0.130777988748 0.227272064108
0.584071154721 0.359947411332 0.0765567353903 0.300350819196
0.980926849221 0.685204642459 0.826628548414 0.236671154753
0.985673792208 0.178555877631 0.164598749205 0.617300053924
0.992013155793 0.648485794694 0.279776230057 0.271855163421
0.941956196064 0.721036148476 0.00598633463703 0.6292253616
0.361685494435 0.338636708848 0.728981190085 0.287099916283
0.503952354848 0.886502377355 0.806254707538 0.299932240759
0.939865689687 0.735293539666 0.148573095841 0.6359877803
0.758709034363 0.455159801218 0.467225868239 0.144120902983
0.826063341053 0.835391924855 0.676439491515 0.326511161414
0.569150832579 0.599109773675 0.366059620934 0.226351104042
0.797010617992 0.807689393613 0.544231053673 0.274837230352
0.586768663232 0.807249521774 0.849971012111 0.196169397236
0.228982164193 0.456927009525 0.273409099143 0.332027773113
0.220403291418 0.851051775977 0.755711787106 0.091534507289
0.625995292942 0.374058772961 0.963558641398 0.193855612455
0.796271484057 0.990617281444 0.0676337444547 0.78683800112
0.433236609336 0.233787314253 0.0579974735491 0.0971708624367
0.882730279255 0.123746870445 0.0352261162321 0.579881433759
0.804426184785 0.728961127097 0.516537240826 0.278796249223
0.248567931277 0.422538260185 0.965150523533 0.294299526792
0.438587845509 0.736374804062 0.00291124002213 0.111300135065
0.309984194069 0.58883727444 0.0223786592028 0.185709230102
0.431195043983 0.722737938266 0.791127008779 0.292885716779
0.614895373238 0.745482155018 0.0125947633848 0.190650111318
0.291916559908 0.923677565128 0.017994597676 0.331501323524
0.557106378877 0.720199439204 0.961677292972 0.0254382616695
0.723910447466 0.898157679084 0.986955151142 0.174188306842
0.943115899955 0.471405623195 0.711539835439 0.0759363549216
0.239806335032 0.476746176142 0.0283824412895 0.160329401171
0.321719121529 0.556685327359 0.0889065795732 0.0903107040738
0.449717605165 0.648772469491 0.182695893573 0.118021085065
0.721216394406 0.594132156356 0.0435654890137 0.120551911815
0.262431687847 0.14829621699 0.56851122922 0.295564304006
0.353036932817 0.587058896399 0.000763960612906 0.281192971672
0.325366702449 0.951626217327 0.199588912071 0.604698280728
0.643098421696 0.820784136589 0.00317954673447 0.430248914862
0.195375359485 0.179716612003 0.0105073848288 0.236742888268
0.520619092989 0.606731357542 0.00120327997097 0.201346832354
0.536145848664 0.521833064471 0.823584713322 0.217637141103
0.584147715567 0.441152368945 0.117698301102 0.0415142010069
0.908572205474 0.668085119629 0.128416825169 0.351182492321
0.628799705511 0.725352101715 0.568751993128 0.191977265418
0.439869435274 0.170559165579 0.0457245979634 0.26850794335
0.632059570544 0.432637581033 0.0437584313045 0.096927937684
0.911805002122 0.139673924823 0.614756907168 0.227394351126
0.46742174753 0.84045820296 0.0100970707737 0.35605605611
0.451918969766 0.778896252496 0.230353504586 0.131706759966
0.603243038409 0.268739302368 0.97558879987 0.280229266169
0.810198639467 0.0674096203401 0.0166383222725 0.186059060106
0.0354921148883 0.139831515261 0.595876220587 0.342904700356
0.350238844879 0.456409627547 0.619999389907 0.204842551692
0.503712919253 0.304904051501 0.556968018032 0.0631608489519
0.685045368531 0.308709634179 2.07715957521e-05 0.430200906811
0.267755618886 0.406809512257 0.523320098457 0.222316744224
0.178008475701 0.58840008573 0.108777292855 0.202501046649
0.0968971459168 0.251652915883 0.0149520001834 0.445329674217
0.407936848894 0.9440143828 0.00630363618297 0.486802808452
0.758417043176 0.802719997381 0.954638595876 0.257808846448
0.852733457137 0.565646793672 0.995616013866 0.312617915973
0.319035751089 0.247300614147 0.30786756687 0.0920586629271
0.868485627665 0.198499077912 0.0142782223108 0.469509362145
0.669366842332 0.79944079945 0.038811273025 0.229004619566
0.343951681789 0.242237147803 0.229174472679 0.252850978335
0.264028699461 0.735436146084 0.675441708857 0.272782445581
0.712505024065 0.702841972583 0.584335847727 0.277978392064
0.585248111477 0.0974758302974 0.00970820646254 0.478055208914
0.381825169425 0.303236867087 0.0139145963056 0.618732321399
0.32538452722 0.798479472247 0.200398628815 0.367198057331
0.399650491833 0.80054342916 0.546721663513 0.308547595062
0.786093580592 0.047252126126 0.00446862402468 0.620507734084
0.261989924978 0.620818756248 0.0322754570465 0.277184686141
0.526517695814 0.227328002684 0.766564666066 0.226888549383
0.216639603851 0.782618391785 0.860473555499 0.170140306692
0.761419951103 0.550577385489 0.940615017455 0.247678955497
0.72668589159 0.269590552803 0.417407600433 0.230482951999
0.577407170372 0.00218497250803 0.0221188620527 0.485775474373
0.580612768754 0.162904117597 0.178670338515 0.340625580639
0.449933727645 0.674244742157 0.77029066606 0.289870190981
0.754550917556 0.651855709383 0.305027422367 0.285310643806
0.311936582726 0.44817630991 0.937109174892 0.0844605022929
0.332962099142 0.203212936419 0.344867475573 0.273694462156
0.0685648561205 0.739236091829 0.0789703049905 0.501004679795
0.452715363591 0.577314076782 0.981424592257 0.262983389468
0.287019301693 0.420246182518 0.20214506449 0.398255062604
0.544147549262 0.497018276138 0.995839962498 0.21973562096
0.820784863193 0.309966240692 0.24520634103 0.316702504904
0.927840560353 0.843602443963 0.28205670703 0.679908846424
0.70369492204 0.729034740639 0.0634768235122 0.126083689109
0.00638939459243 0.0377420080782 0.94443175229 0.227278041201
0.855151191102 0.800755783031 0.00430407781457 0.75800871105
0.438210307637 0.574328318962 0.288352107492 0.19521388902
0.199066162566 0.335932883914 0.874118839527 0.173053005948
0.00520304035498 0.761476743166 0.711898040879 0.113465074298
0.609247313154 0.52193852707 0.858601561575 0.191350409137
0.410072848912 0.833789078535 0.399277775513 0.218584140768
0.288520248162 0.223004674625 0.366978538762 0.204351654406
0.720752425515 0.169027459096 0.854418903507 0.167914153052
0.493746753779 0.875347654018 0.228263241982 0.275693560056
0.650323393662 0.502677926999 0.797520770754 0.268904195987
0.559007763029 0.869233413231 0.115152608682 0.337958224522
0.777612123612 0.61614461982 0.46429966978 0.249699326349
0.533849784937 0.341054951298 0.417988045603 0.162985172807
0.0981797730017 0.430304967622 0.379476851123 0.470864261318
0.70731685269 0.966709000985 0.165955742224 0.368292263742
0.431110893365 0.256529905045 0.377820513703 0.271485717722
0.607663365193 0.239418667503 0.0138930663223 0.361899381504
0.213392837716 0.494208940482 0.206688163657 0.342430608503
0.778431007275 0.0328946318684 0.16663486659 0.411976214424
0.474328318488 0.520240610384 0.72248610036 0.195794804822
0.33825166029 0.919645541306 0.147303271981 0.319307272828
0.229040735768 0.303730489571 0.00362907552378 0.377093271103
0.697045699636 0.127547500846 0.069840376219 0.24993977079
0.0568322586057 0.637414881888 0.0808418301872 0.389256908981
0.671456908437 0.681743945663 0.520733024025 0.391069992753
0.0528747795574 0.537121915957 0.0114390991785 0.423713896911
0.985541098627 0.539158833901 0.221327466331 0.160965855653
0.0467652699218 0.0578567413883 0.0800989423129 0.747657412991
0.426164320853 0.0146286782728 0.146041373731 0.494720330857
0.630165529283 0.925642888093 0.0638393037956 0.183211566606
0.805611086599 0.801188066659 0.219851875405 0.40462554886
0.665625763677 0.581070921787 0.403280589211 0.0703497364561
0.0263602396303 0.335442998154 0.585774833941 0.186502637251
0.687274681034 0.367192630546 0.914698342039 0.181908205785
0.702445544555 0.414895411276 0.924182981406 0.108540273137
0.054984011162 0.192938462562 0.4803055462 0.357982444342
0.297288012375 0.15996983984 0.507891413744 0.39652274759
0.566287516868 0.184994974672 0.577187100032 0.345135750352
0.119702579116 0.865237611729 0.0691730834512 0.56503762485
0.732218501338 0.0576065261967 0.433415146699 0.148225881304
0.322969768676 0.987365762176 0.0232889237008 0.807641053896
0.597989384896 0.933695252806 0.0103102368338 0.607967527045
0.506094447355 0.604503294813 0.918067993949 0.123496302749
0.096944122647 0.789016268162 0.986084920942 0.1467941569
0.94801066388 0.767135816456 4.64432648803e-05 0.198706063856
0.55523757752 0.633041869702 0.776497054803 0.321830774192
0.238453283984 0.420947917106 0.499323811363 0.268446902636
0.367756567367 0.00133403122451 0.0328378473818 0.711291291198
0.981447112949 0.898055091139 0.0026667059598 0.6184842853
0.380136812674 0.349987778239 0.895269162482 0.230505177233
0.724724701832 0.094371201821 0.260346701335 0.494254292222
0.558913096986 0.887394685126 0.389913883705 0.245080798309
0.175443411971 0.706839687027 0.00237573387365 0.453523100018
0.233672189276 0.617428307422 0.00333894622591 0.394910914217
0.628254711661 0.339477355549 0.642551873408 0.316213966219
0.549042989518 0.0665116906283 0.00245675949043 0.660146650551
0.854718520611 0.604726188443 0.520923313219 0.372787170371
0.260516999892 0.678854111118 0.864481950607 0.271672790848
0.436165474594 0.431900326433 0.118972387875 0.332935416822
0.513285282511 0.127803918599 0.36752449421 0.283415211064
0.172155147293 0.467065373538 0.854953219865 0.131527533993
0.4941780007 0.43309207496 0.0307753597995 0.293339370928
0.37194813596 0.589064018665 0.105876114429 0.344265978054
0.337558391159 0.79811474438 0.71640087587 0.262228242388
0.712193143495 0.489496122502 0.170066605202 0.276574785103
0.0319954843824 0.711606338822 0.0195821359116 0.58121844649
0.686572321431 0.772635197272 0.660188697784 0.231205064925
0.744099092538 0.735162226275 0.955021017408 0.282169193143
0.0431374960862 0.891995526302 0.00156330468492 0.573885016668
