0.882781460665 0.390200592505 0.0117185596628 0.510097132019
0.581473895103 0.725043883868 0.332182752272 0.311704079782
0.210060723396 0.937428826233 0.978776396469 0.185455238371
0.927179382025 0.788181117635 0.254479631202 0.480739295182
0.638158280398 0.661599223335 0.0283379358475 0.111507150022
0.00122720214245 0.623090956764 0.767432640675 0.332716259798
0.369593619232 0.454081050274 0.875799179557 0.16258306253
0.333086544533 0.856230588037 0.0350475280668 0.49875271536
0.11593641931 0.487552361363 0.405944153271 0.102943746331
0.139015380291 0.0983968661687 0.419003820629 0.468533001871
0.762221132542 0.750277044864 8.7784254876e-07 0.404857705869
0.102223183681 0.724423831293 0.0639930167357 0.229146895256
0.663347242294 0.295155380606 0.379974806452 0.284647611022
0.356195486615 0.899904972668 0.451418737721 0.318011495789
0.43050052104 0.987847635699 0.73955228395 0.210048039693
0.732044244995 0.170588527751 0.866006024423 0.181196311691
0.184768435495 0.885290281354 0.0469985521605 0.161073603538
0.440129943214 0.785592408288 0.572268218894 0.283621297799
0.341304588695 0.375870434968 0.963092892121 0.271680221623
0.349691456029 0.174149367002 0.037045952111 0.386857951526
0.437466657857 0.527167592894 0.224705908388 0.0417697757955
0.182642886038 0.730876398325 0.882566902974 0.162638458995
0.196974348388 0.461989379878 0.0471887634686 0.241012331971
0.516332065357 0.986921597715 0.115884776725 0.393100680279
0.737843002415 0.650915828582 0.994126758731 0.104214794569
0.478848887581 0.810310752734 0.12643576597 0.543375760867
0.361371818903 0.351468497416 0.689500959219 0.172942955487
0.491089241419 0.849812499689 0.0537827893962 0.304821976324
0.00351326767299 0.0950077715533 0.478268919687 0.447290241213
0.099074016348 0.335803854234 0.00485839167277 0.334094693471
0.166683658442 0.503603085448 0.39016307335 0.290584830624
0.290978628633 0.666621680102 0.634883263749 0.235030969938
0.414239843504 0.6408434983 0.581323633326 0.117731092042
0.347038245061 0.419578279026 0.108151118218 0.35149673774
0.000834696020807 0.946139569709 0.0360420675637 0.226136841938
0.726998110759 0.33720711112 0.889703525995 0.168819208872
0.382537186174 0.555783090739 0.00345531845155 0.187765666201
0.3533063283 0.339484125936 0.12851137858 0.254494750535
0.1901039269 0.495805527943 0.921139256014 0.137195981511
0.491312451555 0.972622921354 0.0829353577786 0.307198732767
0.390298174751 0.457213941954 0.475892420853 0.210400184062
0.186456155739 0.230525876755 0.93464968917 0.277187498408
0.274491871324 0.786651026443 0.424919105984 0.098726977232
0.0362558709931 0.252499221876 0.0909058909287 0.228119829656
0.894839132212 0.469989922979 0.432757027017 0.402678398043
0.850883548964 0.193687899426 0.14878488699 0.412726592994
0.264797803009 0.720426841878 0.107899205115 0.231943147099
0.832228180145 0.660529483517 0.0334306700195 0.43549365963
0.398239747515 0.522439413859 0.070038970322 0.133215266302
0.991949649166 0.71247828784 0.457640196586 0.260322788309
0.479496799884 0.391342644478 0.119368226503 0.0885289485693
0.441774991557 0.972247318576 0.203863623907 0.233596254017
0.586708125781 0.169390921055 0.893711623985 0.319119690236
0.651019812957 0.0340279737251 0.00897852071744 0.1921913317
0.606032924334 0.858817112185 0.806245409304 0.249034874514
0.776547147124 0.898499346439 0.366901028484 0.393412254441
0.343056233387 0.342185423173 0.793277898954 0.25377615997
0.5717429226 0.531289911832 0.0452061860917 0.287539919108
0.879889549564 0.144966018008 0.872118864537 0.134348494354
0.333776496115 0.187129695248 0.287747050923 0.252423693956
0.217748102193 0.0630413412405 0.0844542560635 0.412323027269
0.186637884937 0.921188407188 0.766403823322 0.13792233878
0.299336706728 0.936652102748 0.372584394619 0.281146965739
0.433410364642 0.73030753574 0.170112993837 0.416529037941
0.842136685949 0.341462430127 0.0719109513826 0.487903217436
0.681700381444 0.937489162015 0.659018364046 0.339010107432
0.722657386005 0.454384647768 0.0116617501425 0.312663011413
0.660928147663 0.31202623452 0.374156691589 0.150875250617
0.346131614159 0.751061361674 0.000228371607129 0.127033220441
0.175374112077 0.84735881727 0.159465977485 0.538060549271
0.180508763369 0.468500516344 0.0139881529227 0.534410579884
0.146138259483 0.0348865007948 0.320241004296 0.457692471894
0.272560450106 0.227854569851 0.00136973833909 0.194821849754
0.911683515798 0.84086083737 3.69921612522e-15 0.472730449231
0.430183250503 0.354971586425 0.859551978623 0.222887031796
0.40805077175 0.996352454447 0.250829669899 0.318438471237
0.830712754195 0.217794963407 0.00446526153712 0.378968956194
0.781600645591 0.546847887281 9.09930127323e-06 0.148410550333
0.68547296819 0.281511538675 0.414446109153 0.133836440426
0.172068945315 0.132888699657 0.0681821912505 0.0306255616556
0.42967215506 0.84273184369 0.575913355901 0.296391077586
0.730208931874 0.344489089045 0.223170374801 0.360047877872
0.647999993821 0.44741619137 0.730171772947 0.359244251485
0.811622158116 0.898430101171 0.247996270555 0.477264259687
0.417680955141 0.890256532194 0.211065512885 0.41226284178
0.370850453224 0.607923843736 0.762962377914 0.249925041571
0.63011064404 0.404341830723 0.546338026174 0.227555588154
0.0961197937623 0.146483135462 0.0490881586205 0.176516082062
0.836851213652 0.0969351298043 0.991874265455 0.197161800049
0.866546082762 0.148270377994 0.00986536845423 0.476145999086
0.218655647017 0.662461568563 0.0099017423359 0.509369615587
0.126187811353 0.165960300048 0.857069314871 0.115347237067
0.488676324325 0.752970722658 0.908701843963 0.103769248982
0.103773386095 0.46094128517 0.0850077861863 0.396969056634
0.677943468767 0.230458516715 0.639972627296 0.174756498446
0.694815764626 0.506335010373 0.530889289671 0.11849001471
0.0266578850963 0.248172875156 0.483069094239 0.467955798955
0.33246732344 0.869172304799 0.0612179331971 0.68502932458
0.319112636012 0.642684256924 0.983239690027 0.151544556575
0.32615938449 0.750308862607 0.0376989467312 0.095668490483
0.535709754972 0.985838200927 0.500500918453 0.239406386626
0.0652698591721 0.866798449569 0.337276700888 0.294516325019
0.421195940013 0.436294274045 0.265143855119 0.211154992666
0.328310077807 0.74011657615 0.477173931292 0.267364949671
0.534286018393 0.486394346292 0.18751880501 0.162282962271
0.72277080722 0.360692976668 0.682008460905 0.282865157237
0.293112055197 0.450234309973 0.524310605077 0.157932074604
0.198891090068 0.194639336709 0.68699951101 0.30542374305
0.390365621723 0.811590228022 5.73777421823e-05 0.573799831362
0.113441788324 0.419935730888 0.958798217883 0.28619752992
0.214803819551 0.461306325277 7.24029413724e-11 0.0485631652579
0.966592313008 0.971545688147 0.449207493208 0.320480612373
0.577241275328 0.87783878338 0.553365201631 0.151207233633
0.767174433161 0.693584779934 0.425947432379 0.259073387002
0.493685368382 0.963868327067 0.0241489202371 0.361008499102
0.450218238263 0.0758161145824 0.354633922091 0.207500912965
0.918268412634 0.457532071064 0.0924625097702 0.49955817759
0.812856097776 0.766888673044 0.20879132756 0.379016926231
0.334053924301 0.00542403567909 0.202671037353 0.376144797401
0.45717824177 0.609267616069 0.000647267076309 0.160375359258
0.756331758681 0.403001095763 0.929254831597 0.0711654620352
0.874995924034 0.849931063875 0.000227378469219 0.442778758547
0.69991414323 0.757359727045 0.000461668155786 0.258858387914
0.431487658908 0.557178828245 0.71275255654 0.288490844216
0.939493161354 0.772413982843 0.787089668169 0.300032395594
0.874497364907 0.637362688247 0.145700823738 0.203051505874
0.176782731107 0.657961827079 0.171783988046 0.296443889149
0.00692009682044 0.235967283445 0.349480653864 0.316640274477
0.69650476825 0.141520835968 0.0318394664796 0.579960818532
0.113277203798 0.455278568742 0.216911405228 0.48155406894
0.678586904604 0.913164822768 0.140380520393 0.405993529128
0.247265135198 0.406719813836 0.753841859774 0.181119761172
0.802955616024 0.690593752463 0.311950812875 0.330879151391
0.846633548177 0.433685777544 0.592056666936 0.25020967358
0.411533862409 0.544190644294 0.182052296379 0.134806548951
0.141358698412 0.288207284971 0.410887128565 0.38631813291
0.919936282176 0.929074152156 1.46098484912e-05 0.610880184124
0.296335228178 0.592011036429 0.988738175817 0.363617236859
0.322749802801 0.219056859608 0.158638308999 0.168847490722
0.941281018866 0.874718542298 0.494191524517 0.438062256635
0.437755169595 0.22040349326 0.325392667807 0.243220655875
0.78947303604 0.485706730966 0.141582335887 0.507925176106
0.49405082665 0.666982463579 0.00147554751104 0.319338262838
0.287648488317 0.383242424045 0.0400180831137 0.308966758373
0.647781411328 0.124055030657 0.797047405782 0.182218701564
0.190690672739 0.922189986582 0.0385228097297 0.225747700732
0.498824336043 0.252309673116 0.61622117653 0.166994528644
0.876061834692 0.46700890152 0.0361041807253 0.640917297931
0.163128367169 0.198994062208 0.963135456409 0.178574007185
0.106061166611 0.545837201841 0.46402751597 0.267936171281
0.535478805664 0.726869714521 0.232301513817 0.184766591759
0.645616219834 0.706218099317 0.331532885007 0.293666943903
0.206181987562 0.76116232471 0.664129927643 0.217012891599
0.588454090684 0.977363984097 0.823248602875 0.284383676605
0.35000430462 0.569958406695 0.0422751412999 0.287918440421
0.918872755554 0.961383500952 0.120863218831 0.438908736953
0.422924264911 0.766042684541 0.957977341966 0.163676498618
0.302328266848 0.463811188678 0.0024722710948 0.202315651682
0.648333304368 0.304728186703 0.67537243 0.192872777405
0.289588770089 0.664004223467 0.269634843839 0.341304326733
0.47958325546 0.854927392665 0.489032563495 0.190572989264
0.913571065274 0.85345863072 0.457002787585 0.303417759854
0.668504601524 0.911555035786 0.00284070241756 0.652473002523
0.240406207706 0.345814987898 0.0149861965805 0.295083022782
0.458042796668 0.15735734915 0.332454160902 0.289607726167
0.351356824474 0.168048234939 0.276052972164 0.249475319929
0.140543228868 0.260366890063 0.015961195278 0.54781660919
0.0217619586204 0.254984168675 0.0705683182088 0.414258250084
0.489727966203 0.722034349682 0.202206111446 0.102965482269
0.0112582452058 0.514985520744 0.167243740924 0.385837342476
0.49625527932 0.593943767361 0.00154123194608 0.376223333702
0.836963545753 0.957063970985 0.889838620749 0.12526128085
0.333417054536 0.162421610498 0.745226160581 0.265646464078
0.566914701921 0.292799174182 0.196698081511 0.227459864625
0.540480823665 0.464725235831 0.902700374899 0.223207652496
0.22547128142 0.639178313799 0.587364533886 0.263241830834
0.451266598494 0.283863196718 0.948088620655 0.0982482454889
0.615909576074 0.162631167228 0.996078155566 0.361491980067
0.516548847306 0.758873979375 0.000398947421303 0.204476037963
0.824998081069 0.0487056684928 0.0426703123304 0.547360336323
0.372219618144 0.850343291808 0.0209324628798 0.360812196024
0.772564741735 0.377345515328 0.479414033264 0.180895010735
0.398061839985 0.917641801228 0.00436603394937 0.421657894891
0.650520727459 0.300024737407 0.424469185133 0.213668241499
0.459524600123 0.209289201843 0.0320406303071 0.260872431876
0.669181098832 0.753852625357 0.967203446192 0.20747576366
0.2424561509 0.352622769513 0.25059887358 0.169809755443
0.698705596464 0.896298608888 0.0268110722885 0.718389261067
0.245952163115 0.528508847694 0.648638772438 0.207852748297
0.804455136621 0.124479852974 0.746573888144 0.242666069581
0.693377150061 0.601100685974 0.000387592493091 0.194723419486
0.706419471797 0.676301327322 0.994920495031 0.285703910415
0.215740825223 0.768784696667 0.0383211229748 0.318954444385
0.688532060565 0.892833713135 0.0458683052196 0.734672056191
0.278286865256 0.781522031642 0.0287853578173 0.257570703548
0.975619034729 0.765758846244 0.380056269093 0.355943539681
0.109891694592 0.197649667004 0.0640382039358 0.510498412856
0.103955210431 0.420464084537 0.534232868329 0.194812145687
0.642974253627 0.0140503074169 0.513658423383 0.230718731239
0.347301328249 0.854716331887 0.418934364244 0.201237812496
