0.243749781944 0.328869354321 0.421168110588 0.307893513449
0.302974374425 0.48069046017 0.886350865441 0.393374112022
0.329512308747 0.551396310701 0.870545218035 0.420572836718
0.408144704156 0.690795836261 0.992785970003 0.149267554325
0.500646997515 0.499322894138 0.998940199986 0.207548846636
0.743375559814 0.66553666492 0.435641618281 0.21749421569
0.869943424751 0.363818646977 0.987150969429 0.177103000776
0.431385741883 0.317895640495 0.998470860988 0.343446992168
0.261480991258 0.389864224084 0.999798389783 0.364980467683
0.45099341295 0.553707004199 0.962334017022 0.29731239984
0.239550283662 0.777315150019 0.942485854481 0.378220599301
0.937837414286 0.144638811408 0.747707036844 0.157416899947
0.916746965668 0.410044506489 0.999952616438 0.597228053257
0.461176201305 0.345420126499 0.67611268291 0.402456391964
0.944686573567 0.601295591424 0.00200128726982 0.358020177406
0.781729153691 0.538074654671 0.990601180614 0.164400363793
0.543128686203 0.768638217863 0.565167220016 0.408910687356
0.705422739925 0.495678616329 0.998749944091 0.390215751748
0.987385034879 0.607152336743 0.998205599285 0.632630547728
0.740611633452 0.355486602473 0.91927217564 0.26313675871
0.388292279633 0.022245265474 0.00238707163338 0.63046034188
0.22860967375 0.425413898909 0.920096509872 0.437317107633
0.289223126873 0.531349603995 0.827915479994 0.275519624537
0.500631145986 0.205465821573 0.998932872451 0.539551457356
0.346766421596 0.667668156079 0.995190862106 0.472437547173
0.243215851143 0.207442585396 0.806570099463 0.435949998316
0.313904750137 0.825540326665 0.949102371936 0.451358265878
0.0640321842611 0.785070796946 0.551403292928 0.393425900907
0.164861401054 0.63450140095 0.999343463417 0.457243639052
0.33958906684 0.655892062637 0.407691476035 0.323392665431
0.365712033202 0.155761738589 0.546337142876 0.313437338549
0.438193693532 0.305512249289 0.952102288205 0.322033796366
0.618070197964 0.156021605445 0.813202824966 0.313748193048
0.872838351774 0.20377441058 0.999984384831 0.227813242539
0.771052894652 0.68453376796 0.740823004489 0.269295671697
0.191922187123 0.569448866096 0.684714989209 0.231841601292
0.729993262148 0.266616635478 0.00352914433633 0.566153043399
0.859349372048 0.950189256842 0.293143350776 0.413666446091
0.671448854062 0.346392434621 0.394861987454 0.623330554232
0.672460077067 0.360880752044 0.138856355869 0.124016267021
0.75361580058 0.623556450337 0.938936751678 0.700422138764
0.499672564203 0.0366403502428 0.0703554760249 0.488971817423
0.802278631718 0.846652893039 0.554342184596 0.264394946018
0.940031597884 0.506857937137 0.404361450142 0.495454701859
0.0925871677947 0.0297378790201 0.525604631824 0.562532984703
0.143885848982 0.350319533435 0.999161189483 0.429078066906
0.807304767977 0.687129101169 0.30199888523 0.338084762965
0.260135673038 0.637248528691 0.99973399447 0.193589295336
0.496126028116 0.595732657533 0.43900609287 0.260332697918
0.0302740080975 0.871252462038 0.474947298077 0.455347398015
0.481963612723 0.755083352032 0.229189815088 0.105241718534
0.747424844034 0.472477478122 0.0336243025274 0.128124816222
0.791858256069 0.851590930418 0.309834803663 0.663365660142
0.735883649846 0.785132208232 0.0176858719909 0.112690473167
0.269022995382 0.701445805833 0.0285309046516 0.33562915304
0.245063577514 0.478465626358 0.0751256651886 0.161375365035
0.388182639944 0.471629403652 0.809595224335 0.260122980383
0.453221745371 0.840899676861 0.912799096642 0.176330235222
0.175701411419 0.73231312755 0.965731809308 0.311493367593
0.146353738006 0.0394280412583 0.1138263485 0.712007142329
0.526827973847 0.311721574627 0.238929928462 0.382589754462
0.689322844293 0.903544498234 0.991994551019 0.393343302578
0.569359823921 0.279892450451 0.853766547613 0.618884196734
0.57870039041 0.337263544164 0.942791059058 0.617167410711
0.692078635757 0.780460920878 0.959437789272 0.500999415185
0.814737746577 0.563748219769 0.604045468567 0.362043002435
0.168735912444 0.465572929147 0.44535063213 0.215118889215
0.331231996832 0.479445688776 0.069267838115 0.264717810139
0.599484658556 0.507521302457 0.985473088503 0.274360746157
0.593555748088 0.436652750146 0.417228590264 0.39153538749
0.441803839953 0.721625773562 0.162891349508 0.133579877099
0.534666387765 0.702327825101 0.884348336599 0.474311388773
0.589784954162 0.48660299011 0.00735148451551 0.0823659041427
0.317479970385 0.642952953455 0.787334535484 0.22808509401
0.73908604109 0.603978964574 0.444221177707 0.173291851241
0.132080502287 0.601538802383 0.999973295779 0.103778121711
0.808452732905 0.195382810514 0.883828810703 0.409843132775
0.974655218926 0.421743033375 0.00260431874933 0.379842045186
0.933625122048 0.7488372808 0.999351791062 0.704595123001
0.255267849157 0.443742519073 0.933614410191 0.581162551382
0.179398020335 0.951061207798 0.817477067455 0.25546086776
0.360875143249 0.389153437942 0.910342711687 0.442138984552
0.477546944305 0.820313533071 0.316667932314 0.100867388299
0.804621705986 0.492067443205 0.91791194621 0.417832421286
0.265891180473 0.533947982421 0.792754592887 0.471360298858
0.794700027693 0.392087880265 0.987799087551 0.077770532026
0.978479127303 0.702344641121 0.171027119829 0.415560826379
0.486316762227 0.257262749933 0.999275732744 0.700378793916
0.641015128897 0.714634078588 0.687022716809 0.171026209745
0.878610666157 0.845507498566 0.442335409924 0.381175320589
0.343729100589 0.450446741093 0.0605633911152 0.426703726851
0.391222492877 0.312838022343 0.523031734633 0.131193753892
0.552957015882 0.518527807099 0.433199698411 0.0886409028754
0.36015270991 0.790820281702 0.994888839193 0.427963554004
0.928609935365 0.981573946619 0.831150062988 0.471108655642
0.899795034162 0.158136190006 0.0610023686144 0.233537466597
0.291817822429 0.170298371639 0.00447604073999 0.448099941533
0.376158373532 0.999601769978 0.204703490095 0.453976786879
0.638766661931 0.782252641734 0.987961781336 0.400747057686
0.894769422997 0.271824835405 0.958116866205 0.48298568422
0.902300484091 0.918520872318 0.773542506217 0.636480771237
0.554336097433 0.41036879085 0.903881994399 0.407525561746
0.707921152232 0.44929196775 0.503773428894 0.216120751607
0.799484709293 0.302832053607 0.127696200705 0.491067511517
0.644382776501 0.813094086928 0.996266018317 0.276685555591
0.482225580274 0.494989701535 0.436907098007 0.280416868511
0.357661037846 0.335954101521 0.118006764545 0.437602344026
0.182737229079 0.602134100317 0.892616224012 0.206008990914
0.450177520659 0.0817312276196 0.927914002677 0.469741336409
0.621270247811 0.41944316016 0.969621031568 0.299683553321
0.512531175533 0.550368693826 0.884875534919 0.389895171352
0.725243009638 0.537182448778 0.557332607865 0.138047950354
0.720080121856 0.433222707606 0.988972472695 0.238637757569
0.548358783441 0.335985297406 0.990034609756 0.34775424877
0.165883562413 0.733596954534 0.872784494287 0.417671897478
0.466000139308 0.856340717407 0.94970194588 0.476242987629
0.19997820931 0.793952557856 0.999714626608 0.340420742209
0.77357337041 0.719145471718 0.687928453802 0.431294639791
0.970700067569 0.387723294701 0.537490026336 0.28384264149
0.441173201429 0.464576728279 0.990762239531 0.241226228366
0.348150492814 0.531217076963 0.45950815848 0.55551501429
0.233730103087 0.780249186531 0.901057139114 0.694500165034
0.401012964987 0.260976355872 0.52054170618 0.262766975204
0.0722413326023 0.401928863494 0.00282063118475 0.193828781192
0.420382584482 0.770621356244 0.377003418013 0.308230237134
0.634594855224 0.251976767505 0.703692984645 0.424839372574
0.497625862245 0.599645195628 0.592944907106 0.249596241415
0.864150700244 0.165270649026 0.260123324991 0.449892161235
0.298262119322 0.793221019264 0.947218991973 0.541986020221
0.54792317207 0.796054899108 0.308471878386 0.554583445181
0.607150722672 0.163826934542 0.971637411856 0.63042261442
0.669851252481 0.793134125236 0.232467819319 0.146022724151
0.43788808895 0.370474874946 0.421420136067 0.122450654054
0.786452780593 0.561081814643 0.995376679859 0.565820455609
0.553865363353 0.540298085939 0.997493863188 0.422528874368
0.43379842537 0.367916527072 0.928336736891 0.240148855208
0.27387382758 0.548317335721 0.999998717447 0.460433141462
0.0741467400776 0.98137383488 0.232530913404 0.764049001253
0.875154309981 0.699823714992 0.954055211919 0.433947692165
0.685934930402 0.510467580548 0.570103615409 0.340650403191
0.198552475378 0.371138403086 0.942139647524 0.374380641457
0.194977577644 0.0680645173403 0.908921421251 0.289731170313
0.089889869259 0.296685582262 0.0781227109292 0.313859673938
0.511017659279 0.408030096868 0.985871092583 0.366035877451
0.86276883496 0.362677332809 0.826268068977 0.618930308873
0.36203889644 0.658033733912 0.999412011392 0.391114638776
0.690767550174 0.72992185432 0.0157257881129 0.387643403107
0.0602232007625 0.463155317631 0.805106925747 0.703267019316
0.509436661605 0.539167669941 0.717267124643 0.299347165792
0.479136893709 0.186050997791 0.765010797661 0.45279961596
0.464675835433 0.825739653774 0.428353199956 0.21782495702
0.556248461538 0.328857084615 0.845513510591 0.266183531739
0.472267476839 0.12959785088 0.183160943141 0.575036919995
0.933307920063 0.431206318146 0.999044549124 0.146297621516
0.232817010689 0.15152121641 0.4759004157 0.194155668335
0.805439571427 0.389747713124 0.999612947316 0.158311721556
0.965095644806 0.191406653439 0.121524895575 0.364754278278
0.284640914181 0.558644953974 0.850641385821 0.439263177453
0.571391553014 0.218836021907 0.957138613065 0.250392688506
0.101796304575 0.370642555881 0.0106290329128 0.442859026694
0.733096694075 0.625784312558 0.548412103205 0.222170809424
0.343022695429 0.273952095661 0.894592494341 0.595842683101
0.338794068115 0.456144883758 0.440918483571 0.353971437406
0.367678239295 0.0298758797854 0.880748906558 0.107979946289
0.704070654319 0.116964083522 0.279570690711 0.493602550702
0.654156012103 0.538493140164 0.997816381 0.290688835058
0.807274901112 0.353640701617 0.924801640723 0.458154520904
0.60537931086 0.710357780572 0.255807614121 0.422542914251
0.656689083751 0.437558821086 0.764902709648 0.459336278862
0.80321048255 0.773013543046 0.241334162023 0.55756885549
0.901395691955 0.521678937083 0.0124376991918 0.414916337963
0.658724891233 0.23049047988 0.431221226609 0.283121860451
0.737105915156 0.334220605707 0.912647295152 0.177161101336
0.181903517273 0.0942811288098 0.12681478043 0.527341036557
0.619590109818 0.550305618322 0.623620343276 0.270017274089
0.0309944384501 0.827062577369 0.845542174599 0.163026372359
0.747896056516 0.725530488725 0.882209725745 0.341160290652
0.529279931813 0.584890056688 0.420811145221 0.407796501958
0.327140729874 0.425820291954 0.942550793095 0.144606682079
0.541337316919 0.519898849011 0.74229833137 0.183744398056
0.479919964253 0.321392489467 0.113184047585 0.192761253696
0.392106277769 0.365883695556 0.972225636576 0.231247363771
0.879283827269 0.562744692211 0.489887054914 0.201310524161
0.197044433881 0.578167826298 0.786582212329 0.387746720019
0.243579064573 0.0920435873975 0.961483953573 0.487200302897
0.0388031185897 0.849587088551 0.532189739853 0.337704029047
0.526149663307 0.214901867704 0.47589312074 0.345545742813
0.695825242488 0.385296504716 0.207776620534 0.192042486915
0.0830192895151 0.551818321486 0.983481512423 0.164779187595
0.35656839764 0.522593945327 0.88872323185 0.479183784699
0.710778418787 0.801266316161 0.0988873135202 0.432754875694
0.466820783484 0.324117116663 0.995586440519 0.351497154557
0.288564505735 0.81124888061 0.602179671122 0.198751231505
0.722791724047 0.687342594126 0.440213652406 0.383363055654
0.846707324306 0.574915809005 0.655079996911 0.351372729933
0.719679480252 0.243272101171 0.416801699501 0.463064353857
0.713545176508 0.0896045736551 0.889159426715 0.189248439355
0.25079639884 0.471499366567 0.414185075226 0.25235021226
0.542167172726 0.965658018197 0.0569687706967 0.423494563323
0.440592007643 0.431549289383 0.382788318941 0.250203061075
