0.5631820723 0.332944604793 0.37154903452 0.457987994286
0.191225506659 0.918828151448 0.929427828397 0.415596643493
0.584831731725 0.394662090643 0.903114811911 0.350761253043
0.54767183514 0.266780204301 0.0698257529988 0.268400517966
0.602296759678 0.517380617644 0.124461703946 0.393715198522
0.738936971674 0.55150949266 0.996246271987 0.158219663604
0.715942463757 0.975775502647 0.849708023678 0.142826980211
0.644063214662 0.708964046669 0.991574972605 0.352899738749
0.170450718404 0.23994474436 0.196809197459 0.55499746191
0.854987693602 0.364893511921 0.612455785463 0.301478777673
0.234406777718 0.610196402472 0.950034395017 0.0859085125337
0.647166956733 0.348613685446 0.385448188293 0.315908119384
0.733051417434 0.487739442633 0.984755149476 0.488480756184
0.490333240729 0.42840809439 0.513854799199 0.389077611001
0.399188153229 0.393815661849 0.29150104065 0.333480364856
0.633428526908 0.95863907197 0.950591542618 0.556860177512
0.161062341994 0.289741463098 0.32406167026 0.460167505169
0.657695785159 0.533157385089 0.0193484638275 0.121536517282
0.560682781179 0.502955713865 0.981870406653 0.41531521801
0.587254522956 0.76803693076 0.928470153342 0.4548508794
0.441206601232 0.382075787827 0.813045472704 0.113204403078
0.917597941537 0.930612467364 0.656403638622 0.36890678525
0.0652724947116 0.246282543938 0.589034370684 0.486837569225
0.182644134363 0.530480934867 0.960800663751 0.403997598192
0.947373275057 0.431738227224 0.660640882181 0.401036377521
0.541013552601 0.893179248104 0.151727872963 0.364613818449
0.850504661275 0.200263426758 0.0714478149681 0.774677502931
0.231406425454 0.164736402195 0.935270601919 0.325275432028
0.826103701692 0.517291005147 0.331821375252 0.230333933294
0.599848058433 0.593344273682 0.797582696139 0.480775924239
0.782120524212 0.428509720029 0.388535374257 0.228048507245
0.930435139094 0.223917782484 0.94196112538 0.234932893221
0.635202399795 0.614582401133 0.0013269264018 0.271117996316
0.660976407174 0.514648473319 0.665610648853 0.173806776854
0.463745129783 0.0695077082807 0.326968680363 0.347257420742
0.342075382052 0.539934383342 0.831002686172 0.376492065682
0.612541917562 0.818237009373 0.997277297509 0.326867117734
0.306878221328 0.837015706049 0.509816678187 0.31192715362
0.0474757446474 0.619330137047 0.937116329986 0.31871804144
0.342458114025 0.552625793252 0.934676236038 0.332373799154
0.803365164286 0.814458447986 0.867000043781 0.303709124417
0.0942836875959 0.663678512747 0.763326337869 0.284150377104
0.951691189044 0.452407765755 0.0797113444295 0.373245083983
0.056903815902 0.168089314632 0.921870682693 0.156293093833
0.384351619474 0.415609705135 0.0871173431644 0.1688252455
0.582581871649 0.526640753022 0.931802339768 0.434786432437
0.216639740167 0.49198459892 0.98018260684 0.335069213863
0.630806228346 0.846535051238 0.928174861502 0.504687895436
0.924542654682 0.259707517426 0.376856369906 0.286507920024
0.458101894774 0.360089318434 0.996676502811 0.352162320752
0.328184880352 0.21691040741 0.017789765728 0.616005243703
0.495891178226 0.208475273995 0.466232024283 0.230315715795
0.326175508029 0.317322400196 0.929844406441 0.359116614081
0.163206345962 0.448181024848 0.669812767591 0.318462699856
0.231644147285 0.000235035651425 0.96253659609 0.530056310451
0.0510073689468 0.321175893446 0.711133130731 0.171189874498
0.354134064127 0.287289383093 0.738678890883 0.277127389386
0.369342157893 0.176268802437 0.528058127548 0.491091367151
0.336871788248 0.42807795148 0.967318374845 0.403368567588
0.734762272643 0.438372496178 0.917311075148 0.404845886745
0.324545888105 0.769410002895 0.275677347116 0.416566235707
0.412822299638 0.825444194039 0.265539923156 0.305022040896
0.584264211371 0.583421075589 0.288614203415 0.49839864351
0.29079883226 0.421126022548 0.990240723441 0.38448248351
0.801703800024 0.491083582464 0.859937995805 0.425264623579
0.504507319547 0.13282275325 0.885300171133 0.212438724502
0.210628091838 0.989330169325 0.926058249665 0.22082268388
0.502225844567 0.0764380483142 0.0495517002924 0.533959003409
0.35874890645 0.674039522615 0.845919522004 0.3177598495
0.694959880596 0.501990548944 0.00542567839346 0.15101950466
0.754649470928 0.569629287316 0.766479259442 0.635057643249
0.543366026886 0.164868463459 0.999913512993 0.272383044021
0.88205136051 0.425727031766 0.177032087515 0.626115548358
0.890085437906 0.980946139935 0.882364802545 0.273727049758
0.0741421242527 0.763021152908 0.690028839898 0.388543951026
0.777726778471 0.562142047241 0.0302984122418 0.527998760042
0.0768980767271 0.828989993367 0.782338724176 0.226731578669
0.314718935552 0.338141529457 0.986444346284 0.397344457445
0.26458701911 0.291742112098 0.944368375876 0.270741572685
0.77158649946 0.434109467461 0.906975375865 0.29421165696
0.145567844747 0.65003417815 0.475508537213 0.21409580312
0.54129219906 0.238718678072 0.99999997792 0.478256035562
0.595473177324 0.473384834787 0.999991990827 0.358182268063
0.675901698569 0.329341203846 0.884234191542 0.595947801126
0.758713338684 0.89446236873 0.973038698115 0.39269845205
0.385636486665 0.373748474671 0.840349116278 0.322496839756
0.196737055715 0.438024940065 0.960480065173 0.199343121441
0.208432285418 0.656254888135 0.0942044070246 0.215750026152
0.472239399221 0.689552140076 0.959067293265 0.393323559741
0.291927914976 0.464887088059 0.11944416887 0.216299771501
0.832214355513 0.34232732934 0.999400184503 0.400816273664
0.766681749953 0.122351730501 0.462747836901 0.300106504202
0.571428232799 0.0455639377894 0.292955588445 0.571924988273
0.383481811435 0.371808871271 0.370403877879 0.392707616651
0.637920801205 0.00193410899651 0.880270873757 0.236324500243
0.624141910496 0.616819982386 0.453556146357 0.351833093632
0.217061297949 0.978927312962 0.0338078811105 0.621688471005
0.741437754035 0.573497136865 0.140785741484 0.148183841961
0.494383978348 0.321625764348 0.236532203095 0.143201551961
0.188341610733 0.457015992988 0.991528036197 0.42150691937
0.521980637188 0.696314256553 0.999777187608 0.193051252255
0.652821846356 0.414082941212 0.855081946818 0.21949534221
0.2861075081 0.369214591373 0.0677357046222 0.0976163929002
0.572124452094 0.332914260146 0.901403356927 0.43772181017
0.764418952679 0.0901977045706 0.290274292041 0.220640064218
0.356732785181 0.286511899203 0.993344378172 0.325140591328
0.105826102775 0.50812731499 0.947648247313 0.365923132886
0.876225795109 0.965004036205 0.630572845536 0.308123017131
0.552519593365 0.719258630002 0.194214443595 0.194042877543
0.165864083127 0.403054290017 0.404628402016 0.3135886871
0.51992150455 0.421137257884 0.878202611012 0.37785571913
0.946509259528 0.731193684233 0.997446703945 0.607597943627
0.496289577293 0.265773997171 0.23879796372 0.321990469072
0.444545368791 0.558795297917 0.896444218377 0.501336727376
0.282287241855 0.764488172866 0.91712568285 0.452179625889
0.399338549706 0.887590201269 0.214097755682 0.572385813337
0.362412750562 0.622937951885 0.37648161543 0.207834435641
0.851175719825 0.745113578212 0.00919939983849 0.707748873302
0.364928690189 0.516127562037 0.209729523723 0.216151591076
0.723575367691 0.438182485977 0.990651342886 0.41164429418
0.31217268322 0.119995101892 0.00132543199748 0.387618098557
0.6007182881 0.813799679926 0.379969437038 0.158416768397
0.304486456529 0.258276696503 0.95220268666 0.385287051755
0.424884476701 0.384398980373 0.831955022302 0.410807532872
0.46086991347 0.227019360647 0.00636711787002 0.312187479501
0.528716729625 0.475806602159 0.99471994618 0.486474404438
0.485988567508 0.0880032796955 0.999544492576 0.397509011745
0.486088680087 0.893679226344 0.995031910653 0.437750557864
0.161772372198 0.554633942695 0.353799415791 0.399353253336
0.257690865654 0.716878243895 0.632178241651 0.249499852345
0.210697100124 0.461046830886 0.88239031096 0.31270982771
0.40376546126 0.749650617552 0.999260283748 0.478294764349
0.396765484434 0.0818546766812 0.726593472322 0.287669105205
0.698362061195 0.780579996491 0.915137141087 0.32206488284
0.641502343777 0.502496234155 0.490510333182 0.208829068083
0.287925795317 0.215513058564 0.665350121001 0.477163490393
0.302099072128 0.918274116728 0.863806821797 0.212520520642
0.346838455271 0.385666550051 0.96356505821 0.339109449798
0.984046807684 0.747724149199 0.0558818502068 0.117401424223
0.624592489963 0.556871399346 0.416915184554 0.273284448019
0.767232083632 0.347847891345 0.985757650517 0.688160270307
0.19555003617 0.561502541192 0.982611744402 0.231611143978
0.755873724434 0.0340250517745 0.84539922188 0.429466563034
0.449489715741 0.205196523553 0.957232897829 0.159232884982
0.834779051436 0.90798405845 0.926323030767 0.374032123329
0.448570759974 0.442715582223 0.842519503699 0.531173286001
0.378022859958 0.56603559946 0.538705451285 0.489930790443
0.75497646461 0.697783279432 0.976250262836 0.544311810995
0.453135014727 0.35406633762 0.72249227504 0.250996436716
0.474268165179 0.545637072181 0.654957026818 0.28302546095
0.655811226562 0.487577389727 0.669270450759 0.281784891658
0.675402355258 0.467954172896 0.956718727831 0.225733873557
0.326419037889 0.455279012778 0.995618255299 0.509018196425
0.0551279771089 0.552478666636 0.227899924014 0.464455109207
0.503467969058 0.207337470822 0.00913552501068 0.347832403726
0.543175229884 0.640744621924 0.973866717375 0.446807705247
0.329521447954 0.839041761735 0.0360794707959 0.0773563121448
0.659104535831 0.292617911307 0.156064939735 0.522902656829
0.0307127470193 0.53715431175 0.511133080476 0.492312533996
0.358833958514 0.208379069626 0.742933820766 0.28139306858
0.403850651111 0.654890853767 0.0193219212377 0.456369338335
0.600852843661 0.623093292444 0.752056780609 0.26998991434
0.0615001778673 0.55801471003 0.141947110523 0.283105859702
0.686327860135 0.372214637907 0.600909084808 0.29761047222
0.401817344834 0.409655105122 0.642632448147 0.346437463345
0.314194798452 0.986483932102 0.596030988753 0.483391077234
0.512360568964 0.251574019149 0.744303525023 0.41983262104
0.609032623352 0.0840465890052 0.865794116787 0.276139862354
0.982514435754 0.746224461394 0.00458081874407 0.0566252509445
0.691991547268 0.876114490417 0.934566610184 0.547369164115
0.419870799565 0.627452414787 0.917758264712 0.411395659895
0.425345896872 0.896121078819 0.529535907021 0.317523961097
0.454713090626 0.181455597019 0.818606193536 0.379396589717
0.357916707941 0.610425277991 0.321608258316 0.479073035905
0.0356392763628 0.353649431534 0.945417767083 0.728059208995
0.742585917102 0.0805340370507 0.0574755139705 0.461264868173
0.618832123968 0.392288089803 0.98524749736 0.39733585145
0.646716621862 0.268311431791 0.720159717815 0.343285113753
0.374726158277 0.680000572083 0.903685232002 0.398312056532
0.887219968927 0.323456558424 0.405473936815 0.603513580016
0.237245598395 0.589812598462 0.513888835179 0.300261618838
0.248869392465 0.592924262753 0.994808288134 0.31664294118
0.486517659075 0.602395298703 0.93923350339 0.374777722591
0.873221327701 0.643806737621 0.906138281689 0.29838191833
0.466552570391 0.505299715108 0.851127032439 0.371277569524
0.384678156602 0.898079718138 0.834381227143 0.38219633237
0.420383768026 0.499532225437 0.261277931126 0.193955857668
0.293495374474 0.651010418738 0.354697977502 0.497160402869
0.687416387687 0.164701105492 0.137817609882 0.474085757146
0.304952056691 0.870558609606 0.879235207637 0.482293480562
0.551634628685 0.536202701202 0.590991806783 0.554757656237
0.424179600847 0.616767744174 0.484267245176 0.357565891529
0.902062841576 0.40815641365 0.863437388751 0.470737078661
0.699518845981 0.454663483949 0.0543297898693 0.393012211804
0.917842608805 0.703420108023 0.0284668629925 0.422175613527
0.647228964025 0.133304635256 0.769229830356 0.249344342091
0.7567177614 0.0678653877223 0.663682053171 0.503881083746
0.0799514805145 0.603038175839 0.57168754717 0.249747351324
0.584882736515 0.157212290094 0.936784859142 0.294076561063
0.451829324234 0.992414380675 0.00508990889962 0.212752001049
