0.774501968486 0.612573061723 0.0626451744186 0.17322301879
0.302974374425 0.48069046017 0.886350865441 0.393374112022
0.329512308747 0.551396310701 0.870545218035 0.420572836718
0.538568552106 0.706947924341 0.99276516817 0.0660979691107
0.500646997515 0.499322894138 0.998940199986 0.207548846636
0.119510097452 0.0692096314782 0.140957717384 0.281986330436
0.869943424751 0.363818646977 0.987150969429 0.177103000776
0.431385741883 0.317895640495 0.998470860988 0.343446992168
0.106635231377 0.840465993153 0.988605084725 0.267777875089
0.45099341295 0.553707004199 0.962334017022 0.29731239984
0.51785062038 0.418839418394 0.847554485567 0.381775650899
0.937837414286 0.144638811408 0.747707036844 0.157416899947
0.468128312575 0.169159286191 0.999085400916 0.246016780633
0.461176201305 0.345420126499 0.67611268291 0.402456391964
0.778084524049 0.200919401338 0.00200128726879 0.309495402495
0.615741493963 0.750137853082 0.990383061352 0.170852277332
0.890757918753 0.762919069401 0.558501345728 0.272391515095
0.374675783705 0.395665141879 0.96542579142 0.306727981637
0.0366858351192 0.367663789781 0.513207543483 0.157079612663
0.740611633452 0.355486602473 0.91927217564 0.26313675871
0.966118729726 0.978581010404 0.00138427552062 0.524128075784
0.22860967375 0.425413898909 0.920096509872 0.437317107633
0.289223126873 0.531349603995 0.827915479994 0.275519624537
0.500631145986 0.205465821573 0.998932872451 0.539551457356
0.741077141206 0.971588895993 0.525837233747 0.187981474046
0.243215851143 0.207442585396 0.806570099463 0.435949998316
0.313904750137 0.825540326665 0.949102371936 0.451358265878
0.0640321842611 0.785070796946 0.551403292928 0.393425900907
0.748039043055 0.528910261265 0.776295672604 0.135073050006
0.150563573367 0.100323381749 0.169471081517 0.194156702896
0.674461092472 0.257239344969 0.546298510991 0.293996065028
0.438193693532 0.305512249289 0.952102288205 0.322033796366
0.618070197964 0.156021605445 0.813202824966 0.313748193048
0.872838351774 0.20377441058 0.999984384831 0.227813242539
0.771052894652 0.68453376796 0.740823004489 0.269295671697
0.191922187123 0.569448866096 0.684714989209 0.231841601292
0.117977575047 0.826275503028 0.00129632888118 0.180637842933
0.210416867173 0.661187806941 0.181540035331 0.223165316902
0.797817794485 0.827012686947 0.369592548377 0.620503299635
0.580606200971 0.788351872077 0.115456671886 0.136649503387
0.488089399667 0.219630251656 0.772757636031 0.251743649427
0.760053098872 0.675028897051 0.0687551390613 0.137247492435
0.802278631718 0.846652893039 0.554342184596 0.264394946018
0.940031597884 0.506857937137 0.404361450142 0.495454701859
0.407121157218 0.10993749686 0.404305919717 0.414305320962
0.143885848982 0.350319533435 0.999161189483 0.429078066906
0.898665254987 0.151110454218 0.300830868231 0.35876869263
0.260135673038 0.637248528691 0.99973399447 0.193589295336
0.898755594572 0.620797561147 0.420009525768 0.134124175026
0.690072205969 0.652047291884 0.0246824772036 0.219745220811
0.481963612723 0.755083352032 0.229189815088 0.105241718534
0.747424844034 0.472477478122 0.0336243025274 0.128124816222
0.0556716122628 0.0138613021408 0.25397383423 0.305195132229
0.735883649846 0.785132208232 0.0176858719909 0.112690473167
0.269022995382 0.701445805833 0.0285309046516 0.33562915304
0.245063577514 0.478465626358 0.0751256651886 0.161375365035
0.388182639944 0.471629403652 0.809595224335 0.260122980383
0.453221745371 0.840899676861 0.912799096642 0.176330235222
0.404815719631 0.267589422459 0.831166294104 0.345641575535
0.816748719589 0.981950978524 0.000255858722876 0.24788578805
0.204923684568 0.434044383795 0.116651328893 0.0975454506442
0.0186888908528 0.738393695284 0.893109803073 0.322785745426
0.172562654946 0.618256936495 0.853619676422 0.309781196241
0.57870039041 0.337263544164 0.942791059058 0.617167410711
0.228332251539 0.294560171443 0.959029985869 0.289021008861
0.388773226261 0.283231340456 0.387817107635 0.227312928847
0.324211308015 0.596859691857 0.445347870505 0.177760720693
0.497290387588 0.00983533132137 0.0684429870712 0.287349196748
0.599484658556 0.507521302457 0.985473088503 0.274360746157
0.593555748088 0.436652750146 0.417228590264 0.39153538749
0.441803839953 0.721625773562 0.162891349508 0.133579877099
0.171223710793 0.357679004329 0.880452388507 0.412544389314
0.589784954162 0.48660299011 0.00735148451551 0.0823659041427
0.317479970385 0.642952953455 0.787334535484 0.22808509401
0.595175583456 0.458509244945 0.444100938615 0.182808838951
0.132080502287 0.601538802383 0.999973295779 0.103778121711
0.808452732905 0.195382810514 0.883828810703 0.409843132775
0.974655218926 0.421743033375 0.00260431874933 0.379842045186
0.933625122048 0.7488372808 0.999351791062 0.704595123001
0.255267849157 0.443742519073 0.933614410191 0.581162551382
0.179398020335 0.951061207798 0.817477067455 0.25546086776
0.360875143249 0.389153437942 0.910342711687 0.442138984552
0.477546944305 0.820313533071 0.316667932314 0.100867388299
0.804621705986 0.492067443205 0.91791194621 0.417832421286
0.799231851225 0.0664549694002 0.595582316447 0.203310849537
0.794700027693 0.392087880265 0.987799087551 0.077770532026
0.574824231891 0.647999588979 0.0932045626929 0.262985644163
0.486316762227 0.257262749933 0.999275732744 0.700378793916
0.641015128897 0.714634078588 0.687022716809 0.171026209745
0.878610666157 0.845507498566 0.442335409924 0.381175320589
0.57583370047 0.731287543688 0.0605294841648 0.245602898727
0.391222492877 0.312838022343 0.523031734633 0.131193753892
0.552957015882 0.518527807099 0.433199698411 0.0886409028754
0.166865955071 0.627013502807 0.994688695924 0.195832908888
0.928609935365 0.981573946619 0.831150062988 0.471108655642
0.899795034162 0.158136190006 0.0610023686144 0.233537466597
0.122410192993 0.341755533246 0.00194698274489 0.365386764009
0.376158373532 0.999601769978 0.204703490095 0.453976786879
0.638766661931 0.782252641734 0.987961781336 0.400747057686
0.894769422997 0.271824835405 0.958116866205 0.48298568422
0.538116698212 0.17968747145 0.451643676795 0.166394215215
0.433479396383 0.993033336756 0.695838410767 0.333808967954
0.957870193336 0.140100317064 0.503758332761 0.321263748736
0.631862527218 0.331244145204 0.0475545457858 0.376872618749
0.643694120504 0.336712872172 0.994533911945 0.234179188121
0.658940656572 0.373880286332 0.193720633341 0.132309503086
0.732089348523 0.780408570768 0.0523938555076 0.332990094591
0.281955524039 0.175191629744 0.588337023851 0.214850386885
0.239705593785 0.700841319297 0.922955483248 0.296905280727
0.58543678963 0.127549908494 0.954565664906 0.22531072066
0.334925203532 0.904288266198 0.88440075936 0.324529014047
0.957523629407 0.329820609981 0.55603990423 0.195587173488
0.720080121856 0.433222707606 0.988972472695 0.238637757569
0.548358783441 0.335985297406 0.990034609756 0.34775424877
0.315720468332 0.613256855735 0.872743289321 0.299181562084
0.466000139308 0.856340717407 0.94970194588 0.476242987629
0.0552362382508 0.327595102986 0.975076403791 0.209233097913
0.77357337041 0.719145471718 0.687928453802 0.431294639791
0.970700067569 0.387723294701 0.537490026336 0.28384264149
0.441173201429 0.464576728279 0.990762239531 0.241226228366
0.348150492814 0.531217076963 0.45950815848 0.55551501429
0.881344842586 0.06363573639 0.714732958464 0.256843816527
0.401012964987 0.260976355872 0.52054170618 0.262766975204
0.0722413326023 0.401928863494 0.00282063118475 0.193828781192
0.3971362991 0.956726427325 0.376999662693 0.325885300741
0.634594855224 0.251976767505 0.703692984645 0.424839372574
0.497625862245 0.599645195628 0.592944907106 0.249596241415
0.996685290391 0.716647567548 0.259790118903 0.319905330593
0.298262119322 0.793221019264 0.947218991973 0.541986020221
0.0815459120766 0.06945414758 0.275710108244 0.473028255773
0.882492351461 0.887918292119 0.951228286498 0.23933918286
0.669851252481 0.793134125236 0.232467819319 0.146022724151
0.43788808895 0.370474874946 0.421420136067 0.122450654054
0.796641258948 0.151528691859 0.962065942344 0.562683546479
0.785025982241 0.962071407886 0.935815857003 0.161950793926
0.43379842537 0.367916527072 0.928336736891 0.240148855208
0.031402561221 0.00409395600595 0.989534520516 0.165760730564
0.641813729746 0.613719084786 0.231573250099 0.208603246579
0.293292730252 0.33157173552 0.923182079302 0.387675763409
0.760241131893 0.192440740377 0.554118890228 0.423489163663
0.380617599329 0.0402936288141 0.903094692165 0.158207493154
0.563957468322 0.139004172689 0.877514710958 0.224418922041
0.089889869259 0.296685582262 0.0781227109292 0.313859673938
0.511017659279 0.408030096868 0.985871092583 0.366035877451
0.431621412532 0.752748861065 0.825358354989 0.266852907267
0.36203889644 0.658033733912 0.999412011392 0.391114638776
0.690767550174 0.72992185432 0.0157257881129 0.387643403107
0.43020458107 0.792193370056 0.790083695575 0.304208678773
0.509436661605 0.539167669941 0.717267124643 0.299347165792
0.479136893709 0.186050997791 0.765010797661 0.45279961596
0.203520627077 0.0221987641442 0.283532924019 0.338787582436
0.556248461538 0.328857084615 0.845513510591 0.266183531739
0.530369852499 0.643367282576 0.00740176029595 0.195601315965
0.933307920063 0.431206318146 0.999044549124 0.146297621516
0.232817010689 0.15152121641 0.4759004157 0.194155668335
0.805439571427 0.389747713124 0.999612947316 0.158311721556
0.826842818794 0.894010118566 0.0296919774769 0.315712708081
0.870053674952 0.262144397497 0.669301576883 0.22702712904
0.571391553014 0.218836021907 0.957138613065 0.250392688506
0.101796304575 0.370642555881 0.0106290329128 0.442859026694
0.733096694075 0.625784312558 0.548412103205 0.222170809424
0.78500156954 0.792447359012 0.868368384669 0.427790247368
0.112749140982 0.844626363817 0.0183295040771 0.133661180306
0.367678239295 0.0298758797854 0.880748906558 0.107979946289
0.554024095877 0.913700914913 0.0236158399995 0.218841865769
0.654156012103 0.538493140164 0.997816381 0.290688835058
0.807274901112 0.353640701617 0.924801640723 0.458154520904
0.60537931086 0.710357780572 0.255807614121 0.422542914251
0.656689083751 0.437558821086 0.764902709648 0.459336278862
0.259349495279 0.0269381926851 0.21029420748 0.458092234801
0.827681405315 0.398357574077 0.0124376991918 0.383308430599
0.658724891233 0.23049047988 0.431221226609 0.283121860451
0.737105915156 0.334220605707 0.912647295152 0.177161101336
0.185100840729 0.790660885013 8.63046090333e-05 0.40851760203
0.441635029583 0.100792461799 0.599942906907 0.342385665483
0.0309944384501 0.827062577369 0.845542174599 0.163026372359
0.747896056516 0.725530488725 0.882209725745 0.341160290652
0.529279931813 0.584890056688 0.420811145221 0.407796501958
0.327140729874 0.425820291954 0.942550793095 0.144606682079
0.541337316919 0.519898849011 0.74229833137 0.183744398056
0.0245909421121 0.134013507306 0.0918892846259 0.191041667468
0.392106277769 0.365883695556 0.972225636576 0.231247363771
0.27865688244 0.063127477183 0.000987310014829 0.139850709327
0.197044433881 0.578167826298 0.786582212329 0.387746720019
0.17005074752 0.906346722453 0.787815753598 0.340770866578
0.650493279762 0.660063320442 0.137475920987 0.350793866072
0.100669152831 0.555698956538 0.0670603236891 0.152802366959
0.695825242488 0.385296504716 0.207776620534 0.192042486915
0.0830192895151 0.551818321486 0.983481512423 0.164779187595
0.35656839764 0.522593945327 0.88872323185 0.479183784699
0.710778418787 0.801266316161 0.0988873135202 0.432754875694
0.466820783484 0.324117116663 0.995586440519 0.351497154557
0.288564505735 0.81124888061 0.602179671122 0.198751231505
0.722791724047 0.687342594126 0.440213652406 0.383363055654
0.846707324306 0.574915809005 0.655079996911 0.351372729933
0.726465211321 0.617286543323 0.415488912968 0.35565647981
0.713545176508 0.0896045736551 0.889159426715 0.189248439355
0.25079639884 0.471499366567 0.414185075226 0.25235021226
0.023263043314 0.505971421161 0.00118024266954 0.302370431633
0.440592007643 0.431549289383 0.382788318941 0.250203061075
