0.624117166423 0.52360526249 0.766161947892 0.402503221109
0.472235330696 0.544399961478 0.199192229796 0.546697653169
0.4324593877 0.0587020513708 0.048834061648 0.376903693216
0.297587880861 0.448846846933 0.782231274356 0.171264285288
0.175333307948 0.561942419796 0.0367080219137 0.157626732937
0.374922473255 0.300986396021 0.335347399564 0.217484224711
0.559966575614 0.590169493264 0.98670184937 0.380566203727
0.0149687130357 0.460632445313 0.189095836071 0.323905182775
0.983777506293 0.987499075626 0.620940041044 0.263573516746
0.818970073372 0.251437185372 0.607322666099 0.167188116461
0.272556280484 0.28286259337 0.9356590644 0.192957117008
0.619816950714 0.303080184462 0.765959025095 0.294483986839
0.544053918442 0.744763746515 0.999036686231 0.346872085684
0.937322173232 0.747278262714 0.107118741948 0.239201941169
0.538755280642 0.0427772206904 0.640070067619 0.285986324151
0.296476696454 0.26817214012 0.108199707988 0.258325270841
0.252863546589 0.327357978591 0.999999004416 0.389897618846
0.486769114995 0.063066567667 0.020306539916 0.628083203159
0.331642492454 0.361101398154 0.854061070524 0.245672358166
0.20488566156 0.276027410637 0.750180026487 0.293896651887
0.576144396985 0.144657074498 0.11897134446 0.1266354957
0.637796784101 0.587120662042 0.949264776377 0.331975937138
0.576385257989 0.848119685694 0.135037642519 0.175025170275
0.712173561418 0.685522039249 0.306041191135 0.528130845695
0.377379286084 0.505123741148 0.749828020442 0.256113950754
0.589379107455 0.574805775882 0.680693204916 0.246178050505
0.154563518739 0.270888373948 0.978193693211 0.263188215324
0.393180764403 0.808275409817 0.690239783575 0.216438897457
0.856952484291 0.849331262613 0.583955996324 0.416840262843
0.889141352943 0.517153312936 0.106151332424 0.297416044316
0.900996068034 0.173554675019 0.23938139119 0.333973130398
0.104362339574 0.159602072012 0.742520806104 0.325418689475
0.893441434238 0.865440955336 0.998891837411 0.635825750596
0.428474252121 0.222665539497 0.993854283245 0.398669510583
0.424766833574 0.453369565225 0.367581431769 0.181903893416
0.80520765516 0.122962868665 0.934751273714 0.0927847878733
0.626686288651 0.674107513592 0.373300122678 0.232973996127
0.559292144238 0.144840538544 0.936378574595 0.247123817747
0.788961512287 0.513650883377 0.542373820142 0.29547192864
0.970867673341 0.0865482869965 0.0464318384158 0.247750600172
0.477338554189 0.0575422576381 0.0306849712341 0.142249846141
0.138677894356 0.583146669527 0.607255547972 0.194597280624
0.622897924561 0.596235888866 0.248378929599 0.147929706995
0.496474669928 0.294260342926 0.531285479153 0.207886944052
0.077443791257 0.535564857257 0.780224091089 0.26279339844
0.453197922287 0.538090329612 0.0676164254875 0.269215667174
0.298980214913 0.23565965985 0.166587813778 0.35405033835
0.912489877758 0.767426284159 0.825233287254 0.337373023527
0.823010080608 0.842167724279 0.0745206283426 0.222627746618
0.0840463031975 0.855881138884 0.836802708957 0.235014483996
0.769110885977 0.0308939097665 0.244257685974 0.468164846526
0.80801549431 0.118995257724 0.968632695733 0.231253354572
0.181859492599 0.45550383362 0.645938906047 0.311393830361
0.556554861023 0.396163660791 0.999380901136 0.525140238624
0.183050978746 0.254807574416 0.992276083259 0.635717500427
0.217580944289 0.0241090742659 0.948544768071 0.489878780679
0.580594289573 0.245043191849 0.70843014283 0.352821381288
0.715995788237 0.847654084658 0.0595974859694 0.427278825
0.784662840928 0.767545535151 0.78068157002 0.120338359059
0.295658600385 0.925894764006 0.207948886577 0.219074868404
0.218881367126 0.0475243348767 0.839580466614 0.342608019937
0.741332631831 0.00527627332967 0.0118776712447 0.145049714658
0.517493975895 0.088104653473 0.941477968707 0.336704795163
0.838876303137 0.366975411224 0.957244873254 0.407823152723
0.787853857381 0.271028682461 0.0247670674394 0.0974101192036
0.980755085834 0.875392295384 0.799828306024 0.240978996039
0.565691517199 0.463241482367 0.234945583104 0.194389956646
0.74857300432 0.347597598532 0.509877337491 0.362554463533
0.499104011233 0.711408189157 0.231059986786 0.246518798871
0.738445728786 0.412083507737 0.950461674682 0.331973189959
0.219337867653 0.556016469484 0.826671719613 0.327673842818
0.416989760793 0.65406327197 0.259826528678 0.178949218363
0.339473226726 0.0353780360373 0.346569902451 0.23400349706
0.820004142316 0.252339737156 0.853851684567 0.257135492632
0.123534990498 0.344836306199 0.378492920653 0.308153566872
0.130845467874 0.39131203887 0.73384152684 0.282861467447
0.297391004179 0.84822096307 0.806478371348 0.327290723803
0.376013620858 0.776107548522 0.488495707981 0.254396238355
0.683962588202 0.454787360018 0.664962229274 0.424784047314
0.817703618322 0.419558441889 0.597344994639 0.454223626983
0.775210098003 0.174428519346 0.284807332117 0.548591301993
0.55036145108 0.247023324616 0.10143352399 0.125426206618
0.411376621548 0.463966877456 0.00636203447961 0.193279323653
0.342502213363 0.548588561625 0.910864030845 0.328017446469
0.902340909349 0.442144081446 0.143263867633 0.276397931027
0.286286449876 0.531000445022 0.950784735567 0.262912272052
0.112757323432 0.0129381143781 0.0006636446504 0.390121111222
0.299442916563 0.606374934685 0.686108690529 0.190450854386
0.306053813097 0.09471920498 0.965865178577 0.502504882036
0.212660720885 0.37821647893 0.984089058474 0.606880828229
0.774780003311 0.211954140872 0.662598037227 0.365955143739
0.471941552476 0.00201116218802 0.804667249641 0.223932279015
0.778586772206 0.179045785024 0.0168649117034 0.29412412146
0.492889738778 0.724043146372 0.916226669175 0.220631802946
0.303075335047 0.385935771086 0.0452355855115 0.0228685577117
0.308033377648 0.628305210177 0.73747313487 0.318449719355
0.239809755155 0.385578981095 0.911552345353 0.214334947892
0.317923416847 0.182217878168 0.507237724119 0.3266903503
0.28676352975 0.411211550955 0.0508976231035 0.0746815373927
0.890640568569 0.840560723489 0.621199337529 0.415471848198
0.538450453811 0.258815181299 0.911682222515 0.20956873802
0.253704249823 0.868618980602 0.959879511388 0.142757081843
0.503615898791 0.643920593755 0.182213142532 0.293428000799
0.693031914152 0.126598001891 0.955648935562 0.243048198897
0.982239558876 0.886298782624 0.6966783139 0.200346979647
0.607618275488 0.362236041976 0.372253432591 0.193386801467
0.917609711925 0.415324093687 0.685829757373 0.199336395871
0.492705298734 0.411061911576 0.124592575422 0.114331554702
0.408453601139 0.337709990946 0.994862202451 0.310939879027
0.16641978166 0.268557049459 0.947777611558 0.400286593661
0.112824101453 0.561397068002 0.886053198767 0.308405822967
0.862277609142 0.440219501988 0.371013114213 0.178533987794
0.0994906555032 0.408549433068 0.959819183618 0.30121465395
0.446321781721 0.898088712384 0.548740832902 0.242429758989
0.53449378132 0.873576633104 0.345368936531 0.175488861921
0.348346059087 0.365415477508 0.347595884066 0.167452873698
0.67091416878 0.510382330976 0.997033790737 0.524903272866
0.334943165223 0.848361978416 0.978698692285 0.448341726034
0.481413727472 0.879783786831 0.536253757234 0.365324467869
0.229393340031 0.358787900343 0.00567712244092 0.322085389048
0.660910378106 0.237837844195 0.810129763823 0.189106338439
0.22564597511 0.407603772933 0.781886168457 0.0961912192771
0.7341843012 0.310924484534 0.991110642627 0.26336735205
0.312707318033 0.35727497911 0.934027282109 0.611790915306
0.459642479759 0.0910495395413 0.0054597786628 0.194756062934
0.584085755534 0.414741484153 0.110724369636 0.498765368831
0.606654130842 0.212610404194 0.0064828341865 0.439403590311
0.29589529425 0.913009081209 0.0173324620475 0.278387156267
0.108365909524 0.510854523773 0.410141903838 0.335023634846
0.482430789964 0.984050897589 0.351235014823 0.321164703364
0.581852948607 0.434918463387 0.98560713562 0.321796855904
0.313507775323 0.608142751109 0.36822488099 0.211447789915
0.718807922515 0.703878088443 0.112019684644 0.421031357918
0.105544805505 0.852715368284 0.0232069308205 0.0758226563666
0.542350568343 0.294016213719 0.0484537069822 0.132441766366
0.686182315069 0.338872029722 0.976051023413 0.26301718383
0.511363780506 0.653267141082 0.809675561164 0.385796246512
0.434250387175 0.466641457845 0.989189014179 0.14075782341
0.647275698858 0.969249167553 0.259466942636 0.330451498856
0.137934814343 0.310037092827 0.494005061261 0.20372336488
0.519772326595 0.0337507254622 0.886945625138 0.662297491063
0.774876995879 0.693587880834 0.991988697534 0.085849003889
0.462247765076 0.366411462206 0.246003458019 0.197053928015
0.592746866366 0.502632680234 0.965545438318 0.301605273741
0.708209424796 0.918556103461 0.00355749318082 0.079027977466
0.590646216898 0.67916372328 0.991177597604 0.164637471227
0.533292250654 0.876368922439 0.346043236931 0.13186072579
0.746936007237 0.250588255095 0.63492761512 0.193328244358
0.335615738481 0.674012661433 0.950758293195 0.24743197579
0.823605533731 0.543134171519 0.870343558858 0.299913589325
0.273865341889 0.767518418046 0.879302540489 0.42599596567
0.0109275613435 0.893977983966 0.879912257819 0.295431435801
0.989218531982 0.373602025349 0.865318749085 0.237201759293
0.627364571934 0.336687334231 0.807409454543 0.201934131811
0.449963319356 0.105602069302 0.0831978840089 0.188102865725
0.289998400342 0.692052187657 0.300919026867 0.137359150044
0.20497042915 0.835691099538 0.761275910656 0.249557541894
0.861695236175 0.715501920642 0.427681229702 0.160561652341
0.462641291579 0.224186498406 0.90727496092 0.200555348253
0.791194017591 0.62732170879 0.893196076469 0.427920513135
0.177469621927 0.697684855015 0.99788199758 0.168540415533
0.676209965906 0.013861703013 0.845904008778 0.548303084576
0.130278215762 0.741620191177 0.702145673092 0.385880661581
0.286531272881 0.4987345481 0.766402546744 0.254539087722
0.545365783807 0.439544527121 0.999999990493 0.278282766453
0.443504199674 0.102846572685 0.974896509432 0.433229233163
0.338702359349 0.957851813996 0.0115575660397 0.176748946603
0.522172535326 0.937779194785 0.999983168279 0.292214012008
0.163978458761 0.811065442353 0.0639091606912 0.224607268424
0.0760297248731 0.732567215202 0.563626598024 0.569472690006
0.392967050481 0.478540613346 0.969270951747 0.378583580698
0.561493412231 0.253345938176 0.952768332515 0.216776215805
0.927789387468 0.266059281362 0.993849993302 0.218713827145
0.0389507588552 0.95386067409 0.00829822022287 0.099622697935
0.848546526207 0.659430088782 0.840110083334 0.336688023437
0.184521027427 0.512720671265 0.791357078184 0.497618685593
0.605437892283 0.6085769408 0.992032625334 0.390118634497
0.00754017263211 0.253481231524 0.0257249438609 0.608564571743
0.498815269679 0.840943096853 0.957896923849 0.36772043541
0.430335461087 0.197767059122 0.807589874111 0.22580230999
0.646720167955 0.462451270084 0.846411655926 0.400784452197
0.168453531039 0.255487746188 0.905181442175 0.246177626379
0.926001972542 0.580028160935 0.772399195106 0.317083172483
0.855461330764 0.510783336946 0.224074471324 0.0661787136887
0.246739860498 0.510058043086 0.143381416657 0.269331643869
0.768878372975 0.658695081007 0.539192144025 0.0477748030967
0.430134868223 0.463949294176 0.314368988946 0.343509915995
0.555332506878 0.472430984893 0.999312776492 0.275073135823
0.427191368114 0.636210362193 0.740071576537 0.245789293655
0.63183002551 0.534381147282 0.911988111615 0.388415377993
0.488028492355 0.420354080513 0.971189376013 0.346139695119
0.125559081932 0.112026031803 0.572764699984 0.344996612984
0.316541201894 0.332518909584 0.787053201953 0.471589789344
0.354816830009 0.192293679793 0.919900366495 0.228858272141
0.201649400732 0.495677949604 0.97497348739 0.419300803018
0.1615740524 0.186186991878 0.56082306028 0.228849304969
0.502446059904 0.336087760131 0.598940848133 0.350997892967
0.716662914218 0.0642019461993 0.892835164155 0.276172364521
0.262176635262 0.345994540235 0.958124742754 0.179895148619
0.609155796337 0.778688239965 0.991420790789 0.166830326217
