0.614323007634 0.294702340433 1.0 0.319332853464
0.303089463255 0.389418211877 0.998021193795 0.619868003032
0.156180642938 0.228179804178 0.806476059844 0.343710558746
0.828412406345 0.786523437861 0.998775520612 0.513085268403
0.268250268973 0.712343067279 1.0 0.495735581466
0.6576008041 0.317513635901 1.0 0.431758588075
0.599524849011 0.282485999977 1.0 0.291144264795
0.50968253691 0.68519224894 1.0 0.386421413986
0.338530114133 0.106489635022 0.999999363707 0.119701664073
0.808567306009 0.36424334635 0.999998634988 0.349786432651
0.872697211101 0.418177398357 0.984662852377 0.29735362663
0.24691843431 0.571073941824 1.0 0.581304345659
0.822094920519 0.959921167447 0.872698829677 0.29394549687
0.542583880052 0.381069896443 1.0 0.334669858188
0.146529170841 0.65873247813 0.99393643465 0.310031330631
0.286901912407 0.468553229473 1.0 0.341343420381
0.12603875178 0.392248345369 0.999999999873 0.264697752079
0.597976923637 0.49319471399 1.0 0.355752816486
0.685806603478 0.487878430786 1.0 0.479372484669
0.429713849434 0.553129476843 1.0 0.409074826813
0.758556760485 0.529050376137 0.888809307914 0.520514774738
0.480971077418 0.700357163806 1.0 0.513363791625
0.355908519021 0.0647579174783 0.999989249435 0.518671409133
0.733800486695 0.470262037252 1.0 0.515876652682
0.598665736415 0.507261976632 1.0 0.236035526128
0.375242634692 0.843578366782 0.975989884833 0.481043431239
0.817952727222 0.544205475426 1.0 0.454866613479
0.270953872751 0.335104973939 1.0 0.528975775235
0.253524145044 0.123819614888 0.999931192415 0.633287073975
0.667007547529 0.866537615967 0.999998298345 0.289509328181
0.205656811999 0.663134780786 0.999614476894 0.401517787334
0.304350623366 0.0505349023169 0.978136780318 0.176200668517
0.645110638444 0.906583996926 0.999999996313 0.574133991531
0.959941798091 0.319252557052 0.709234347834 0.247978957843
0.97157242043 0.783975287151 0.827370178944 0.348950350758
0.350611833366 0.0714898508236 0.999996412416 0.366238052613
0.439615460269 0.665296928451 1.0 0.386856318078
0.127300451802 0.24026945104 0.99999903817 0.703919071088
0.992982374177 0.515272905465 0.998991168671 0.277630644443
0.812237438427 0.723065234848 1.0 0.325406791489
0.287846096727 0.649792724049 1.0 0.385948186068
0.197475194567 0.522710768417 1.0 0.299626855142
0.370594907654 0.988259083155 0.999988745277 0.435720240375
0.770767688953 0.12408250399 0.999977592443 0.363392184622
0.388810446181 0.536221407732 1.0 0.446873567156
0.74078294227 0.294338447641 0.956311434946 0.246361832284
0.0839856021111 0.194003973012 0.826694402286 0.172014684973
0.356323017681 0.905566741274 0.998837016007 0.312290499689
0.873725048391 0.521625427339 0.918899577474 0.38501882067
0.046612407097 0.210576092134 0.768436296422 0.456587984746
0.850031102045 0.555864160705 0.946015406461 0.454745807177
0.321845722181 0.690217589125 0.999513522744 0.317519928464
0.489079112828 0.197130839216 1.0 0.348935607448
0.477473580738 0.324080831806 1.0 0.418274091822
0.22503996497 0.994310038504 0.999945082573 0.590587530926
0.77795685021 0.93068721446 0.939976111644 0.365300734511
0.395311719146 0.405685612569 1.0 0.371044204827
0.464945067945 0.368021181727 1.0 0.375965111714
0.666145706526 0.647489104677 1.0 0.317364114963
0.114649329158 0.477018011968 0.95354588169 0.398460670754
0.70269578364 0.765130146415 0.981752241104 0.414290374529
0.753261989626 0.360451345518 0.996965377286 0.445819163755
0.418906749007 0.629959796935 0.999994213546 0.345004479872
0.570583663796 0.66866004988 1.0 0.279724166843
0.709402610342 0.680270268362 1.0 0.431656634237
0.65142903448 0.513523362702 1.0 0.248545853619
0.249505040374 0.798992777095 0.993767657558 0.306571204098
0.649601105169 0.440678613882 1.0 0.265381827481
0.72160208976 0.896846139719 1.0 0.353505650444
0.383574284095 0.153407282907 0.613823568901 0.117941289732
0.679854570368 0.634263981373 1.0 0.445504987506
0.691035301628 0.285022232992 1.0 0.426057525908
0.0711280908673 0.253851164037 0.999999954459 0.363907508481
0.824250776477 0.573344333686 1.0 0.487017133552
0.253027928903 0.420387882703 0.999999873101 0.213824585279
0.180064537892 0.76220089733 0.773529040808 0.299147328956
0.544915421939 0.368750739428 1.0 0.415283415378
0.174564489528 0.799418313412 1.0 0.258757426531
0.60737565374 0.430440426616 1.0 0.346696933917
0.529939805507 0.116323066124 0.999935687372 0.439957113894
0.470211838771 0.834542292659 1.0 0.237321847442
0.806119970772 0.90478867498 1.0 0.283090543599
0.134400324917 0.553643606202 0.986855357381 0.417670864008
0.179614914641 0.288521854759 0.844972659618 0.27225610081
0.902797128527 0.296327473418 0.999075236986 0.496805435467
0.701927208624 0.0529986186156 0.654480187702 0.290480419759
0.820725866494 0.599142717422 0.999999997344 0.340705039083
0.513004429942 0.707546764948 1.0 0.345648994392
0.281481090029 0.549847923051 1.0 0.163204606988
0.540076351283 0.444642859211 1.0 0.313588849753
0.0921091288632 0.526142168198 0.999999773898 0.18753291532
0.854704977593 0.442751707834 1.0 0.492683582897
0.316830770332 0.0806969252834 0.993923969727 0.321733141453
0.44815319987 0.0587217364362 0.968061754661 0.572950488236
0.340112948719 0.101179993519 0.647089989489 0.217751629522
0.629647377094 0.277269970366 1.0 0.472555408306
0.753216729545 0.1572258849 0.99626768909 0.26288269192
0.302615167056 0.0617436923324 0.965145152155 0.461473694846
0.12302057888 0.0623669978965 0.942536431585 0.447109590165
0.674165846247 0.74413201458 0.997085463363 0.360054735397
0.608365832513 0.646738636892 1.0 0.350513163873
0.0331682477841 0.741004226124 0.79412416928 0.167118110859
0.0556207034735 0.752271421463 0.999472612206 0.198030416067
0.402611358428 0.69842993688 1.0 0.417565070641
0.640641377897 0.584279106368 1.0 0.189480664426
0.400209736458 0.695134734486 1.0 0.432357074656
0.445787049278 0.125001290778 0.998847739468 0.283862743447
0.229855606043 0.789629843925 0.999964292559 0.374945230472
0.060301552908 0.442897106793 0.999999721839 0.15157524718
0.560632655615 0.541905313575 1.0 0.470728416551
0.654603105898 0.776102795714 0.608212968763 0.194068505115
0.282849042203 0.163082666431 0.875934693319 0.409046047504
0.755414378434 0.0517102568121 0.730484811663 0.243241173592
0.410272604959 0.306063238107 1.0 0.525808396418
0.12092704084 0.608062369674 1.0 0.562845672319
0.529362228448 0.612173983379 1.0 0.273760315052
0.0124862877271 0.377810524049 0.930995030664 0.437173369944
0.53688785294 0.169981735161 0.99879837582 0.27485132721
0.767429194582 0.266326937181 1.0 0.163191310379
0.639363362099 0.645936611565 1.0 0.610498050224
0.320343593336 0.157777791953 0.505124973577 0.365178016671
0.46530871749 0.192578082603 1.0 0.435351650184
0.0654708317963 0.304175150347 0.999476770101 0.424083626711
0.337653823498 0.378177593156 1.0 0.23186566645
0.792804678303 0.161475272733 0.955533850487 0.496390945435
0.772350296812 0.933477612835 0.940700588665 0.345329627379
0.731509296114 0.569130378925 0.972626012746 0.456317220041
0.384228048258 0.623079745309 1.0 0.306501900181
0.445723299791 0.176174031767 1.0 0.175129665768
0.43205561963 0.0503180633479 0.999941418245 0.47348900615
0.642741271221 0.486315871518 0.99999572609 0.468450318035
0.359282628575 0.129910124065 1.0 0.33617435734
0.840720726143 0.142472181501 0.999971298504 0.559637498224
0.31690694273 0.471754286451 1.0 0.476379462436
0.388269136287 0.166283151251 1.0 0.28605804558
0.523641701382 0.317607788492 1.0 0.311949583875
0.220812609355 0.658578748886 0.999994304086 0.471715465134
0.418433762662 0.758234148743 1.0 0.329778680989
0.703559498341 0.737259085007 1.0 0.4506046823
0.550364738292 0.52532033156 1.0 0.234081878756
0.617473830037 0.157626277346 0.99999934432 0.443302040019
0.100217772501 0.132877954298 0.999998967476 0.445970145096
0.098413637519 0.512935033611 0.999940792699 0.166375647942
0.234883849664 0.85534963994 0.99995789584 0.34720847543
0.108460078225 0.957081051129 0.887464069352 0.547844477855
0.523411094965 0.859823656757 0.999999999382 0.344381620928
0.272532411555 0.676598354398 1.0 0.411473344694
0.883573752835 0.415993038589 0.999999871856 0.0860846710203
0.47503098191 0.603527651108 1.0 0.383024028735
0.664249364505 0.0596426524896 0.998671937371 0.282007809996
0.644942441002 0.727477622236 0.999999999362 0.221489623894
0.942463160226 0.354767735648 1.0 0.421456452483
0.439326585692 0.234740440728 0.999998828903 0.255759579061
0.424503419302 0.62338264166 1.0 0.339053043286
0.0664304059231 0.734485036481 0.926212843062 0.109242089408
0.991879272544 0.632891160119 0.99673232089 0.280281691976
0.384311162791 0.718440978642 0.975993891453 0.26765113397
0.893093041984 0.0700491113106 0.955173154202 0.588949034456
0.544094304942 0.204848015918 1.0 0.370079128445
0.897461636542 0.408342744031 0.999708277219 0.482913494833
0.461119143402 0.778489000382 1.0 0.426016086234
0.470041102249 0.226286044436 0.770424415116 0.346375176946
0.0228033662466 0.62532977427 0.869009776571 0.247916880472
0.552984842886 0.509818965473 1.0 0.272610419958
0.689672140963 0.886900358791 1.0 0.35450339312
0.816082683469 0.185891953128 0.998380262795 0.214909869406
0.573522149305 0.0538335116859 0.999970145557 0.423573640507
0.971653060259 0.694740833368 0.970706893575 0.26509810976
0.126587322204 0.479350089106 0.995584997052 0.44570167233
0.370755319779 0.170090738347 0.996993046708 0.140424668725
0.0331029371321 0.667379860497 0.897596945339 0.375208205286
0.446167341505 0.408280978573 1.0 0.447366176377
0.820020761354 0.0360875916168 0.999988448033 0.495326968348
0.505845401588 0.214300697466 0.995796511996 0.290354729844
0.718101976607 0.448791580537 1.0 0.450536097602
0.246545377604 0.53679212161 1.0 0.45687229504
0.329539649288 0.419628589313 0.955217041246 0.406118747149
0.698493905185 0.37837592023 0.999976077213 0.341018956623
0.298041200593 0.145344587532 0.999158373949 0.327714060921
0.893946282008 0.507622432353 0.999903476552 0.230864392084
0.773936635338 0.578866972208 0.984539827646 0.325356297051
0.304215546119 0.802808155592 0.997704929672 0.400263858218
0.0727564126284 0.915268536694 0.757952330891 0.252785707289
0.768797678413 0.0875592269538 0.997956653338 0.683818942958
0.256519022811 0.0910238886441 0.992638590471 0.356281525081
0.833230202101 0.825804227949 0.947375744963 0.14984895181
0.0600703719562 0.399766297302 0.847555297739 0.452758651979
0.483801917971 0.671227928862 1.0 0.338282037701
0.110988554999 0.214428246879 0.999870110998 0.508373180508
0.889646339546 0.833390420346 0.757674870524 0.404066217978
0.0655188300087 0.429529952299 0.998978895144 0.272254137344
0.745676777552 0.12768505634 0.999904304172 0.424733437238
0.624764783967 0.527330072092 1.0 0.411318398427
0.296610483027 0.284146719013 0.999999843357 0.2943364691
0.201026136413 0.914576287349 0.999999854642 0.108726641144
0.372278430558 0.274959636445 1.0 0.40415394059
0.761896532419 0.553559881661 0.999997053493 0.262216677271
0.306721914099 0.80420805793 0.999999992507 0.493171364848
0.331468647064 0.47685760942 1.0 0.495700430532
0.657271672297 0.578262831403 1.0 0.292859850498
