0.851779477431 0.873754829759 0.99985106242 0.419537541621
0.347550065689 0.0626165141969 0.999749546088 0.3434683871
0.975877634991 0.103542554622 0.830185521768 0.187695618888
0.515920946233 0.281703192237 0.999999999898 0.353980174412
0.612514606649 0.5837710286 1.0 0.432263002705
0.579184972555 0.652236816848 1.0 0.476273281358
0.937974492191 0.129939819869 0.994576272088 0.409343985613
0.63889408907 0.671407871237 0.999999790566 0.300137061647
0.420477336747 0.780562104343 0.999999999984 0.451068180142
0.696273605122 0.298466360735 1.0 0.357676713524
0.782492451951 0.952319783014 0.987722554912 0.353062203799
0.545409137703 0.543627747979 1.0 0.273643525361
0.292993769275 0.949429424936 0.999793162114 0.158968262433
0.624346672985 0.541937658705 1.0 0.285554395839
0.162825295053 0.173838245509 0.954586517582 0.554181929304
0.806889813817 0.102055265762 0.999968767398 0.372075625398
0.479454473991 0.945192084406 0.700240120245 0.264348297229
0.668755499408 0.426327658032 1.0 0.219545928486
0.582287723419 0.807086426388 0.928892136975 0.261511686526
0.520687409892 0.428758888488 1.0 0.279642571989
0.11396032178 0.778755317232 0.964517514034 0.1594859488
0.109355616728 0.930858747187 0.820265954883 0.292151899175
0.626257336605 0.184862421057 0.958178434219 0.145433474456
0.577049153207 0.0301062259812 0.999998767994 0.275529910541
0.37657406942 0.639020683202 1.0 0.293512826637
0.185755698316 0.344235397917 0.999986455183 0.260114737765
0.278889518658 0.693459918558 0.999999998742 0.399778667839
0.955952850641 0.431253920148 0.999999984803 0.323240413145
0.23162030139 0.553438146159 0.985140009069 0.331630689047
0.0857483656675 0.228249306759 0.990316201302 0.529509187769
0.910245942407 0.310844137707 0.850980843574 0.466165390241
0.178491822693 0.43362548837 1.0 0.275413522315
0.32212758699 0.421841575523 1.0 0.318810247103
0.406609469141 0.95323843435 0.984389041425 0.055178045088
0.220972141694 0.154815771219 0.999580499283 0.442901407397
0.573796713144 0.749430946811 0.99489262363 0.395716713419
0.0694316493614 0.485377699896 0.999973815535 0.358178413719
0.706572805045 0.396029632208 0.999999999994 0.228693948003
0.355839649389 0.453974044197 1.0 0.496415899871
0.0658607447732 0.0900296609755 0.946277348592 0.350958349519
0.66733534723 0.301263112271 1.0 0.301644118029
0.469379762907 0.437743047269 1.0 0.254970030125
0.938814180438 0.0232320894946 0.442020776364 0.152338983646
0.938630336715 0.546848519012 0.975700925731 0.242946345669
0.484729239818 1.91192644871e-05 0.999910143591 0.323913957291
0.850083727622 0.323196707597 0.999832605274 0.637002391187
0.634931420435 0.736272519585 1.0 0.28968677402
0.115110112721 0.727078359418 0.968811566872 0.426714711638
0.218186961248 0.456460342274 0.999868510677 0.109425641858
0.434853172217 0.564263760434 1.0 0.325199207173
0.57273066838 0.590790406651 1.0 0.197967125075
0.209528394878 0.325951692244 1.0 0.352134581357
0.378018050961 0.500381957761 1.0 0.300351771456
0.429153478271 0.620999916334 1.0 0.364368516918
0.30359157204 0.293735539874 0.999999970602 0.666195822802
0.505499922257 0.75150509072 1.0 0.216882965014
0.0960532908839 0.635716402788 0.999988392996 0.688892725194
0.552983663698 0.628833531597 1.0 0.357749933379
0.134294136383 0.482886218219 0.999998260723 0.309705161958
0.368160133956 0.0398516760842 0.782623494355 0.226368099188
0.439540347767 0.281459449243 0.999999999998 0.275887092924
0.733562049584 0.700379920805 1.0 0.256111005935
0.171335236572 0.836670205072 0.91353508708 0.304736452204
0.640222290086 0.457188169748 1.0 0.489271169762
0.189441196883 0.413815981283 0.990972526133 0.608234293598
0.455738757491 0.658381792307 1.0 0.453391936208
0.572596527628 0.955866393647 0.964298431674 0.345839603489
0.28014353503 0.202190238385 0.997991522502 0.214236565038
0.139037349822 0.293745783905 0.998756144138 0.348040311247
0.121245973572 0.774658605037 0.969420618064 0.565179537448
0.787585660132 0.328655159272 1.0 0.361163796985
0.280817966081 0.282059963922 0.986580600209 0.245709314799
0.845043249108 0.568725746527 0.999995094501 0.355077977801
0.875861331267 0.634422068644 0.997714798037 0.348074975145
0.575504237322 0.299599092756 1.0 0.391273335808
0.25608646507 0.888033778629 0.815703282693 0.258491506559
0.441518375176 0.546417234542 1.0 0.319782898117
0.217254787491 0.89255577197 0.991625729622 0.529518992552
0.498717697897 0.27757334429 1.0 0.406435185762
0.547475176773 0.815068704743 0.999565066937 0.378101026516
0.618969515189 0.714030159525 1.0 0.396636317222
0.321186414944 0.0890051658854 0.997627751737 0.362405407166
0.393304194537 0.750644266246 0.927450464958 0.299987046914
0.14146041192 0.192240619005 0.999200284331 0.341115126832
0.508518899599 0.61717937464 1.0 0.390871411506
0.890265490051 0.848014926787 0.970497788521 0.321316762632
0.580263034015 0.645102527647 1.0 0.437193160673
0.0538114046554 0.279463628075 0.623760047768 0.45485591626
0.000787493546544 0.203486591155 0.761027447928 0.374952783064
0.199980644812 0.257907485673 0.999999999861 0.386643267704
0.945296122567 0.561222423519 0.616517983161 0.213776735298
0.248084447785 0.702379431129 0.994800809628 0.41538982727
0.533229060277 0.989835890344 0.529469144851 0.199556883235
0.868558590635 0.369472139298 0.999971173797 0.308566011979
0.257142395744 0.231259253003 1.0 0.485910997986
0.585545250085 0.540456635302 1.0 0.513389153112
0.119110675343 0.301859510454 0.992249529693 0.0760209106883
0.226305071666 0.197971148943 0.999998256897 0.510532082917
0.408972888748 0.655808159986 1.0 0.435016880272
0.0821518191041 0.428928556806 0.997366235738 0.289097384625
0.936816916248 0.629798163907 0.998574977248 0.279788410407
0.762716590017 0.418776907334 0.999999999951 0.516468823125
0.764260404806 0.769248250013 0.683786094268 0.131626201972
0.599492251357 0.850280543641 0.999994519297 0.197508515468
0.171536401443 0.252340264636 0.999327696447 0.246188226055
0.908787103819 0.553707513936 0.999999651752 0.291332209856
0.456319404717 0.680759264122 1.0 0.434082664257
0.605153106244 0.508191652235 1.0 0.432761416963
0.0657928974997 0.130464371996 0.999794117125 0.579495329168
0.95446422031 0.390887251236 0.981762924545 0.271872450918
0.688887600073 0.583574106437 1.0 0.255358478837
0.185104652907 0.0695927176608 0.99968874223 0.422830339439
0.848559379684 0.144736090717 0.711951048888 0.0610207342902
0.839051886885 0.34325552886 0.999953433341 0.206635415396
0.706794146591 0.25637152798 0.999999925764 0.411764703182
0.424167715 0.216340155931 0.999999999992 0.1845426095
0.308899470873 0.703441355904 1.0 0.410608480734
0.264600823546 0.183913133906 0.999886582837 0.190596578452
0.607987144249 0.800969267274 1.0 0.502811712218
0.144114266036 0.502492473544 0.932170336418 0.461810208837
0.917912983262 0.313506895913 0.999999999999 0.147577383643
0.0711921232096 0.890739272634 0.999996390663 0.624031256849
0.140050446966 0.274838763138 1.0 0.1722889041
0.288234505927 0.00905767707229 0.87344558427 0.621362892855
0.420803197859 0.230363316884 1.0 0.374965619127
0.0117422477997 0.766905935382 0.971877424958 0.314891550329
0.557906811551 0.477543597305 1.0 0.463438922011
0.767872437214 0.556544613848 1.0 0.31951227432
0.709876123513 0.23642073967 0.999879289702 0.205355849173
0.690123549004 0.176256136899 0.999999770802 0.450934001628
0.330731765355 0.451746968669 1.0 0.373056429133
0.870998407009 0.780771736317 0.999791087044 0.464296941421
0.0229279241205 0.0589941606765 0.685559579677 0.247232125357
0.379871216492 0.344007088311 0.999999994812 0.410227250585
0.0647570270273 0.530760313643 0.918349881564 0.425191878201
0.217155573676 0.449860140733 0.999836762986 0.393399225157
0.403542029335 0.897856920943 0.999513294898 0.314732547791
0.471078449247 0.787727146727 0.829494240707 0.326149584767
0.792585245193 0.474509552831 0.999960319979 0.289372898418
0.529573329075 0.623133151748 1.0 0.487753233886
0.696598501283 0.687546884938 0.999999998008 0.366567681039
0.837245047495 0.889706759496 0.999999666178 0.372980875407
0.451014035989 0.120409461434 0.99999999995 0.332059385635
0.515816325905 0.507099351261 1.0 0.409112428923
0.505719322122 0.84059708019 0.999999999867 0.473451905138
0.231104113881 0.40626628904 1.0 0.470770149653
0.333453254961 0.409082387675 1.0 0.347340831027
0.574730848192 0.307571747625 0.999999997996 0.267601988854
0.0596772915045 0.243900020065 0.830732589808 0.268474899863
0.447995149199 0.957970305008 0.999253737947 0.209135071294
0.60183637094 0.00933159211739 0.997245470271 0.462643169262
0.921899323734 0.951449010255 0.745034195137 0.325948481284
0.968811899885 0.0731075335643 0.986777555344 0.375417997259
0.375639277274 0.305785742486 0.999721851775 0.239091135713
0.641923716691 0.184181858142 0.999999781248 0.358610330902
0.0732007401281 0.03581603022 0.750893072263 0.381788656815
0.980720182505 0.536257441689 0.995890575808 0.447011428165
0.459640082558 0.102275627763 0.99998856409 0.375940786335
0.0569443113802 0.728881880112 0.993846992365 0.28786789945
0.879616445116 0.5253039345 1.0 0.417975111566
0.679575874042 0.160209134041 0.999940707983 0.288656659968
0.421150792757 0.534137200706 1.0 0.482450366133
0.870474733848 0.58778190183 0.879178335567 0.21128410076
0.67469733935 0.637615580426 1.0 0.154783011436
0.0632851773341 0.282141315867 0.833231733815 0.284595525591
0.847320369664 0.933663739343 0.970024091415 0.301148067641
0.335419748694 0.531374985932 1.0 0.526837158168
0.641292234118 0.596734591709 1.0 0.224565923154
0.583772760917 0.311178204693 1.0 0.464149916629
0.363857350256 0.314927256238 0.999999992142 0.226173720292
0.871594282887 0.648930333274 0.289938559015 0.331569040519
0.475701738916 0.9044358896 0.999975897214 0.512172584564
0.628427461865 0.694895175222 1.0 0.387590482869
0.196573139356 0.882022873138 0.985912710146 0.358129828636
0.630774448129 0.92647560378 0.928594553862 0.419993522502
0.874979102775 0.208465426994 0.95154009892 0.371121216709
0.89937094983 0.600798584414 0.994202116942 0.391648724558
0.866242188373 0.0531299265829 0.999999917509 0.26391363065
0.261585265808 0.204138285133 0.994970455338 0.342756765457
0.937877733024 0.264393028694 0.990746993295 0.733927870484
0.792478744698 0.785244079222 0.997840537824 0.65479305456
0.488964355759 0.970551516189 0.984416193897 0.438666188618
0.898745333827 0.59881740533 0.61468400386 0.417106341576
0.293032935756 0.865651382346 0.999373172094 0.30720463687
0.45873388474 0.748675762837 0.998074271289 0.461209633677
0.0682908860137 0.495263965101 0.993738447272 0.371941092321
0.633747028412 0.75544222756 1.0 0.478722067775
0.106478917613 0.407824355606 0.999973353688 0.474887288629
0.923385896695 0.943619262772 0.949146720912 0.305951663721
0.467696014039 0.206208633114 1.0 0.50370602579
0.369689002706 0.449082677688 1.0 0.606230039766
0.539874704204 0.423233053121 1.0 0.404675889479
0.449524354806 0.287027322891 0.999999987997 0.343435096662
0.435674507208 0.232635430346 1.0 0.323884962876
0.14339684097 0.395069552721 0.43466243259 0.137839624181
0.513818176149 0.333377690696 0.993688188583 0.441779057041
0.00953572570954 0.895270232482 0.999547218984 0.291762386653
0.507149217181 0.235642400673 1.0 0.42067464948
0.891962452176 0.278136276742 0.999999999078 0.275578824134
0.427580534086 0.819028281927 1.0 0.225534125229
