0.540760637224 0.846742141677 0.999998427566 0.50666358926
0.870895934941 0.979691442305 0.984071587221 0.211798407488
0.245513510483 0.0689168612704 0.701571869983 0.119924523943
0.0949130385364 0.933945089022 0.940440778114 0.264176132905
0.287548888774 0.00302551092808 0.99255000916 0.575439734051
0.448942676041 0.466635392541 1.0 0.363401420994
0.383486883617 0.327892626304 1.0 0.233223160951
0.953761597212 0.803438625574 0.999999757332 0.505191969877
0.594866134956 0.846160573631 0.999999999999 0.485321413293
0.342135080178 0.382684349516 1.0 0.243363507802
0.514974265196 0.357711466811 1.0 0.425059109876
0.147973917138 0.392218068938 0.999798645259 0.766338173844
0.732077729374 0.581058455803 0.999999974471 0.398425353902
0.334003101854 0.801820128138 0.999981119926 0.516832427559
0.599024310263 0.32453875516 1.0 0.391253294317
0.971410606598 0.650999986868 0.872337188453 0.531420401942
0.491074986363 0.368727055292 1.0 0.339230909679
0.72235955836 0.591538712298 1.0 0.288381967723
0.648791274388 0.151011927238 0.999994045909 0.405189308826
0.641460620698 0.375757027765 0.753651098497 0.383398545632
0.53033348609 0.199566751081 0.842304591184 0.36254442795
0.493980911138 0.589637382399 1.0 0.372401781128
0.228911443608 0.752202768105 0.862518976687 0.269843761533
0.335403704993 0.749115766333 0.988503069603 0.28919660305
0.473026544665 0.7858973822 0.999999999947 0.446118659011
0.924787101318 0.351491552989 0.996447002646 0.3806756294
0.765561164943 0.801972876309 0.999999766127 0.595927178977
0.302620325885 0.187705827066 0.999996919987 0.31469171455
0.662810105678 0.981219334616 0.973802486251 0.442346986916
0.509514424378 0.460339789978 1.0 0.327507323334
0.44144557258 0.253273747212 1.0 0.296057237322
0.41372280864 0.598910329772 1.0 0.48114887234
0.273142475228 0.725226510456 0.999896255652 0.541425252972
0.536358512314 0.943375404098 0.953197195817 0.264446939134
0.394523570735 0.783713252205 0.907474129694 0.250737949984
0.585194347989 0.104583974056 0.724904951403 0.285662126584
0.448485537564 0.513979685154 1.0 0.372881842841
0.385153952721 0.557011234936 1.0 0.239249392579
0.883405201108 0.625710934684 0.999999700214 0.559010553225
0.167497396422 0.431338021803 0.980340463353 0.294725334054
0.680735767563 0.419096087657 1.0 0.58010664899
0.369039616911 0.576670337279 1.0 0.280106581506
0.232079981779 0.360086947922 0.964860711019 0.272383662946
0.45021887286 0.436132311162 1.0 0.33069843715
0.684117417452 0.167333234031 0.999292757916 0.288234253118
0.856882434472 0.219080140403 0.955081755533 0.323742589922
0.31626572933 0.174890072369 0.999989368812 0.543754377463
0.478174465106 0.290027463497 1.0 0.361421630041
0.426819052635 0.807975714754 0.973237822864 0.294421517025
0.610110687322 0.227312023094 0.708008746626 0.124311663819
0.539454138364 0.0428471969811 0.841039878195 0.322849188536
0.916294508357 0.575537922751 0.999196716112 0.308616478813
0.103620774469 0.685035181212 0.989715292356 0.318914454975
0.872976745934 0.51024457416 0.988616767498 0.343847296563
0.3287310485 0.396663573179 1.0 0.393612293912
0.283086825061 0.206856522385 0.998446489568 0.298286039749
0.697568954113 0.22117751113 0.999999502335 0.568649012956
0.32869307505 0.20550995269 1.0 0.294448092075
0.394761591842 0.170145532916 0.95255761241 0.311105275292
0.382423031164 0.263061901502 0.975723184592 0.561377612391
0.758669177075 0.735029800094 0.987716707327 0.442680611759
0.831758541326 0.0856361188525 0.96170737845 0.264529223745
0.241731329343 0.653811904391 0.996820648889 0.527977721141
0.310204486437 0.675049536929 0.916032679335 0.26138959958
0.285101816914 0.295084986052 0.999998818259 0.450314992349
0.988340592451 0.172610604772 0.949844483382 0.332282466696
0.804232487172 0.17971626415 0.999999883268 0.208654914235
0.290061846303 0.219263282818 0.995847179832 0.403739048518
0.593950451103 0.709090856792 0.999999999988 0.544084854495
0.403134376836 0.352634786539 1.0 0.416303183814
0.458611706578 0.744865986246 0.999999999998 0.445648289964
0.313325041645 0.259978743038 0.999895276348 0.412529983048
0.815703335619 0.356148462664 0.999999912285 0.455665155677
0.0817471836033 0.165942601335 0.996141878423 0.169116022381
0.00837827878364 0.381553299756 0.985841818247 0.58178656615
0.430847691724 0.342493784853 1.0 0.281318808114
0.552776575511 0.566319619152 1.0 0.418653545705
0.27644901267 0.384913928006 0.999999999526 0.300728399746
0.171035948433 0.542194348532 0.99999999147 0.257622909723
0.518068093903 0.772752288447 0.999999999995 0.40512830956
0.720141536317 0.051750176143 0.997370348692 0.469772410858
0.946001546504 0.484757553612 0.997817017994 0.5526759881
0.154734633902 0.862958384487 0.849999428633 0.247431110989
0.601285132655 0.77977226524 0.999466408905 0.44108030208
0.272785666575 0.373071175413 1.0 0.672747009332
0.208625489708 0.226402258353 0.989285035239 0.411289939412
0.646860570585 0.57288771393 1.0 0.4894684179
0.833294871155 0.0753621917401 0.945655633161 0.483795128096
0.924931328861 0.894327562805 0.980742074805 0.2940386669
0.502228300364 0.392651340392 1.0 0.340364525504
0.691372401119 0.490882972799 1.0 0.562421816918
0.515925066592 0.625194477025 1.0 0.468323032632
0.586979518324 0.670468332821 0.999999511829 0.237842462247
0.0507277033803 0.933949822774 0.979133234426 0.388138877565
0.619399658817 0.071321283811 0.999996791005 0.248976257629
0.553940093716 0.503060809453 1.0 0.232828101908
0.673573130637 0.505678126692 1.0 0.522515320112
0.531704832039 0.677864071131 1.0 0.295989093561
0.939363904658 0.695113009864 0.895786727897 0.374713275016
0.765104252208 0.856666433622 0.999948959592 0.278890545882
0.776047521975 0.716867833866 0.999963750626 0.509040775396
0.526263402681 0.324312488141 1.0 0.36146533246
0.692987185578 0.872315864407 1.0 0.593890940546
0.562218501621 0.588664931632 1.0 0.294553282636
0.0317530148124 0.039680680293 0.817968815383 0.399785633917
0.677729022012 0.614948406435 1.0 0.42267825678
0.444529134563 0.973303143953 0.999869051482 0.302071226571
0.516793084909 0.900727677625 0.666131472308 0.383612290272
0.292158022799 0.322412849513 1.0 0.336863022741
0.394306546821 0.560504360328 1.0 0.317628866724
0.593034256293 0.295488641078 1.0 0.172356895112
0.364557366128 0.145912146294 1.0 0.34741650317
0.497072798062 0.498945385552 1.0 0.229363158879
0.509557258321 0.26581307582 0.999206523786 0.226886242616
0.629296647588 0.755242840895 0.999389805573 0.254321726088
0.647627558524 0.537868437333 1.0 0.366542779492
0.549105314187 0.601499309209 1.0 0.391355191151
0.585977819634 0.41016225276 1.0 0.295986869646
0.758117357158 0.207652826776 0.999999999802 0.384435089061
0.0983157227966 0.306422290017 0.56739548343 0.169868851532
0.0245519118155 0.769887016383 0.915662231174 0.334244896661
0.927568030551 0.587886976596 0.999873549014 0.541907661675
0.0474338947507 0.892008551369 0.978500957766 0.656606699733
0.179278905536 0.217130400101 0.999999999989 0.640412829344
0.578064584311 0.260190122061 0.999999997684 0.516134043365
0.806829722444 0.374617731784 0.99811200275 0.453109992058
0.491836565289 0.126971420318 1.0 0.18944001174
0.699213446318 0.556941207792 1.0 0.240040401826
0.249085199684 0.411779169091 0.99999999455 0.455005517619
0.275275857909 0.455105602534 0.99983443733 0.177613468366
0.384124678925 0.541681401816 1.0 0.231994310038
0.408352920676 0.707780169668 0.516490403609 0.0785589044307
0.029597146934 0.947573644139 0.998963607887 0.368700268602
0.346859410548 0.817559597144 0.807766540005 0.205256729235
0.804832920257 0.491947532291 0.999999741693 0.410377112675
0.245358272039 0.827706658602 0.999999811167 0.36570402709
0.59778168917 0.328220307644 0.999999999307 0.26086597874
0.575537706274 0.550458588552 1.0 0.279238141926
0.431135597885 0.567200314641 1.0 0.370036220538
0.17348093613 0.971482529499 0.999981693817 0.633589227887
0.326710276664 0.737679977773 0.999952374668 0.431362874248
0.82074480317 0.393639009353 0.999999921639 0.175580092077
0.935858955589 0.917063490011 0.982702909863 0.355928708835
0.810921740199 0.696101809692 0.9862114558 0.308050580544
0.737487986311 0.176348535604 0.999999999999 0.309972765172
0.424934562117 0.600608900099 0.999999998454 0.273072606729
0.23135153165 0.101853377453 0.852752061963 0.297192534396
0.602043055154 0.348015281361 1.0 0.412407361213
0.616915087492 0.152100226607 0.999999980812 0.276453956695
0.12927675477 0.0879437615602 0.986701290381 0.292033769829
0.624206093033 0.528930587836 1.0 0.208051607256
0.0457096532043 0.356698609992 0.980553665921 0.487699252397
0.20247478736 0.851863048489 0.725203357604 0.287990247722
0.971297280318 0.718876413966 0.937741907524 0.267091282169
0.353135338909 0.551089173597 1.0 0.208423783851
0.564282036218 0.447557147979 1.0 0.491731633302
0.251141145516 0.269889339993 0.859680717263 0.282225719778
0.371105311918 0.881967097465 0.999999826291 0.335285299253
0.649874536788 0.525388027022 1.0 0.409711590222
0.424564510943 0.346401302111 1.0 0.17583188369
0.665635807679 0.672816911935 0.998510521031 0.403911121525
0.53201788682 0.288334838456 1.0 0.278537359441
0.222238150675 0.247045353887 0.999998530222 0.534415209727
0.62945976264 0.501453545343 0.999999999918 0.403089467146
0.436288501076 0.479376386147 1.0 0.208759435474
0.985418537568 0.96598725894 0.955198108344 0.347664323575
0.228298805887 0.414954359089 1.0 0.346939712885
0.175974763598 0.936843285777 0.941526922532 0.277198416324
0.426410518222 0.672254814067 0.999999954789 0.400701287168
0.4795927892 0.108287118887 0.999999997385 0.34476597677
0.276048237764 0.493285691989 0.999999999988 0.334498619362
0.227698298488 0.747516046849 0.933789851973 0.218868253323
0.74626228664 0.0470207139847 0.998748339223 0.648268049916
0.3774588702 0.586557824367 1.0 0.497482621651
0.841396701311 0.771078754328 0.831699811897 0.384498145501
0.782837586954 0.385585718702 0.999999999642 0.0867819919586
0.867323373917 0.599751782127 0.999894145337 0.45590503995
0.774017885577 0.7880025624 0.737863941298 0.238844590928
0.32767812359 0.94288141931 0.998786022908 0.229018592459
0.478169522126 0.153550442704 0.999999987439 0.581559437773
0.843325420987 0.686247616573 0.955136266049 0.259087468547
0.286600216194 0.113908169465 1.0 0.306466087255
0.270555026072 0.61697003364 1.0 0.565590969798
0.239396487635 0.277288616629 0.717582570856 0.258220608999
0.177523229779 0.687186226512 0.999999996018 0.328532486713
0.883040073068 0.775094625846 0.998488157182 0.355670264281
0.576559430677 0.149014858748 0.999991850554 0.240062271696
0.426750210174 0.652615748399 0.999999999806 0.312425596014
0.754916652961 0.314321882871 0.999990767714 0.190470484785
0.10252211408 0.45046143528 0.999999999908 0.439584368859
0.428606512024 0.816301462825 0.999999893073 0.493219647616
0.217866224716 0.734411775875 0.99841058764 0.475263924442
0.731424234434 0.482816313975 1.0 0.244123933034
0.431225312057 0.471585466768 1.0 0.51982457479
0.689228169068 0.949645147934 0.656928561012 0.308169237768
0.447677607858 0.526700680811 0.999999999999 0.291538247614
0.208620995514 0.0821030455826 0.997935765566 0.291235305227
0.280273429989 0.196140646583 0.997393793061 0.307471954699
0.660583361626 0.609064298928 1.0 0.375374211296
0.468271773376 0.905503493958 0.979874826523 0.394351582495
