0.11216517445 0.345755357218 0.482439128471 0.274758265808
0.618841082405 0.38186895848 0.0414744692111 0.209257769735
0.806004298163 0.496066810376 0.67835990889 0.328083729481
0.321360036874 0.339255033477 1.69606612279e-06 0.156271453504
0.818954812916 0.0485876052286 0.0813901650924 0.288198202996
0.381933388168 0.187718605057 0.101574171271 0.205675010851
0.499014822459 0.663986222951 0.278615513506 0.0917748003968
0.558658548486 0.488213363236 0.7631658648 0.171209791802
0.436718916731 0.15904367872 0.272017984592 0.101934689558
0.635916014811 0.171774270316 0.222816748723 0.180846485274
0.36825231159 0.111507417147 3.66496909733e-05 0.210447248202
0.721685076386 0.268935693093 0.0313404281337 0.159209336481
0.14790730895 0.592670595922 0.346257476884 0.260480305941
0.589187746217 0.73137857332 0.63803643604 0.289394857867
0.102529465135 0.906994861464 0.975942842374 0.135344559025
0.895200286045 0.35241796133 0.622550434588 0.213991669365
0.631193540689 0.528911152908 0.919022662025 0.115003818231
0.611038019136 0.0178082734366 0.0179065166026 0.317014593864
0.259493754871 0.959520151376 0.021663270177 0.178350727294
0.525782025466 0.961234798515 0.578860168863 0.361365820622
0.586774809838 0.816258001996 7.47064832485e-06 0.21574138223
0.561821728668 0.495225553918 0.034818525844 0.192085508173
0.499728185221 0.0685639880642 1.42546574701e-09 0.464404089555
0.31529138898 0.397632084528 0.794831358164 0.117982219686
0.249966913024 0.555708855106 0.38212403728 0.22834792045
0.152408749584 0.661879515871 0.00338126405334 0.163598875245
0.828725136079 0.725687031747 0.674266748829 0.303814528894
0.402831123944 0.29943354068 0.00332080671845 0.344091657462
0.446720699658 0.0370082110505 8.13680757505e-05 0.375265085089
0.908841052281 0.318840868499 2.1002988807e-16 0.293029441498
0.70622572696 0.504690906735 0.514991986849 0.293584053383
0.382746986077 0.209790721768 0.00152511811321 0.108976770885
0.908293321586 0.0150316230083 6.62406144466e-07 0.465293734797
0.771579461981 0.586827820487 6.14351831148e-05 0.313481532782
0.523037375139 0.538227637976 0.0689788296053 0.234150244844
0.381532145313 0.368835723167 0.386083615026 0.119947587926
0.832968385295 0.293716147274 0.00235729169359 0.263647716503
0.703848498126 0.888111843629 0.986084378318 0.298618815716
0.603340291523 0.747674991575 4.18615308306e-09 0.0825630914721
0.381889491565 0.437054771828 0.680859605876 0.312648873393
0.900932736218 0.65078804601 8.16669920677e-09 0.0168470404886
0.487722300611 0.247761084952 1.17782011291e-07 0.110527055832
0.646394421755 0.347229641131 2.50903859163e-11 0.151329160899
0.461244414177 0.311026126973 0.628273150027 0.278884261528
0.161763635403 0.852320461136 1.62530855009e-05 0.301699781083
0.242490889326 0.0248064548848 0.315060223555 0.449014269653
0.0517407864078 0.910103271419 2.32428229814e-07 0.716229310047
0.763187121186 0.47796725013 0.297807030375 0.288807734132
0.229247876494 0.70396434224 1.45033538075e-06 0.154202418445
0.642984870776 0.69522960499 0.00609941523585 0.118998905637
0.632406767255 0.292107941443 1.48777331364e-05 0.131891054811
0.0285481536409 0.263904383904 0.759040084862 0.342982050126
0.708208401755 0.806096690327 3.45513910166e-07 0.231672254223
0.963829550561 0.283761305877 0.977971289179 0.133205071221
0.118973804389 0.824625178775 0.818162108097 0.172064665143
0.348401501385 0.598229510884 0.15853706201 0.224403606556
0.89984249812 0.0987632083118 0.873988936155 0.216681372715
0.0387295944631 0.275070075616 0.00713822952785 0.403810841848
0.413456297673 0.28465093919 0.0409788037225 0.242614601727
0.738295650973 0.641085178479 0.227535570972 0.102636445444
0.126606537748 0.275406136953 3.38967186889e-05 0.342950506087
0.0849452195167 0.5036255653 0.237129479937 0.267293995473
0.670732015994 0.797397537899 0.00012054616486 0.200130313182
0.0966914395844 0.668931824926 0.0441581335467 0.170980798855
0.0949455922156 0.683137885637 0.000714875531414 0.257103233706
0.202020036757 0.812328778008 6.0802301019e-13 0.0995504514082
0.848758099025 0.399286605383 0.522164410879 0.229808183129
0.494210991901 0.673401501624 0.0791914597945 0.242560915019
0.0814328419722 0.242607181891 6.62077093686e-05 0.112398187883
0.494340588129 0.0544041569151 0.0117363102091 0.279717039558
0.941930324188 0.47672950307 0.0671196478866 0.343032340003
0.419860297442 0.207237912059 2.615282583e-05 0.104908665365
0.254661994905 0.585360216896 0.296281919565 0.251912403594
0.125162661689 0.572722772968 0.000463213377233 0.461136867195
0.443204394661 0.287909582883 0.96824533063 0.189482438424
0.589210626924 0.445625124331 0.144676926888 0.227914005002
0.534455260352 0.995323589662 0.635688233014 0.106656573793
0.1587757155 0.146375493904 4.94873810003e-06 0.0986518821333
0.836251242581 0.787812821587 0.037427276178 0.142897293845
0.354853973121 0.357163672886 0.0300935780534 0.0452591665756
0.899403755882 0.751172528102 1.7257212855e-06 0.194824516003
0.153914859962 0.147467199038 0.797229015039 0.078910423896
0.651816101645 0.390771604242 0.980717760265 0.146545942235
0.718544880858 0.491734933742 0.0541155174849 0.145405243147
0.654769383111 0.475314791683 0.975542025458 0.300814051399
0.704703864636 0.379038873949 3.63115503094e-06 0.148792358434
0.230287345146 0.871883051857 0.746434854488 0.274248296409
0.648622821187 0.610076366497 0.0890019733621 0.060502956079
0.0269910370448 0.555262617941 0.00144024342142 0.207628972284
0.316807699442 0.397735887254 0.000125688028126 0.281101412303
0.610916057555 0.423690275515 0.842394778572 0.192935670372
0.0264563190248 0.871192182758 0.000123631727144 0.210706745105
0.657255537885 0.383320697688 0.735310082278 0.220127562463
0.0391539952796 0.0132841579245 0.475059951389 0.16183856975
0.525017522318 0.334518876325 0.00865353885156 0.0542273658061
0.583444656889 0.87417597561 0.1716106262 0.182912480712
0.438563846057 0.794571274662 0.31715068902 0.260094262323
0.279621613633 0.24102680085 0.0247713049881 0.134734528935
0.814791577093 0.285334512206 0.0115143603886 0.284281127291
0.477191099782 0.479085405285 0.141411282463 0.198622658195
0.554105707537 0.14431093892 0.0314342594583 0.281154193846
0.71576149617 0.603013042101 0.808670842132 0.243792189762
0.983623061935 0.662346876005 0.449030728334 0.173336772506
0.284089541322 0.745715154513 0.491811918374 0.11418142379
0.703779112208 0.864565233649 0.0857104435937 0.377114553599
0.557869045858 0.510393415693 0.625819318655 0.193471457944
0.943198816433 0.869817371804 0.901661009756 0.0637843604942
0.656112201524 0.590629198987 0.0186852012983 0.122867363611
0.580879291701 0.347664197021 0.000218283803121 0.119987702057
0.878334490702 0.746241742643 0.578443741773 0.207662788218
0.580285769284 0.856691349956 0.30904966655 0.249531965206
0.255352700999 0.638900411074 0.215344136446 0.389124750238
0.79702701065 0.875120968177 0.054909879413 0.423388157511
0.353457083825 0.702813591785 0.860997854904 0.301821740394
0.670034815304 0.555381364408 0.361734709356 0.144266281452
0.140456422858 0.00132369655861 6.47822640656e-12 0.27576625253
0.795444212995 0.560019733384 0.0546978574932 0.0635121950427
0.975942900072 0.502344317132 0.401322629474 0.221284024023
0.218992279381 0.701670532069 0.363263576946 0.194417896196
0.584609287314 0.788302484424 0.301939130454 0.171891403245
0.769066272654 0.299218766008 0.320368447276 0.268017299724
0.73404722637 0.0672752359486 0.000292353408079 0.153350842822
0.516967204623 0.524755257604 0.0013543159599 0.0473932693333
0.970518300559 0.615544520531 0.00489656218309 0.213423784659
0.265888685414 0.227932198465 0.953654133924 0.0410203698116
0.424965225405 0.474285382691 0.0533386622083 0.182814972917
0.326396127282 0.208086803394 0.668333494691 0.276999036873
0.496290432906 0.481756189364 0.201188085888 0.220239734832
0.682659965029 0.101509517321 0.681390048074 0.27638808373
0.381068759516 0.127595846331 8.16238714885e-06 0.255822062635
0.572513382011 0.295344480286 0.10224418984 0.172906773451
0.13480961579 0.187073315724 0.692663481294 0.171066683717
0.882668422226 0.467108898629 0.610277922039 0.307446595319
0.939008073619 0.201640453481 0.509208361354 0.336941369658
0.442421406293 0.845213399505 0.950964503008 0.232803176822
0.198818938838 0.661790332936 0.000306017619658 0.160722445902
0.558350404633 0.618366996281 4.09753564071e-05 0.205242778805
0.820275675336 0.282678835289 0.78390204716 0.122467777355
0.48042713099 0.845153572798 0.00168157992367 0.235513388345
0.582691130548 0.663138033144 0.446580300674 0.210356958508
0.19432744225 0.063179433544 0.897464893861 0.187528994216
0.368611214589 0.904472355769 0.0246340641689 0.379547000859
0.362819392834 0.0960921338166 0.000862199889664 0.228692142191
0.347667323468 0.383951835201 0.378397744248 0.211023401519
0.779635338524 0.591429555652 0.000580211618814 0.310422893938
0.109639872168 0.422828723343 2.29517293456e-06 0.263383839073
0.708618657447 0.734706008005 0.703594470993 0.19529388053
0.719569253351 0.643264632009 0.000125664113019 0.0657591476132
0.885177578362 0.101201839584 0.00097732385781 0.271890125387
0.188362055144 0.749260800533 0.000131387211528 0.150957499045
0.504307031331 0.132473900135 6.00618098724e-05 0.0868414513629
0.386498926006 0.655497198837 0.102938917508 0.238310565843
0.467034014532 0.670876106625 0.1233259568 0.148448019616
0.19406932646 0.359960678567 0.00278110159802 0.258930740566
0.553054436299 0.33486690516 0.000905801730406 0.0870547667168
0.138123845822 0.224686827154 0.86360424443 0.213852205512
0.993450526871 0.1337510185 0.537071234391 0.289647496583
0.825418229825 0.998296324627 0.13187664887 0.139609216428
0.589913925509 0.592810584266 0.110048941198 0.0834778448705
0.775397458352 0.716956507163 0.00341720096703 0.230505031604
0.764979598362 0.0810106889199 0.407219974985 0.351884038641
0.832043524969 0.240689199711 0.00782051309557 0.279133782317
0.711355645443 0.0259377064296 0.980549628558 0.117826555678
0.537151447542 0.82635981344 0.035505835153 0.0816954748364
0.164086080836 0.733090192264 0.999429853566 0.148085324649
0.990879032048 0.486465091544 3.24801383468e-05 0.378219439114
0.17393243276 0.644391670258 0.13210770873 0.347252784401
0.647782419031 0.660896533742 0.112738624726 0.239348623645
0.747514270357 0.238407947193 0.00379622208408 0.0809664150885
0.610845833202 0.608346053013 0.317740779747 0.225481741233
0.138836818855 0.548786980156 0.859632096798 0.128664468756
0.284684511318 0.479411948453 0.857793592267 0.248394277937
0.104836684823 0.736245109126 0.047766390205 0.120276248947
0.462551635735 0.223182286303 0.145545997035 0.140078931161
0.59658161133 0.704035878787 0.471846302913 0.120039829992
0.866850597851 0.403787438812 3.10736506166e-12 0.0629037496018
0.187031487138 0.83760763647 0.0157855659079 0.124148742608
0.239007531696 0.097636302945 0.642885319559 0.306751691077
0.849661106076 0.903778667381 0.649574537185 0.312101975285
0.452637157687 0.283443892882 0.279248890539 0.228366243504
0.385873668844 0.52171959326 0.298884734921 0.10522434376
0.364711898288 0.631384842671 0.460271313232 0.246937171284
0.508019525222 0.237796599857 0.783764765041 0.125872698003
0.500373036347 0.34690190457 0.0981152879713 0.188585906846
0.306531146597 0.798924165498 4.45605058798e-06 0.0910389347352
0.370344066194 0.767061312615 0.00024279931694 0.15306488381
0.561176456785 0.206590384492 2.34137947717e-05 0.521149720578
0.159772561519 0.575709008983 6.14089282433e-09 0.339845980741
0.832754918885 0.0650226368231 0.631496640533 0.280780883099
0.716832583749 0.000952355238572 2.00755614514e-05 0.293586136781
0.528661879963 0.499768886956 0.00261659947843 0.310506386346
0.906613568123 0.256816705719 0.482590892956 0.238561184644
0.587108630779 0.29412529822 0.401831668404 0.191276214163
0.841416455906 0.355233513563 0.00331130405913 0.199129203287
0.589599181483 0.166395879872 0.568007314503 0.246637856828
0.437918832953 0.687495767211 0.130328181516 0.240724737159
0.419259816719 0.21191369977 0.00234799716757 0.220532845353
0.396158854452 0.688800896417 0.129272477314 0.187160085035
0.369653962719 0.232968692371 0.142021143884 0.211162846538
0.891995304875 0.622709393418 0.857419846965 0.175617682577
