0.382613853252 0.906655261103 0.371541625137 0.30511221323
0.244979071691 0.290842822743 0.903809552984 0.281956433652
0.584831731725 0.394662090643 0.903114811911 0.350761253043
0.762836956395 0.176976314741 0.00510545362769 0.126688280807
0.602296759678 0.517380617644 0.124461703946 0.393715198522
0.738936971674 0.55150949266 0.996246271987 0.158219663604
0.715942463757 0.975775502647 0.849708023678 0.142826980211
0.569743218902 0.555084019102 0.98314169991 0.314746768724
0.874165028501 0.962638826831 0.169685046877 0.368943642828
0.854987693602 0.364893511921 0.612455785463 0.301478777673
0.234406777718 0.610196402472 0.950034395017 0.0859085125337
0.480104024179 0.795117245451 0.332473755102 0.335388637585
0.508784482683 0.66463360135 0.962628167295 0.308153962606
0.490333240729 0.42840809439 0.513854799199 0.389077611001
0.89731417115 0.519769283111 0.00569114712947 0.0568892586331
0.339273795038 0.0349538330485 0.949874355508 0.446638597715
0.161062341994 0.289741463098 0.32406167026 0.460167505169
0.657695785159 0.533157385089 0.0193484638275 0.121536517282
0.560682781179 0.502955713865 0.981870406653 0.41531521801
0.587254522956 0.76803693076 0.928470153342 0.4548508794
0.441206601232 0.382075787827 0.813045472704 0.113204403078
0.360777874128 0.53741093091 0.272872748205 0.121507243677
0.815734682328 0.492376032595 0.589019943408 0.154759163694
0.51990749001 0.357958346729 0.613218339742 0.216563028811
0.865308152744 0.146844297039 0.553398734939 0.223214942731
0.349336292076 0.886305591964 0.151249194558 0.370568336945
0.00592711705076 0.802540684973 1.71286685789e-07 0.223211251527
0.231406425454 0.164736402195 0.935270601919 0.325275432028
0.826103701692 0.517291005147 0.331821375252 0.230333933294
0.599848058433 0.593344273682 0.797582696139 0.480775924239
0.782120524212 0.428509720029 0.388535374257 0.228048507245
0.930435139094 0.223917782484 0.94196112538 0.234932893221
0.635202399795 0.614582401133 0.0013269264018 0.271117996316
0.660976407174 0.514648473319 0.665610648853 0.173806776854
0.499440050872 0.668112060176 0.229862126187 0.244869278789
0.342075382052 0.539934383342 0.831002686172 0.376492065682
0.612541917562 0.818237009373 0.997277297509 0.326867117734
0.504773620741 0.75276889496 0.509777698579 0.184752168912
0.0474757446474 0.619330137047 0.937116329986 0.31871804144
0.25261459289 0.78227789557 0.841686375958 0.276517146036
0.803365164286 0.814458447986 0.867000043781 0.303709124417
0.417064739549 0.938943172781 0.414202874916 0.332862934899
0.951691189044 0.452407765755 0.0797113444295 0.373245083983
0.056903815902 0.168089314632 0.921870682693 0.156293093833
0.384351619474 0.415609705135 0.0871173431644 0.1688252455
0.582581871649 0.526640753022 0.931802339768 0.434786432437
0.341681573524 0.683755832087 0.976705211506 0.249143765909
0.808748245761 0.00789252170883 0.634893352959 0.425346917627
0.441178227312 0.528607167466 0.0986740916855 0.307158058479
0.575529194793 0.746190733987 0.98421111974 0.291040472079
0.339205518185 0.737124679238 0.0177839151567 0.410751902054
0.495891178226 0.208475273995 0.466232024283 0.230315715795
0.326175508029 0.317322400196 0.929844406441 0.359116614081
0.163206345962 0.448181024848 0.669812767591 0.318462699856
0.231644147285 0.000235035651425 0.96253659609 0.530056310451
0.0510073689468 0.321175893446 0.711133130731 0.171189874498
0.354134064127 0.287289383093 0.738678890883 0.277127389386
0.369342157893 0.176268802437 0.528058127548 0.491091367151
0.699750921661 0.894048012964 0.959098011411 0.503977969462
0.734762272643 0.438372496178 0.917311075148 0.404845886745
0.324545888105 0.769410002895 0.275677347116 0.416566235707
0.694778254627 0.00150543699126 0.23011234204 0.180522578955
0.375703162017 0.728122912283 0.0703222691396 0.40107198425
0.114395925305 0.786105529602 0.988977383128 0.0600887651769
0.990887224604 0.896730386141 0.85954573058 0.286844523098
0.504507319547 0.13282275325 0.885300171133 0.212438724502
0.210628091838 0.989330169325 0.926058249665 0.22082268388
0.877016487665 0.64300112644 0.0441254572772 0.387423287817
0.35874890645 0.674039522615 0.845919522004 0.3177598495
0.694959880596 0.501990548944 0.00542567839346 0.15101950466
0.754649470928 0.569629287316 0.766479259442 0.635057643249
0.543366026886 0.164868463459 0.999913512993 0.272383044021
0.216479874372 0.613728343775 0.0631907992814 0.189332838303
0.890085437906 0.980946139935 0.882364802545 0.273727049758
0.0741421242527 0.763021152908 0.690028839898 0.388543951026
0.664328670382 0.101986140232 0.0302705384405 0.413737785759
0.0768980767271 0.828989993367 0.782338724176 0.226731578669
0.314718935552 0.338141529457 0.986444346284 0.397344457445
0.26458701911 0.291742112098 0.944368375876 0.270741572685
0.77158649946 0.434109467461 0.906975375865 0.29421165696
0.145567844747 0.65003417815 0.475508537213 0.21409580312
0.54129219906 0.238718678072 0.99999997792 0.478256035562
0.595473177324 0.473384834787 0.999991990827 0.358182268063
0.646246580289 0.7809965921 0.824540010516 0.355859568509
0.758713338684 0.89446236873 0.973038698115 0.39269845205
0.385636486665 0.373748474671 0.840349116278 0.322496839756
0.196737055715 0.438024940065 0.960480065173 0.199343121441
0.208432285418 0.656254888135 0.0942044070246 0.215750026152
0.34687263968 0.654667078583 0.959066900371 0.394846396316
0.291927914976 0.464887088059 0.11944416887 0.216299771501
0.832214355513 0.34232732934 0.999400184503 0.400816273664
0.697732358653 0.130188324844 0.462640178897 0.255264173434
0.337647609368 0.301719000309 0.0568125894262 0.364249179963
0.667080411518 0.957285399284 0.334306634215 0.23990778704
0.637920801205 0.00193410899651 0.880270873757 0.236324500243
0.624141910496 0.616819982386 0.453556146357 0.351833093632
0.711095575471 0.125386454531 0.0173090608907 0.261683276606
0.741437754035 0.573497136865 0.140785741484 0.148183841961
0.494383978348 0.321625764348 0.236532203095 0.143201551961
0.188341610733 0.457015992988 0.991528036197 0.42150691937
0.521980637188 0.696314256553 0.999777187608 0.193051252255
0.578998373443 0.237832535371 0.852412382211 0.236630826398
0.2861075081 0.369214591373 0.0677357046222 0.0976163929002
0.572124452094 0.332914260146 0.901403356927 0.43772181017
0.230973045299 0.994756056327 0.285127261394 0.19454189782
0.444850505005 0.258406255553 0.923109509147 0.257969270127
0.105826102775 0.50812731499 0.947648247313 0.365923132886
0.772830939615 0.689644410971 0.616824174847 0.232262219125
0.552519593365 0.719258630002 0.194214443595 0.194042877543
0.91489034739 0.912688111357 0.122750251794 0.351349138991
0.51992150455 0.421137257884 0.878202611012 0.37785571913
0.235785257024 0.308100970053 0.517078725058 0.225494032259
0.496289577293 0.265773997171 0.23879796372 0.321990469072
0.848425569002 0.460281949698 0.878668630401 0.187489191634
0.73665346191 0.106423111656 0.578782494787 0.26455848122
0.289293897114 0.209814172198 0.17154926259 0.141915461893
0.362412750562 0.622937951885 0.37648161543 0.207834435641
0.282967024839 0.764205136223 0.00790682573595 0.143404058644
0.375263300687 0.566785200346 0.209729523723 0.201960273357
0.723575367691 0.438182485977 0.990651342886 0.41164429418
0.347106734179 0.989227551462 0.000501671407239 0.167336888313
0.6007182881 0.813799679926 0.379969437038 0.158416768397
0.783733754016 0.36295140414 0.511765098957 0.187176610899
0.465458192574 0.166113958426 0.831954367128 0.287885448597
0.46086991347 0.227019360647 0.00636711787002 0.312187479501
0.528716729625 0.475806602159 0.99471994618 0.486474404438
0.60061360054 0.378397834999 0.998821787213 0.229041071409
0.878943259655 0.454608556288 0.686804223113 0.172183189501
0.161772372198 0.554633942695 0.353799415791 0.399353253336
0.257690865654 0.716878243895 0.632178241651 0.249499852345
0.210697100124 0.461046830886 0.88239031096 0.31270982771
0.344389750262 0.825369372385 0.992556058025 0.504039932033
0.396765484434 0.0818546766812 0.726593472322 0.287669105205
0.698362061195 0.780579996491 0.915137141087 0.32206488284
0.641502343777 0.502496234155 0.490510333182 0.208829068083
0.287925795317 0.215513058564 0.665350121001 0.477163490393
0.302099072128 0.918274116728 0.863806821797 0.212520520642
0.346838455271 0.385666550051 0.96356505821 0.339109449798
0.984046807684 0.747724149199 0.0558818502068 0.117401424223
0.624592489963 0.556871399346 0.416915184554 0.273284448019
0.389248965367 0.470485190578 0.761821944993 0.377722603883
0.19555003617 0.561502541192 0.982611744402 0.231611143978
0.34279711305 0.514700174377 0.677246188832 0.260133801171
0.449489715741 0.205196523553 0.957232897829 0.159232884982
0.421039892563 0.776732683233 0.610888799026 0.120918204062
0.634763279331 0.285062505069 0.820076871824 0.377308259335
0.378022859958 0.56603559946 0.538705451285 0.489930790443
0.75497646461 0.697783279432 0.976250262836 0.544311810995
0.453135014727 0.35406633762 0.72249227504 0.250996436716
0.253029398066 0.960142365457 0.654956880672 0.323062417976
0.951056187288 0.493689041825 0.591132650619 0.280763523971
0.675402355258 0.467954172896 0.956718727831 0.225733873557
0.581878063723 0.57774690144 0.974680033467 0.304515591683
0.0551279771089 0.552478666636 0.227899924014 0.464455109207
0.503467969058 0.207337470822 0.00913552501068 0.347832403726
0.543175229884 0.640744621924 0.973866717375 0.446807705247
0.329521447954 0.839041761735 0.0360794707959 0.0773563121448
0.659104535831 0.292617911307 0.156064939735 0.522902656829
0.0307127470193 0.53715431175 0.511133080476 0.492312533996
0.358833958514 0.208379069626 0.742933820766 0.28139306858
0.631817461215 0.774895179043 0.0192768638076 0.256175261393
0.600852843661 0.623093292444 0.752056780609 0.26998991434
0.67394374738 0.586163765858 0.0402329024887 0.152535184146
0.686327860135 0.372214637907 0.600909084808 0.29761047222
0.584186442889 0.577820310698 0.303172014745 0.082621083229
0.271197766744 0.864403568611 0.596029612816 0.382083009976
0.512360568964 0.251574019149 0.744303525023 0.41983262104
0.500489496847 0.669688118666 0.730946689513 0.278107267743
0.982514435754 0.746224461394 0.00458081874407 0.0566252509445
0.691991547268 0.876114490417 0.934566610184 0.547369164115
0.306330636802 0.378709331166 0.853884022765 0.312829712554
0.843993821064 0.993439271254 0.348621770274 0.302797449906
0.454713090626 0.181455597019 0.818606193536 0.379396589717
0.844897580637 0.313531714959 0.0389118716044 0.463463324962
0.0391281377126 0.106244341074 0.945417591758 0.694019732727
0.954820877669 0.73212596927 0.0504589235948 0.450539858505
0.618832123968 0.392288089803 0.98524749736 0.39733585145
0.646716621862 0.268311431791 0.720159717815 0.343285113753
0.784668860978 0.124839551233 0.846160077063 0.33854151816
0.949629269752 0.596946254252 0.355971069721 0.525555071411
0.237245598395 0.589812598462 0.513888835179 0.300261618838
0.248869392465 0.592924262753 0.994808288134 0.31664294118
0.601156517687 0.600441797779 0.939231013395 0.269296079722
0.873221327701 0.643806737621 0.906138281689 0.29838191833
0.0991679206951 0.505391232104 0.760915220832 0.178329800953
0.384678156602 0.898079718138 0.834381227143 0.38219633237
0.420383768026 0.499532225437 0.261277931126 0.193955857668
0.621623688887 0.464071641494 0.336562023033 0.357828452581
0.687416387687 0.164701105492 0.137817609882 0.474085757146
0.348603787338 0.0537617918282 0.879185335705 0.378956188541
0.551634628685 0.536202701202 0.590991806783 0.554757656237
0.424179600847 0.616767744174 0.484267245176 0.357565891529
0.902062841576 0.40815641365 0.863437388751 0.470737078661
0.66481408154 0.340568764821 0.0277461700053 0.369902110156
0.608387768928 0.810466126987 0.0284643662094 0.17242564363
0.647228964025 0.133304635256 0.769229830356 0.249344342091
0.902595351503 0.906129337882 0.530618582193 0.483772049177
0.0799514805145 0.603038175839 0.57168754717 0.249747351324
0.584882736515 0.157212290094 0.936784859142 0.294076561063
0.158702082383 0.968374663459 0.00508990826992 0.145053594698
