0.372716581419 0.717046089829 0.0874246272496 0.394912298609
0.19025009265 0.991521640383 0.624877598607 0.183839323184
0.431317939534 0.625123347429 0.0316140537783 0.195930150034
0.863827490982 0.786114565684 0.620945718392 0.121536198494
0.81103933827 0.0271628579778 0.217180381816 0.249170370775
0.385306049351 0.402082955648 0.913661634032 0.298865572375
0.32720186609 0.234265454773 0.0686855154844 0.268914285156
0.00419023084531 0.539545505952 4.24066202694e-06 0.179239496595
0.512662614558 0.724418682759 9.35438291669e-07 0.375716135386
0.122827786598 0.577092462528 0.0186939380216 0.277942611097
0.597314469999 0.455188983376 0.236508309004 0.0930406061596
0.782933083148 0.773983547556 0.204518510537 0.328378956061
0.328214192689 0.627212938179 0.0450493663036 0.0624330945262
0.198795445628 0.989449008749 0.0 0.229261383293
0.435762415266 0.583937704327 0.00761923961018 0.110498268311
0.409533948724 0.799188356248 0.0343227542381 0.106073393978
0.59807048345 0.225837400397 0.685848199715 0.164437153508
0.422354479829 0.627032787364 5.91527318287e-05 0.212417975029
0.325802538113 0.489718175643 0.240541755539 0.163649723278
0.990597023136 0.960721073839 0.741777369581 0.324383238868
0.528322283512 0.20999557842 0.399428518072 0.34813214916
0.869083446815 0.231750132182 0.880232185536 0.293588569236
0.0746408000001 0.264356590746 0.892260954936 0.21465922329
0.304229418252 0.491740963452 0.945671368383 0.212789374044
0.914218892084 0.111951317629 5.23638284395e-06 0.352539046244
0.210566843973 0.453781763732 0.144307845818 0.19811007939
0.351090830541 0.528799381862 0.648740927004 0.2304587967
0.538080822495 0.387936977501 0.238048630632 0.128941128729
0.597167077677 0.293063585799 1.7711466485e-06 0.210068720523
0.631312974068 0.902996481483 0.52161405591 0.323897695857
0.330795998235 0.477465495708 0.069976526622 0.149661877247
0.333093448884 0.0393769850186 2.00798439289e-06 0.352328381898
0.321894174216 0.391018511794 0.02023217264 0.247303437301
0.551686448193 0.779311386815 0.00493515504558 0.16803915541
0.776605024339 0.591672353198 0.00650553803239 0.334230464339
0.470389592052 0.7503800624 0.157495794884 0.294286281199
0.585227230209 0.382746523193 0.216267383074 0.357839956369
0.659939112999 0.772607399673 0.000154183981466 0.197299217785
0.778953305286 0.303451961009 0.600624685911 0.207035294464
0.684968975843 0.474685119996 0.0883915346785 0.207515121266
0.461260173073 0.431596567461 0.130777988748 0.227272064108
0.584071154721 0.359947411332 0.0765567353903 0.300350819196
0.980926849221 0.685204642459 0.826628548414 0.236671154753
0.35097663512 0.581966542709 0.089178183433 0.202286168231
0.992013155793 0.648485794694 0.279776230057 0.271855163421
0.673074203261 0.194644137573 5.25173985008e-05 0.282019816025
0.361685494435 0.338636708848 0.728981190085 0.287099916283
0.503952354848 0.886502377355 0.806254707538 0.299932240759
0.391664998372 0.41516451207 0.00166916071715 0.21853212622
0.758709034363 0.455159801218 0.467225868239 0.144120902983
0.826063341053 0.835391924855 0.676439491515 0.326511161414
0.569150832579 0.599109773675 0.366059620934 0.226351104042
0.797010617992 0.807689393613 0.544231053673 0.274837230352
0.586768663232 0.807249521774 0.849971012111 0.196169397236
0.623853079145 0.0539504825037 0.258080850043 0.356395336691
0.220403291418 0.851051775977 0.755711787106 0.091534507289
0.625995292942 0.374058772961 0.963558641398 0.193855612455
0.633464534311 0.220071255435 0.0626175565957 0.320854315501
0.433236609336 0.233787314253 0.0579974735491 0.0971708624367
0.204938145939 0.0961276383483 5.21753954591e-07 0.222471336607
0.804426184785 0.728961127097 0.516537240826 0.278796249223
0.248567931277 0.422538260185 0.965150523533 0.294299526792
0.438587845509 0.736374804062 0.00291124002213 0.111300135065
0.309984194069 0.58883727444 0.0223786592028 0.185709230102
0.431195043983 0.722737938266 0.791127008779 0.292885716779
0.614895373238 0.745482155018 0.0125947633848 0.190650111318
0.493793505967 0.54571491701 3.7207961075e-08 0.135216168211
0.557106378877 0.720199439204 0.961677292972 0.0254382616695
0.723910447466 0.898157679084 0.986955151142 0.174188306842
0.943115899955 0.471405623195 0.711539835439 0.0759363549216
0.239806335032 0.476746176142 0.0283824412895 0.160329401171
0.321719121529 0.556685327359 0.0889065795732 0.0903107040738
0.391842524955 0.635043332588 0.182684373781 0.0857446287091
0.351502089703 0.564386939064 0.00035049528088 0.155952765435
0.262431687847 0.14829621699 0.56851122922 0.295564304006
0.0116401596955 0.612317106779 2.71431099819e-10 0.244394191812
0.404389329984 0.541123850349 6.59654965255e-05 0.317038879349
0.760895298419 0.293094925778 0.00148938139641 0.126451267804
0.623077094719 0.0300389487973 0.0 0.274576274809
0.520619092989 0.606731357542 0.00120327997097 0.201346832354
0.536145848664 0.521833064471 0.823584713322 0.217637141103
0.584147715567 0.441152368945 0.117698301102 0.0415142010069
0.977693614955 0.462979035159 0.0446176925546 0.20832708642
0.628799705511 0.725352101715 0.568751993128 0.191977265418
0.509195847221 0.263784423384 0.0457244279057 0.167213450049
0.632059570544 0.432637581033 0.0437584313045 0.096927937684
0.911805002122 0.139673924823 0.614756907168 0.227394351126
0.931304198095 0.417931588765 8.14207701475e-07 0.330481201859
0.451918969766 0.778896252496 0.230353504586 0.131706759966
0.603243038409 0.268739302368 0.97558879987 0.280229266169
0.810198639467 0.0674096203401 0.0166383222725 0.186059060106
0.0354921148883 0.139831515261 0.595876220587 0.342904700356
0.350238844879 0.456409627547 0.619999389907 0.204842551692
0.503712919253 0.304904051501 0.556968018032 0.0631608489519
0.699376698385 0.913291528398 4.69298078519e-08 0.121778877783
0.267755618886 0.406809512257 0.523320098457 0.222316744224
0.178008475701 0.58840008573 0.108777292855 0.202501046649
0.886439870783 0.108113471557 0.0 0.260695852687
0.741927879378 0.120809697126 0.0 0.0916969376719
0.758417043176 0.802719997381 0.954638595876 0.257808846448
0.852733457137 0.565646793672 0.995616013866 0.312617915973
0.319035751089 0.247300614147 0.30786756687 0.0920586629271
0.0769977030827 0.909798295913 0.000258042897247 0.331053993481
0.669366842332 0.79944079945 0.038811273025 0.229004619566
0.499807799399 0.335783861474 0.0026901690608 0.189252440181
0.264028699461 0.735436146084 0.675441708857 0.272782445581
0.712505024065 0.702841972583 0.584335847727 0.277978392064
0.241726462701 0.444435067958 0.00239958579215 0.156825064532
0.395883306835 0.95489663101 0.00388287712759 0.346110366077
0.334817368144 0.49645616168 0.190788017811 0.259445493304
0.399650491833 0.80054342916 0.546721663513 0.308547595062
0.366497642638 0.636806203847 2.6404406235e-05 0.502279236022
0.261989924978 0.620818756248 0.0322754570465 0.277184686141
0.526517695814 0.227328002684 0.766564666066 0.226888549383
0.216639603851 0.782618391785 0.860473555499 0.170140306692
0.761419951103 0.550577385489 0.940615017455 0.247678955497
0.3878145006 0.566684053288 0.227569531628 0.0976514157802
0.699053833681 0.75213390895 0.000542532616 0.283606953728
0.589437768078 0.889957738818 0.0 0.310258203351
0.449933727645 0.674244742157 0.77029066606 0.289870190981
0.0596474621031 0.560786752287 0.000453213256138 0.369015912909
0.311936582726 0.44817630991 0.937109174892 0.0844605022929
0.573237830474 0.101328623056 0.0129800352922 0.123471667758
0.0685648561205 0.739236091829 0.0789703049905 0.501004679795
0.452715363591 0.577314076782 0.981424592257 0.262983389468
0.398276712466 0.623056053233 0.000943282458618 0.227356318218
0.544147549262 0.497018276138 0.995839962498 0.21973562096
0.820784863193 0.309966240692 0.24520634103 0.316702504904
0.524105489378 0.126777406369 2.31452133964e-06 0.41877881467
0.973256647734 0.29443556466 2.43800482487e-05 0.135745540639
0.00638939459243 0.0377420080782 0.94443175229 0.227278041201
0.771890498217 0.444746428794 1.21390955619e-06 0.543175684538
0.420366902327 0.764932049003 0.288136470232 0.150194673954
0.199066162566 0.335932883914 0.874118839527 0.173053005948
0.00520304035498 0.761476743166 0.711898040879 0.113465074298
0.609247313154 0.52193852707 0.858601561575 0.191350409137
0.410072848912 0.833789078535 0.399277775513 0.218584140768
0.288520248162 0.223004674625 0.366978538762 0.204351654406
0.720752425515 0.169027459096 0.854418903507 0.167914153052
0.493746753779 0.875347654018 0.228263241982 0.275693560056
0.650323393662 0.502677926999 0.797520770754 0.268904195987
0.798037684553 0.637212190973 0.0269694358172 0.133715482698
0.777612123612 0.61614461982 0.46429966978 0.249699326349
0.533849784937 0.341054951298 0.417988045603 0.162985172807
0.998009683107 0.17782511981 0.00311165950537 0.571910897685
0.91926053311 0.400920758088 3.59611249103e-08 0.0832700274281
0.431110893365 0.256529905045 0.377820513703 0.271485717722
0.607663365193 0.239418667503 0.0138930663223 0.361899381504
0.213392837716 0.494208940482 0.206688163657 0.342430608503
0.174892555425 0.512973148458 0.00974305356631 0.213126969122
0.474328318488 0.520240610384 0.72248610036 0.195794804822
0.33825166029 0.919645541306 0.147303271981 0.319307272828
0.229040735768 0.303730489571 0.00362907552378 0.377093271103
0.425200662804 0.407265467282 0.00294857492235 0.105882065309
0.0472323959934 0.966326198625 0.0 0.330519105958
0.671456908437 0.681743945663 0.520733024025 0.391069992753
0.0123270963538 0.312125986511 5.21625485916e-07 0.373877299
0.985541098627 0.539158833901 0.221327466331 0.160965855653
0.996724276852 0.904369203701 0.0213270241703 0.39847601586
0.288934248786 0.193534226095 0.146041373693 0.325069199752
0.667271762448 0.786055694045 0.0638393037956 0.127386017148
0.0868590686158 0.639951395953 0.0440143597292 0.259707085636
0.665625763677 0.581070921787 0.403280589211 0.0703497364561
0.0263602396303 0.335442998154 0.585774833941 0.186502637251
0.687274681034 0.367192630546 0.914698342039 0.181908205785
0.702445544555 0.414895411276 0.924182981406 0.108540273137
0.755597016914 0.562811071084 0.000934790766 0.263664936137
0.297288012375 0.15996983984 0.507891413744 0.39652274759
0.743170302874 0.17884908552 0.577153566513 0.30709259107
0.667690252484 0.124874494876 0.0187955190675 0.276358197278
0.732218501338 0.0576065261967 0.433415146699 0.148225881304
0.318464639426 0.395000868469 0.00350074972652 0.48299011546
0.63844837731 0.685067062334 0.00166024585825 0.377062110367
0.506094447355 0.604503294813 0.918067993949 0.123496302749
0.096944122647 0.789016268162 0.986084920942 0.1467941569
0.94801066388 0.767135816456 4.64432648803e-05 0.198706063856
0.235540733379 0.699903843599 0.584837193091 0.262918437017
0.238453283984 0.420947917106 0.499323811363 0.268446902636
0.73955396648 0.276382419429 0.00114369281876 0.334231338688
0.662171910963 0.410739598193 0.000807877148951 0.27159937098
0.380136812674 0.349987778239 0.895269162482 0.230505177233
0.626927885799 0.276899455505 0.260343696313 0.332700776348
0.558913096986 0.887394685126 0.389913883705 0.245080798309
0.970168234487 0.311278138561 4.07917191969e-05 0.340242540363
0.554723409748 0.332343712126 4.32427227331e-07 0.319244024399
0.628254711661 0.339477355549 0.642551873408 0.316213966219
0.300990506816 0.579330230881 0.0014476123388 0.399868221662
0.854718520611 0.604726188443 0.520923313219 0.372787170371
0.260516999892 0.678854111118 0.864481950607 0.271672790848
0.601392196165 0.248073435793 0.118772543628 0.210149580494
0.951672274746 0.522587615654 0.0797668295244 0.116244474799
0.172155147293 0.467065373538 0.854953219865 0.131527533993
0.4941780007 0.43309207496 0.0307753597995 0.293339370928
0.37194813596 0.589064018665 0.105876114429 0.344265978054
0.337558391159 0.79811474438 0.71640087587 0.262228242388
0.258426069695 0.287021564945 0.00889703638691 0.154554153656
0.452324357248 0.290406843609 0.00418082605403 0.184690805312
0.686572321431 0.772635197272 0.660188697784 0.231205064925
0.648142731588 0.643665081511 0.899681857182 0.269275413485
0.851213296892 0.450609749232 0.00134741158179 0.194723252119
