0.620756712225 0.823813843532 0.00162986415974 0.0178496589184
0.180107476494 0.0572163260683 0.000298061510296 0.355333897104
0.210060723396 0.937428826233 0.978776396469 0.185455238371
0.24701158317 0.790750493262 1.50932915022e-08 0.0775894001451
0.638158280398 0.661599223335 0.0283379358475 0.111507150022
0.00122720214245 0.623090956764 0.767432640675 0.332716259798
0.369593619232 0.454081050274 0.875799179557 0.16258306253
0.371905768267 0.404442954044 0.0279451597836 0.121838369815
0.11593641931 0.487552361363 0.405944153271 0.102943746331
0.515237420171 0.605225281974 0.00160614680765 0.28424031644
0.762221132542 0.750277044864 8.7784254876e-07 0.404857705869
0.102223183681 0.724423831293 0.0639930167357 0.229146895256
0.663347242294 0.295155380606 0.379974806452 0.284647611022
0.356195486615 0.899904972668 0.451418737721 0.318011495789
0.43050052104 0.987847635699 0.73955228395 0.210048039693
0.732044244995 0.170588527751 0.866006024423 0.181196311691
0.184768435495 0.885290281354 0.0469985521605 0.161073603538
0.440129943214 0.785592408288 0.572268218894 0.283621297799
0.341304588695 0.375870434968 0.963092892121 0.271680221623
0.617096351831 0.689762565508 0.0132654923175 0.14253822634
0.437466657857 0.527167592894 0.224705908388 0.0417697757955
0.182642886038 0.730876398325 0.882566902974 0.162638458995
0.0159434906141 0.211134004339 2.16049606384e-05 0.317827275649
0.516332065357 0.986921597715 0.115884776725 0.393100680279
0.737843002415 0.650915828582 0.994126758731 0.104214794569
0.781778641129 0.295224017744 0.12310584431 0.243709548096
0.361371818903 0.351468497416 0.689500959219 0.172942955487
0.477076006798 0.229194857811 0.000439076406206 0.200939938103
0.572895803469 0.160582232601 1.01046929047e-13 0.227123248822
0.32233814071 0.168687517778 5.73048130535e-05 0.0971408169224
0.166683658442 0.503603085448 0.39016307335 0.290584830624
0.290978628633 0.666621680102 0.634883263749 0.235030969938
0.414239843504 0.6408434983 0.581323633326 0.117731092042
0.902208548532 0.574904077268 0.0203674120218 0.216631028538
0.000834696020807 0.946139569709 0.0360420675637 0.226136841938
0.707606321838 0.359245769448 0.889703525995 0.154264214419
0.382537186174 0.555783090739 0.00345531845155 0.187765666201
0.3533063283 0.339484125936 0.12851137858 0.254494750535
0.1901039269 0.495805527943 0.921139256014 0.137195981511
0.491312451555 0.972622921354 0.0829353577786 0.307198732767
0.390298174751 0.457213941954 0.475892420853 0.210400184062
0.535324607142 0.0947947381235 0.930507069964 0.277523645589
0.274491871324 0.786651026443 0.424919105984 0.098726977232
0.569958495435 0.461693231534 0.00766834616578 0.168833801241
0.894839132212 0.469989922979 0.432757027017 0.402678398043
0.204201349737 0.729741633994 0.118974522929 0.243898887021
0.264797803009 0.720426841878 0.107899205115 0.231943147099
0.676625597523 0.127321074885 0.000650300143193 0.050484718045
0.398239747515 0.522439413859 0.070038970322 0.133215266302
0.414606866989 0.280182442926 0.379614127148 0.38867864386
0.479496799884 0.391342644478 0.119368226503 0.0885289485693
0.441774991557 0.972247318576 0.203863623907 0.233596254017
0.586708125781 0.169390921055 0.893711623985 0.319119690236
0.651019812957 0.0340279737251 0.00897852071744 0.1921913317
0.821955464318 0.85075475215 0.806123532371 0.241564281262
0.776547147124 0.898499346439 0.366901028484 0.393412254441
0.343056233387 0.342185423173 0.793277898954 0.25377615997
0.803787554078 0.673322807023 0.00116979024434 0.269086750259
0.879889549564 0.144966018008 0.872118864537 0.134348494354
0.333776496115 0.187129695248 0.287747050923 0.252423693956
0.588030568441 0.296224335077 0.00111986865099 0.126388793293
0.186637884937 0.921188407188 0.766403823322 0.13792233878
0.299336706728 0.936652102748 0.372584394619 0.281146965739
0.565180511093 0.441177028284 0.00502369371299 0.192514688173
0.820588588985 0.720954571218 0.0637553756429 0.477567547658
0.739287379559 0.943276784743 0.659018364046 0.332265332644
0.839978170218 0.265025142996 0.0115593373925 0.263307717497
0.660928147663 0.31202623452 0.374156691589 0.150875250617
0.346131614159 0.751061361674 0.000228371607129 0.127033220441
0.170768604489 0.0028013850309 2.04605031215e-14 0.295555989329
0.180508763369 0.468500516344 0.0139881529227 0.534410579884
0.136165915594 0.265860180146 0.320042343445 0.330722013482
0.272560450106 0.227854569851 0.00136973833909 0.194821849754
0.911683515798 0.84086083737 3.69921612522e-15 0.472730449231
0.398167433741 0.660415211139 0.834702041339 0.120337210939
0.254580986612 0.611013373043 0.179560389927 0.185261894999
0.731064773402 0.438178488107 1.38198966842e-06 0.297297714581
0.781600645591 0.546847887281 9.09930127323e-06 0.148410550333
0.68547296819 0.281511538675 0.414446109153 0.133836440426
0.172068945315 0.132888699657 0.0681821912505 0.0306255616556
0.42967215506 0.84273184369 0.575913355901 0.296391077586
0.508880709209 0.478286787477 0.00352390184048 0.190913605786
0.647999993821 0.44741619137 0.730171772947 0.359244251485
0.426970813502 0.105535950037 0.00558178507899 0.224416198525
0.258687528527 0.436792895613 0.209688795402 0.266696265153
0.370850453224 0.607923843736 0.762962377914 0.249925041571
0.63011064404 0.404341830723 0.546338026174 0.227555588154
0.404538913436 0.62396373118 0.000149398976173 0.0839808119171
0.836851213652 0.0969351298043 0.991874265455 0.197161800049
0.0340578742352 0.287634727897 0.000316836366792 0.0618556286757
0.218655647017 0.662461568563 0.0099017423359 0.509369615587
0.126187811353 0.165960300048 0.857069314871 0.115347237067
0.488676324325 0.752970722658 0.908701843963 0.103769248982
0.103773386095 0.46094128517 0.0850077861863 0.396969056634
0.677943468767 0.230458516715 0.639972627296 0.174756498446
0.694815764626 0.506335010373 0.530889289671 0.11849001471
0.628236633974 0.667479824887 0.00971212324165 0.0906344331355
0.558911776309 0.740962675067 0.0519444505256 0.463787373077
0.319112636012 0.642684256924 0.983239690027 0.151544556575
0.32615938449 0.750308862607 0.0376989467312 0.095668490483
0.535709754972 0.985838200927 0.500500918453 0.239406386626
0.41197598101 0.630907627319 0.0006416491257 0.0758304524439
0.421195940013 0.436294274045 0.265143855119 0.211154992666
0.328310077807 0.74011657615 0.477173931292 0.267364949671
0.534286018393 0.486394346292 0.18751880501 0.162282962271
0.72277080722 0.360692976668 0.682008460905 0.282865157237
0.293112055197 0.450234309973 0.524310605077 0.157932074604
0.198891090068 0.194639336709 0.68699951101 0.30542374305
0.325462808865 0.104394062296 3.69550844935e-05 0.122305326511
0.113441788324 0.419935730888 0.958798217883 0.28619752992
0.214803819551 0.461306325277 7.24029413724e-11 0.0485631652579
0.966592313008 0.971545688147 0.449207493208 0.320480612373
0.577241275328 0.87783878338 0.553365201631 0.151207233633
0.767174433161 0.693584779934 0.425947432379 0.259073387002
0.493685368382 0.963868327067 0.0241489202371 0.361008499102
0.450218238263 0.0758161145824 0.354633922091 0.207500912965
0.0307515026627 0.579620548709 0.000304330686164 0.153140195922
0.98319231977 0.197849666102 0.00279472804785 0.411864232782
0.956388020825 0.42607623819 0.0038974651578 0.322166126477
0.934175870963 0.605412104294 5.66253775933e-05 0.222047821698
0.756331758681 0.403001095763 0.929254831597 0.0711654620352
0.177835107138 0.570500032514 3.51184472993e-09 0.178199301211
0.739704243257 0.561760094364 0.0002975134833 0.07563807434
0.431487658908 0.557178828245 0.71275255654 0.288490844216
0.835429899407 0.523352223805 0.339265110831 0.10563703737
0.874497364907 0.637362688247 0.145700823738 0.203051505874
0.320198858083 0.837336944619 0.0847840678647 0.195276121434
0.609467732625 0.633829211132 0.0073967752439 0.192074933121
0.339467986923 0.560478721358 0.0311043099746 0.334664632659
0.490012820222 0.162483348838 0.0656615099027 0.255042134113
0.678586904604 0.913164822768 0.140380520393 0.405993529128
0.247265135198 0.406719813836 0.753841859774 0.181119761172
0.802955616024 0.690593752463 0.311950812875 0.330879151391
0.846633548177 0.433685777544 0.592056666936 0.25020967358
0.411533862409 0.544190644294 0.182052296379 0.134806548951
0.795032308559 0.317909907642 0.266202155006 0.168753076216
0.0404221277519 0.604423137893 8.7907401431e-06 0.372276896412
0.296335228178 0.592011036429 0.988738175817 0.363617236859
0.322749802801 0.219056859608 0.158638308999 0.168847490722
0.18434866588 0.576382253043 0.426634004247 0.209166511046
0.256752437426 0.642386344994 0.308775338836 0.137770242167
0.414332963692 0.640586975261 0.019077025274 0.26872966603
0.078077128922 0.16326953343 2.37688534364e-08 0.190052086238
0.370348470663 0.476037124847 0.0394519885874 0.245237877704
0.647781411328 0.124055030657 0.797047405782 0.182218701564
0.190690672739 0.922189986582 0.0385228097297 0.225747700732
0.498824336043 0.252309673116 0.61622117653 0.166994528644
0.606014919943 0.845326770107 9.53928211825e-05 0.27858583615
0.163128367169 0.198994062208 0.963135456409 0.178574007185
0.106061166611 0.545837201841 0.46402751597 0.267936171281
0.535478805664 0.726869714521 0.232301513817 0.184766591759
0.771495575823 0.431816352718 0.00393871817465 0.0722861164988
0.206181987562 0.76116232471 0.664129927643 0.217012891599
0.588454090684 0.977363984097 0.823248602875 0.284383676605
0.113657092128 0.00479810877658 4.65146227231e-10 0.507454926333
0.152010293207 0.801191273892 1.21712259774e-08 0.252886526479
0.422924264911 0.766042684541 0.957977341966 0.163676498618
0.503410059703 0.574307385355 3.86317314557e-06 0.0835256477769
0.89036084212 0.300293671672 0.674767186796 0.198090994939
0.5666139574 0.465469644898 0.2076421935 0.198129090762
0.534932197158 0.739066452656 0.225139930241 0.135360090908
0.0323151560015 0.379349190875 0.281851937205 0.275630477973
0.0640880661053 0.611563143349 0.000136459168348 0.182289855591
0.240406207706 0.345814987898 0.0149861965805 0.295083022782
0.341728066968 0.485261892671 0.000356180467371 0.115204990361
0.351356824474 0.168048234939 0.276052972164 0.249475319929
0.593142119774 0.0855251860977 0.00016241862831 0.490279179768
0.688508315294 0.628583686922 0.00589850294212 0.202965868826
0.489727966203 0.722034349682 0.202206111446 0.102965482269
0.228950569579 0.28173708152 0.00531433153204 0.0990054780611
0.423121154114 0.0488503300585 0.000219410911356 0.483148286357
0.836963545753 0.957063970985 0.889838620749 0.12526128085
0.333417054536 0.162421610498 0.745226160581 0.265646464078
0.566914701921 0.292799174182 0.196698081511 0.227459864625
0.540480823665 0.464725235831 0.902700374899 0.223207652496
0.22547128142 0.639178313799 0.587364533886 0.263241830834
0.451266598494 0.283863196718 0.948088620655 0.0982482454889
0.615909576074 0.162631167228 0.996078155566 0.361491980067
0.516548847306 0.758873979375 0.000398947421303 0.204476037963
0.903698877346 0.797753807644 0.0021983041207 0.368620131889
0.860662272934 0.820676351809 0.000218416806611 0.0399735854096
0.772564741735 0.377345515328 0.479414033264 0.180895010735
0.333575235507 0.230804185251 0.00422338576861 0.231019187082
0.650520727459 0.300024737407 0.424469185133 0.213668241499
0.18969051214 0.516634998775 0.0315216119889 0.158566041773
0.669181098832 0.753852625357 0.967203446192 0.20747576366
0.2424561509 0.352622769513 0.25059887358 0.169809755443
0.504718855997 0.180521093875 0.0125137019513 0.184343906005
0.245952163115 0.528508847694 0.648638772438 0.207852748297
0.804455136621 0.124479852974 0.746573888144 0.242666069581
0.693377150061 0.601100685974 0.000387592493091 0.194723419486
0.706419471797 0.676301327322 0.994920495031 0.285703910415
0.965906576407 0.464042594898 0.0301253049631 0.245837320708
0.288298394766 0.626536156368 0.000171610104154 0.331477753958
0.583718609365 0.264422291676 2.1764718903e-06 0.211123964678
0.947275798863 0.186226696461 2.76102586635e-05 0.155584600685
0.851933814342 0.357228900833 5.30079683447e-05 0.434786310938
0.103955210431 0.420464084537 0.534232868329 0.194812145687
0.642974253627 0.0140503074169 0.513658423383 0.230718731239
0.347301328249 0.854716331887 0.418934364244 0.201237812496
