0.560374712219 0.443890012834 0.000442036354583 0.173425519577
0.648798468712 0.183323658239 0.556604234076 0.319431878823
0.870301652694 0.677266781343 0.000243502243487 0.186404116492
0.842815600032 0.734404272043 0.999639531646 0.165108843163
0.760777440884 0.379082578054 0.185834976582 0.233342661469
0.138383207559 0.363240516403 3.90801647918e-06 0.337720917619
0.63470972431 0.681710219459 0.532758311111 0.30744528849
0.676008924466 0.462537210839 0.0439657991808 0.302029278383
0.602824043867 0.0154717504816 0.000975652450209 0.303701572184
0.262668073243 0.589990372556 0.363766534293 0.12225465232
0.0413963248995 0.512140369289 0.367598065849 0.0684685545515
0.316210061008 0.573130813297 0.0634325888664 0.219075173476
0.31342639317 0.184308517496 0.984512679069 0.0723328216014
0.124399817049 0.525593180109 0.00485724243475 0.247610577795
0.487516696011 0.392755087775 0.491967785311 0.260307147841
0.487751966611 0.105408452721 0.00038389252397 0.348927691019
0.62686055286 0.246645883611 0.576743830467 0.278827201384
0.845477476852 0.161889767413 0.0291118300359 0.110533498719
0.253666324621 0.427013552031 0.513075184675 0.415265799834
0.9332928689 0.745209447246 8.73239982288e-11 0.461496913637
0.600216587299 0.72224645805 0.000328824157082 0.349747665641
0.597503077214 0.132026014949 0.97597114797 0.247668381843
0.32602325415 0.808029568231 0.00958276459965 0.282546815051
0.154808832422 0.758058292315 0.231055554133 0.265391158243
0.265941402829 0.497097178417 0.020275828785 0.234284338858
0.82067393709 0.232554662617 0.985499901544 0.243008731485
0.0880786803998 0.270823190014 0.0116010218106 0.326355460108
0.863331338224 0.536647076809 0.96082058711 0.0796022377861
0.90556348111 0.175301313964 0.810496479314 0.299410536552
0.575408388365 0.394106274053 0.124786647344 0.222756939457
0.798228652137 0.255697926537 0.0925986225351 0.254894720985
0.31702537385 0.0612999266193 0.921895286534 0.283671453529
0.833508914905 0.19071249134 0.236842593151 0.274316685948
0.475732724926 0.691849480381 5.37300465157e-07 0.294697661816
0.972271761155 0.560087284045 2.14205937312e-16 0.389332383718
0.204259020684 0.496482314097 0.687608178259 0.241842908451
0.693717774243 0.66259325367 0.00124877595828 0.112386111736
0.715000274819 0.448874712922 0.0023926359478 0.119638497727
0.892083118683 0.0513306404873 0.658164579512 0.209816042399
0.380886031416 0.552224394844 6.54580559608e-05 0.0848368925271
0.618376108069 0.123056011742 0.000960292207765 0.0434491780808
0.34044521426 0.911437622216 0.258574075306 0.122483406941
0.555563421353 0.560895568532 0.787502097277 0.188591697755
0.426174452926 0.424388413656 0.00171304804892 0.252237838665
0.400485432221 0.417238363906 0.00874489441041 0.100911588936
0.229028726504 0.522407293864 0.928541549614 0.316761022711
0.19578919041 0.857171109076 0.176570890976 0.236881098287
0.63848492352 0.543206163911 0.384731139705 0.221551196754
0.0564244456257 0.712390068193 0.638102007197 0.163143161624
0.200950818607 0.342899502718 0.644684716829 0.187176270858
0.153596789857 0.260708755381 0.0158275875407 0.122698177732
0.394292395874 0.214774961986 6.52137351124e-07 0.264677685623
0.400983065467 0.0585394197184 0.772974539918 0.332962159497
0.602400519396 0.915559352894 0.915412051073 0.0995451923605
0.48064618143 0.504874950522 0.089218554078 0.22612104127
0.866107663017 0.363775783926 0.000172242186783 0.12507906831
0.247931134024 0.316100605192 0.00218541892307 0.174897906868
0.379194296063 0.588835784289 0.999667849496 0.102975976258
0.820387628981 0.262347880983 0.031648451518 0.145316069363
0.521656847518 0.73807650871 0.759188065721 0.323209047797
0.951935779582 0.154865740952 0.114095385982 0.385650889311
0.31376928447 0.534524500993 1.03959394516e-08 0.129103482377
0.241457583344 0.353881157438 0.912331776271 0.121725069533
0.436150690074 0.736814613705 0.000184857978401 0.394801398409
0.994832706708 0.533441781694 0.027423422185 0.265104998837
0.982760300986 0.840239936523 0.000419280978124 0.0658008917624
0.105686073154 0.613704695735 0.00511523919328 0.2801488299
0.764897742874 0.365848281925 0.427747469591 0.204563654887
0.834009537567 0.0319332390189 0.00320360109458 0.460734048487
0.442466620992 0.319857064555 0.996188780627 0.222889838564
0.841579104751 0.0280347295036 0.587205828937 0.239421766371
0.449442798491 0.764460154711 0.529556632549 0.0899510649791
0.544788301945 0.0769612114236 0.000319013241062 0.375956869498
0.344797471464 0.190851080709 0.645214722768 0.323759527278
0.181567127558 0.510307519705 0.0418441987664 0.174255580211
0.16203555742 0.549716565775 0.170336033412 0.376787102126
0.483955404877 0.81877691417 0.0489450213119 0.476997596829
0.838660002131 0.426116535377 1.34842887538e-09 0.172160916707
0.766709117867 0.25264277337 0.00245885002072 0.188577219846
0.280792842768 0.528466740243 0.513275660698 0.253174784141
0.292395537918 0.581248473176 2.07159793099e-06 0.42113464142
0.649775764205 0.797586163511 0.838071744664 0.213191938459
0.431684337618 0.430468829326 0.0476870045676 0.199741743479
0.606580163238 0.992011871284 0.947390243863 0.0876538635744
0.865200383027 0.290118481473 0.0605366780389 0.0764439261183
0.685349931425 0.828451209947 0.121464077956 0.289869776251
0.219207332432 0.475323392535 0.240785971543 0.19959212791
0.551006126251 0.671229743428 0.0482264053596 0.141555868078
0.540173298417 0.589790084304 0.0492564769752 0.296330069916
0.596794666063 0.74756843197 0.0219500209318 0.24459838731
0.171814151161 0.523994066655 0.802501562665 0.169032405956
0.439964831616 0.493394572582 0.00142288550494 0.248227184351
0.0814995471517 0.843084207734 2.985787276e-11 0.220783870909
0.116128020519 0.656154358241 0.927453718709 0.236714736086
0.211133201552 0.641852076446 0.179950803602 0.257853327663
0.303814973863 0.840908016032 0.400330219631 0.167304239428
0.12525622484 0.454811263521 0.278054679142 0.421668310291
0.20645488994 0.0386903263544 0.601487805695 0.146135456468
0.608214403138 0.613213896044 0.957951826645 0.189496985087
0.342349986755 0.29787308861 0.846476330753 0.237972833787
0.405968924851 0.314710974018 0.14553397717 0.163156525304
0.374418455644 0.462832584206 0.0505938202764 0.208459686592
0.0197134626433 0.597959805193 0.898857047495 0.183311640801
0.691732452688 0.336659897565 0.17632989754 0.131935405009
0.956941091606 0.812526466115 0.849418911877 0.143143336761
0.973198740337 0.816807602822 3.35242838684e-08 0.540995224583
0.285404754831 0.700838634974 0.885557060837 0.255405721678
0.377053660893 0.877981937809 0.439665771931 0.254937183238
0.542664969294 0.128908306474 4.17654625504e-07 0.364158093073
0.274547951273 0.1655629623 0.000193726746697 0.214064460988
0.749210808445 0.0150809737753 0.00630137261731 0.290991102352
0.767068045826 0.902030300601 0.645749543946 0.0990988231047
0.583085995334 0.352318436509 8.61956316065e-10 0.457311646362
0.243112656315 0.65588815063 0.577968953023 0.164973509077
0.455432687021 0.67017456536 3.10227245116e-05 0.391744827903
0.69347011821 0.782807067983 0.937762182734 0.184954217729
0.645905257697 0.755574496741 0.404125151728 0.276667579376
0.663835917884 0.561378056759 0.738930961226 0.260901880433
0.313546738603 0.80635704122 0.451162558034 0.224496944363
0.20727661793 0.535285751375 0.000224522447882 0.471741714895
0.813639693138 0.741761270031 0.38737795192 0.218707724437
0.352298534524 0.123740145732 0.00786478446571 0.128344725161
0.119178762698 0.836394296042 0.00161104322948 0.367120240102
0.730167145551 0.656850939903 0.765753615455 0.333110561262
0.558271634489 0.806660378497 1.56963862591e-05 0.382537232629
0.487652708197 0.545988527218 0.0042230581052 0.154461574924
0.533845036468 0.939268516151 0.610327347696 0.248929862184
0.446751384164 0.169041303436 0.545365421823 0.308144509235
0.560391881996 0.302063959274 0.00301357617566 0.126897724319
0.809672337081 0.948936396641 0.651452472802 0.31952710383
0.595643642247 0.57386406376 0.00615031272465 0.142003245159
0.788186618675 0.546694776952 0.935861511623 0.223454296876
0.981409157151 0.309008533058 0.760640654817 0.119573748864
0.466768100713 0.130293659952 9.71979733288e-05 0.0654673655769
0.777633137889 0.525004457923 0.435983890428 0.26530782434
0.489353288713 0.249262344086 0.01325368167 0.0493893874496
0.469764187493 0.64002243966 0.613139363488 0.262223488814
0.254179036415 0.219239192517 0.081558945977 0.183202734948
0.0793739456065 0.450492359099 0.0217889112416 0.287242447971
0.212245131038 0.608007639779 0.432908698921 0.100259324027
0.333540231162 0.778129024668 0.0459507273061 0.359250540103
0.0713018296673 0.353049726364 0.181329426255 0.431679849277
0.457031856331 0.412005847043 0.00555246023406 0.107611849075
0.779458610736 0.502366902381 0.925508519736 0.269553774899
0.0831330232986 0.154255958268 4.37441886032e-05 0.250394835007
0.942052093996 0.197748252517 3.26544723883e-08 0.25087396371
0.654043132306 0.356431966564 0.00429322163309 0.29233931144
0.520156755752 0.688339417236 0.625700028709 0.210399724683
0.489899468117 0.90150710598 4.90559314532e-05 0.267811851769
0.675916608208 0.359918249901 0.922745612575 0.192563482219
0.907746738682 0.647284773169 0.0048912613453 0.153681131583
0.329583920629 0.745519678612 0.000357779048165 0.14347467482
0.0183650135789 0.250493457352 0.00102448946238 0.136361211151
0.142823323291 0.208249548702 0.035585185486 0.0845292172158
0.589221812332 0.589545208595 0.572689729128 0.319954312945
0.452140510993 0.930989985229 0.0357286930127 0.448737815135
0.491426983833 0.845863519595 0.537832956715 0.166957519263
0.954153632461 0.879651081112 2.16645647666e-06 0.429203366601
0.35563604466 0.35799675561 0.73137094863 0.126286764355
0.516501323646 0.568124464797 0.0319300160752 0.223246232816
0.832549385941 0.395392031017 0.681695397486 0.173767204297
0.170620744872 0.218229264073 0.424627602033 0.182032422653
0.207418938973 0.532413296767 0.507298393294 0.134246051832
0.0261429933241 0.506506079301 0.787345577408 0.215017877362
0.164852904503 0.28908767564 0.00435949205175 0.338795626434
0.831289657488 0.193796132342 0.882584145525 0.236613797549
0.428434861352 0.51979243622 0.377329459492 0.195526146645
0.939365859198 0.511592611332 0.76895883661 0.324382822098
0.962165357593 0.862662178917 0.0 0.334375945587
0.358594802283 0.362577413232 0.0124937834346 0.428214271062
0.0420882504867 0.189136429817 0.00216054063265 0.267289659874
0.504536063781 0.436658795628 0.036060576238 0.0747884173508
0.103282745237 0.0770578047407 0.0811291227591 0.390125978502
0.95943444097 0.128863325742 1.45678581872e-13 0.284505722817
0.947623913523 0.667686801104 0.990932069854 0.332524905333
0.460519004819 0.667710269148 0.856338250645 0.203183249182
0.180366024201 0.292126428934 0.0233152447603 0.169822375868
0.488201192233 0.80275101355 0.00123530556472 0.361004768849
0.957316316558 0.471140089988 0.00334264194934 0.102743702459
0.823853460743 0.152607384202 0.0418789370416 0.396898163196
0.769680336059 0.182843348685 0.00831684944767 0.139716247276
0.883725032187 0.568546319124 0.5403301128 0.16351444934
0.472967189575 0.359873136676 0.535482227721 0.243737325612
0.937290392631 0.658733993731 0.173223273253 0.466766914089
0.55405824261 0.306741297218 0.463674346328 0.331188273912
0.352159430774 0.557395330599 0.806528791608 0.294099750688
0.30408979429 0.797293355653 0.372397583765 0.156420039004
0.471667505469 0.0352007549577 0.695072983495 0.162805211404
0.351194476608 0.157240512517 0.104112317651 0.195017357031
0.404776441941 0.00754420242516 0.604937695344 0.399100067378
0.706863926544 0.940525717134 0.0791309280966 0.369041956012
0.369951669169 0.785762624437 0.00516541819622 0.180655321674
0.969549783791 0.408421935865 0.00209053969022 0.254835737131
0.63591704173 0.207365572861 0.682247663624 0.17411098993
0.602257731847 0.649658471643 8.50748328465e-08 0.163136392551
0.684249326332 0.778922443143 0.439246411343 0.189136798072
0.482895465258 0.682727017041 5.187812651e-06 0.0625221221793
0.671859354179 0.828811859477 0.125562155946 0.18306715623
0.465711692805 0.698758358363 0.811425965833 0.215073263372
0.791681773687 0.215245906535 0.804143789043 0.269366321363
