0.284070894922 0.399875665739 0.657066659842 0.335134876803
0.272787093923 0.220853421149 0.975569885348 0.278231441933
0.234371123851 0.322321441226 0.246292434695 0.225948462511
0.861334707639 0.486531588515 0.69846254424 0.512057652197
0.725769730096 0.594621500904 0.461937534745 0.122759523762
0.812010614782 0.287209951785 0.807569833773 0.289706235522
0.206255111137 0.118827489945 0.654968941411 0.228360977696
0.258790617737 0.931522609405 0.953149552204 0.43616927971
0.0827805617185 0.261773899027 0.267493545033 0.267114341442
0.151704813406 0.047527953595 0.359697872027 0.28393600132
0.281864054855 0.447229058797 0.661869194526 0.330050022734
0.169261270755 0.0794542796966 0.593676573267 0.579086778497
0.543097667995 0.66475930884 0.791079682053 0.365105567912
0.43953266008 0.587091850523 0.134618367432 0.347251318871
0.728212099949 0.333561358379 0.98269622642 0.56044183535
0.771036082748 0.118690548647 0.988596946953 0.477722047021
0.0703813730853 0.70771864074 0.0412605289835 0.241696399259
0.62101160705 0.53531698391 0.832710079091 0.195449138615
0.12129983667 0.240680942861 0.660673622519 0.304032438258
0.884082661555 0.726168073144 0.0119188295723 0.144935551452
0.00146276552265 0.166677410905 0.827402150711 0.26893450038
0.50287593802 0.180811951673 0.98827157877 0.18547642629
0.405034035156 0.196983489788 0.964598373921 0.515274360373
0.372359194918 0.380287643532 0.994043109257 0.0888641293111
0.624284053428 0.28365013203 0.0227937985123 0.148809303691
0.265485626272 0.530872851475 0.0232189905936 0.389299406655
0.213519471726 0.642158826191 0.764363004191 0.305696595139
0.681377955699 0.318569825553 0.334409960207 0.304602940244
0.781033143222 0.622091737634 0.9788034441 0.562868102343
0.572358679584 0.872603648173 0.998084852655 0.490787478576
0.491988203176 0.445936607799 0.33286809873 0.236738331301
0.465091944387 0.545310713218 0.419889548617 0.452396423212
0.153154241473 0.599697908073 0.990935114332 0.379095411132
0.147057966947 0.461295832371 0.831127242294 0.308277039492
0.212306351089 0.0368007450812 0.97904981534 0.218692121378
0.472777705259 0.561132179762 0.946658873645 0.356769316185
0.919001771553 0.438737488364 0.462313933697 0.360982906813
0.870664964584 0.146622866383 0.876060785153 0.320488057829
0.795035374803 0.3556267998 0.971692815026 0.363777858353
0.981397701207 0.217158813222 0.0367617713965 0.183973801382
0.0115546840503 0.52746791032 0.702595921871 0.465012460206
0.71087858101 0.711822269878 0.241615976544 0.331229744659
0.583262572585 0.383697355304 0.116004333326 0.112433511872
0.628716200831 0.151848554533 0.708121972883 0.308456002467
0.114317068213 0.878554116656 0.786717278805 0.439230106485
0.194366355051 0.0796858428599 0.689699889639 0.191625325871
0.150896358301 0.187154827449 0.591229216358 0.192132443539
0.905123731019 0.306900809072 0.720431650863 0.35390854966
0.541565966458 0.20400653455 0.90674119753 0.287126991798
0.691015432946 0.293106737947 0.992550743664 0.515095694835
0.418617676521 0.361703141623 0.769801740606 0.166183541756
0.736716048662 0.38906731644 0.592408500757 0.255977359271
0.312911683286 0.373236013873 0.855238196562 0.147419431998
0.364425491514 0.591733202209 0.888107821017 0.3556250776
0.574883661616 0.721860458337 0.153934901753 0.256617643475
0.418234666832 0.341128243353 0.726540570767 0.2589392017
0.0889703439697 0.332716545805 0.0769423373955 0.27072070143
0.210973277036 0.447277516278 0.514924437759 0.179668986839
0.984394518316 0.974887679248 0.64684753015 0.379370878201
0.979401120227 0.361820128038 0.40677149872 0.415030915746
0.0591453610074 0.180950882177 0.384525704204 0.240682959817
0.761905185528 0.458067367018 0.668941995947 0.17481895957
0.811376272121 0.767063997566 0.894055032436 0.135398095364
0.651868496446 0.990859269946 0.775477212562 0.288203095658
0.0284231564454 0.834518399011 0.631844552553 0.305453180008
0.562038722704 0.35901429526 0.99437849944 0.404708266252
0.0908705332683 0.880982229116 0.872715450062 0.188338788665
0.771368248671 0.993866539761 0.687784538715 0.343270329114
0.195152741482 0.0925310373885 0.00779112701324 0.0575716578777
0.798728849052 0.355227383459 0.994118263979 0.453347154087
0.327187980902 0.389293157691 0.684433772613 0.235778163701
0.331757225662 0.557125367245 0.606974629151 0.306650321093
0.804213562928 0.49557225077 0.985280581812 0.460895145445
0.679955674159 0.862692328656 0.686947039743 0.222565703817
0.489351029065 0.123828418968 0.207045475629 0.311010256883
0.347509989293 0.471737337461 0.940759852414 0.216608247959
0.232421277347 0.677828271624 0.537580606135 0.373465798068
0.32951910774 0.322715815638 0.917346239929 0.300029764965
0.22825314092 0.44851766557 0.157940955646 0.235995552926
0.370516369757 0.58442377468 0.638038908835 0.274081313818
0.286050050031 0.872631339693 0.403035175803 0.318703904528
0.247714436956 0.923719271887 0.976593345708 0.216390227945
0.829748201031 0.540065969925 0.175985322266 0.298718397919
0.730016037745 0.541064149418 0.846882742264 0.38702294542
0.10730652353 0.406306219328 0.9937045337 0.253440104868
0.391639190078 0.938937894574 0.0645613607578 0.228484393416
0.514667509164 0.684799607728 0.653832156291 0.28234797228
0.0263596417487 0.469372509071 0.0126710369739 0.327817950091
0.630929005883 0.491373398938 0.978408479296 0.404771588145
0.000883895266813 0.75358073033 0.518948532684 0.217763317517
0.894039515414 0.321302467271 0.986155244724 0.290395379093
0.495780916729 0.0248467546397 0.99425835744 0.227242526286
0.368482464247 0.531016047574 0.0967223151017 0.300928889245
0.642811946963 0.327374791121 0.580235459653 0.253072825411
0.670647249748 0.634999619724 0.00818851036888 0.130488243136
0.786627428823 0.771278754836 0.883059523312 0.207539280918
0.717554211633 0.407114657486 0.769720538024 0.473167263879
0.067748315672 0.154522292864 0.62871228287 0.154732698895
0.681474003502 0.151766465646 0.992724200761 0.463077699369
0.497159959892 0.45801504102 0.785225483815 0.370433866618
0.745974825966 0.638269649457 0.0414070163735 0.272781124641
0.267060572465 0.381392596799 0.917589141896 0.31405085894
0.492474445588 0.20473798731 0.773568194866 0.309736981178
0.526771176943 0.626932391342 0.130762601665 0.126350032323
0.362471067328 0.108179768628 0.241229505587 0.200305686817
0.0257323152452 0.88829243689 0.614997372186 0.5696654732
0.257291185424 0.0415431447493 0.957497870734 0.365315428403
0.560738005559 0.812589818829 0.725681019083 0.221919571239
0.36199909247 0.403875862377 0.0764190774772 0.148347627584
0.144054260812 0.655435489907 0.913445530129 0.273924071725
0.573730140712 0.34893747742 0.540584395273 0.394527787629
0.672768794518 0.369213177407 0.927677902096 0.529765147074
0.661483054525 0.0666560311647 0.982628489112 0.163027391681
0.806266699189 0.743507205824 0.0106991544451 0.0865108474785
0.548007154673 0.685101630713 0.532337068417 0.21482672944
0.321825629756 0.133074465642 0.655483296755 0.271108743023
0.412451298895 0.633644212468 0.636903797799 0.283772346526
0.462668932873 0.466569911235 0.797952759078 0.217227386141
0.483532153282 0.0203076484361 0.97619634247 0.478629313772
0.54104812547 0.773667174629 0.984878646651 0.29765672111
0.523121327226 0.137627838282 0.0856099720661 0.376570560626
0.676287116414 0.490570149032 0.754587723135 0.265209681388
0.237372520685 0.531763643976 0.992259187181 0.323072264706
0.519477244481 0.486978216461 0.62371690995 0.145708252593
0.986327391034 0.493566085493 0.94698960569 0.154240566462
0.530214410882 0.239947906745 0.950595301704 0.632675560303
0.28756641319 0.532047619341 0.985756158685 0.3347516675
0.829907819086 0.386728243271 0.0649750842584 0.433327780077
0.955310618239 0.267298332975 0.508426058331 0.377743072596
0.831731837302 0.744889206182 0.748835812766 0.216412381381
0.356625863155 0.0748242062518 0.684367678386 0.592265875483
0.0783894360088 0.482076808302 0.7890487728 0.224351587963
0.515875800858 0.0532412568553 0.996285977663 0.108067434349
0.36898840392 0.110080834809 0.926020698562 0.224626163489
0.242729090743 0.795797983199 0.0289292074851 0.151789740647
0.408189838585 0.759925750504 0.993356464713 0.34404741372
0.294903504654 0.91205151904 0.570063800276 0.389322506961
0.849521724999 0.597805239582 0.594663818096 0.151401749152
0.605985857453 0.799829707247 0.850672886927 0.161261825125
0.8850115495 0.0815716422877 0.954233908341 0.61498128828
0.032525709779 0.657507408484 0.842262480727 0.244043706797
0.842983534199 0.697088783117 4.17135948005e-08 0.254417688863
0.639583133055 0.0592791725641 0.763632510567 0.306761006932
0.71510224627 0.704009641308 0.463010354914 0.31882985419
0.219227973503 0.155011320547 0.914226542223 0.175503346635
0.589962900327 0.265561267729 0.816059354597 0.353006425642
0.335419522907 0.879692194281 0.782687035268 0.249672145069
0.0455099656644 0.570119546726 0.280846452733 0.321978698813
0.290513068595 0.262821691576 0.689346736276 0.178855397275
0.907774807224 0.24578407038 0.914037635189 0.259012361102
0.515489011604 0.653560052403 0.554920611136 0.306002062232
0.712509597953 0.147498970292 0.994444223614 0.301995502967
0.318176890354 0.0224059194871 0.664934178353 0.344972082759
0.817470887015 0.262297958217 0.913221333555 0.426762043284
0.355291488341 0.432252676814 0.167953979245 0.0298709240308
0.930868307556 0.272237538676 0.731763271424 0.359333790371
0.758314689898 0.825359088152 0.999177951609 0.0728606598917
0.390403763162 0.613195275577 0.712717608773 0.115196809331
0.131174549041 0.492499940864 0.708252203246 0.359051491495
0.946040859776 0.0125709277621 0.902167495957 0.317517835537
0.585028290833 0.388901391376 0.584063330679 0.207599873829
0.748850008705 0.335095447764 0.812300237356 0.428633088575
0.18723572128 0.512225497641 0.981969999557 0.631004017349
0.252737487118 0.607999767581 0.98179960097 0.334820691765
0.444414119271 0.534836606042 0.81492287276 0.400593909279
0.580286318033 0.93561585716 0.848854094267 0.31519372582
0.825793357795 0.511432263268 0.991794611642 0.230632279326
0.473470307798 0.0619050470946 0.625856125086 0.610706435376
0.18374059309 0.659578636012 0.850774340833 0.37510619967
0.667863971042 0.163648227214 0.990856089321 0.245951199262
0.975986331985 0.936517254506 0.0272519569798 0.136856263519
0.409320177062 0.266315640902 0.853842962993 0.263068236053
0.420537555736 0.454706752345 0.519165166948 0.406821320532
0.285278472156 0.664316949356 0.993432468092 0.189422548199
0.454535578198 0.787991302986 0.991463507361 0.301388312992
0.0650152743559 0.0813773226387 0.980368226517 0.293698340435
0.629659760849 0.537544613299 0.999844730183 0.221441142973
0.711983212646 0.443582933687 0.228304567313 0.262066342769
0.909363377331 0.717924727847 0.996053667171 0.362366156988
0.713965611806 0.947022401611 0.318507625579 0.291744889341
0.951191891934 0.831923486904 0.984135624603 0.379677519773
0.350481289912 0.990039267169 0.82378534615 0.31594131729
0.886527897199 0.695260713354 0.937902290763 0.401965902145
0.329493156048 0.535210316428 0.998940334057 0.579352398664
0.534796018108 0.626616949498 0.955745216838 0.137582872218
0.874822279589 0.489523053063 0.995171536336 0.323410950985
0.903793589683 0.642533374871 0.336470507799 0.270380854872
0.462489129775 0.058924406659 0.439506720502 0.240272918497
0.957296534897 0.158366673139 0.978997415974 0.231157052479
0.580001083656 0.0099370258011 0.365777132965 0.313300916942
0.420707696542 0.554601393686 0.821313665318 0.248333573197
0.956010771241 0.078029945758 0.71325068312 0.0599774225767
0.477637859955 0.831613185785 0.881926772474 0.245615602074
0.688075384789 0.175944054284 0.848169307429 0.122490869867
0.881549137702 0.161286515364 0.977823995224 0.281702547116
0.585950173203 0.490205287731 0.91571324232 0.262224974504
0.0441253913445 0.184299502876 0.591671616312 0.244557416983
0.566897817551 0.589941016012 0.203503270003 0.188134095704
0.393772830411 0.167351261939 0.832822095436 0.173106519718
0.0829320306591 0.599687974654 0.958897538506 0.424672047205
