0.46405265556 0.561512324488 0.99748982211 0.289049585017
0.0467933623141 0.0789336532568 0.000654854172996 0.202831459015
0.327852997995 0.471908570791 8.03513057408e-07 0.145034101879
0.528772333735 0.588934874884 5.67196697886e-06 0.151231371385
0.426563942082 0.745593762802 0.000862174632276 0.0700364839817
0.583906907607 0.269829807294 0.246218149756 0.308305187133
0.18404617414 0.919384510017 0.402107255863 0.229804289561
0.59105976351 0.526793821822 2.28884939424e-05 0.136392767314
0.733976832847 0.189694500945 0.6218250731 0.307512915377
0.530471958905 0.863993777666 0.0118702805725 0.256011470767
0.566088593336 0.41480849685 0.507636529951 0.170412081797
0.327747900576 0.145828444732 7.75662920827e-06 0.364000975995
0.230302545327 0.440948574582 0.965044059624 0.159234380773
0.949049763704 0.50919724689 0.982473036275 0.228720074292
0.289331616057 0.0342470530937 0.909512560093 0.279887582734
0.548110868601 0.346216077829 0.344641485501 0.159040553165
0.816808125233 0.893144257071 0.00350303376859 0.295871312803
0.750039545169 0.131179700718 0.0152675591347 0.113016092286
0.146935424939 0.418922299264 0.640016561254 0.184828367358
0.432575746392 0.0197812417415 0.586098791382 0.342203957912
0.628462538622 0.270620790072 0.495192904661 0.223007368045
0.253787553067 0.739199511181 0.144012737261 0.168093228148
0.63373260212 0.367613750668 0.000107177662871 0.184806262466
0.175474161817 0.155533248652 0.517416708465 0.209494397933
0.425355584341 0.51976899787 0.0190313162298 0.226779675859
0.647237663628 0.446468982441 0.0298243898627 0.396563232366
0.394278143995 0.482487080932 6.57014028871e-07 0.170374665354
0.714635969774 0.169526439773 0.0326244919798 0.218084215173
0.657712711888 0.445336100586 0.00394232093048 0.154691371327
0.582721082722 0.23626366929 0.972045981782 0.335282506043
0.628065834044 0.316119078793 0.409159764757 0.267874259095
0.967433084676 0.208077476799 0.67665308648 0.195153233976
0.904429103169 0.53809051066 0.71318019003 0.38559169018
0.91197275583 0.649077407643 6.28027613237e-05 0.484715857629
0.0795545365975 0.554767562233 0.356968603838 0.28112334388
0.509086981339 0.502914456575 0.22956063513 0.222602792701
0.492272293206 0.642383461894 0.0490152698342 0.13566056898
0.3750215156 0.230634108439 0.0171422287075 0.155938080786
0.738101482116 0.701739731262 0.191653163073 0.263514499881
0.967597802825 0.931671940998 0.862906106035 0.142057326855
0.807535005655 0.0448485219262 7.76652181132e-09 0.327859267319
0.473508730812 0.5490864789 0.355959166318 0.24229616251
0.44376547218 0.486906998024 7.71082357001e-08 0.142367470442
0.729299226004 0.635101808203 0.814494103499 0.229226620277
0.0110919613488 0.436127969102 1.1060059334e-05 0.374791937616
0.851192237265 0.329492318386 0.314105461828 0.252236531476
0.948723542992 0.154062865991 0.880013596425 0.168880458163
0.246628783348 0.430765344279 3.20252028807e-11 0.397339194217
0.309140229999 0.494072443233 0.327516534675 0.0994237749526
0.467458188445 0.60901256592 0.168800134253 0.220637948436
0.474920430756 0.0931080229232 0.284513248935 0.374846631251
0.198271546544 0.152007475096 0.772171874378 0.255349565656
0.707747500057 0.632377697402 0.668286388552 0.128503901661
0.754789365798 0.155053478901 0.122761213816 0.220640021111
0.428614278752 0.0347505009223 0.823775268879 0.299134642187
0.669588082323 0.765596228825 0.474634416173 0.127814647332
0.324284565503 0.944764890188 0.671102978392 0.11834854078
0.474368693927 0.332667004646 0.330535893181 0.309480232776
0.524502420072 0.132282812764 0.542453471972 0.35767996778
0.870743775041 0.362399144095 4.64380184684e-08 0.148040919219
0.392196972907 0.615813370094 1.80040835565e-06 0.271935904315
0.98989102496 0.903006775114 0.722787969485 0.234002281525
0.519326753184 0.441693471677 0.315637272037 0.229386684217
0.273331332509 0.883344660666 0.999779278623 0.19649083758
0.252837791436 0.198446689446 0.796206140797 0.133616921806
0.975155736881 0.431182129904 0.0329554207255 0.0969685169647
0.526818440495 0.359204330785 0.291479446113 0.111174554764
0.353738758282 0.530034066106 0.973266607935 0.0945615814312
0.395948815315 0.76831307791 0.00114034492437 0.402895300232
0.762764078441 0.806230734097 0.987966383886 0.224451377725
0.833334048808 0.365908745865 4.44760916583e-05 0.431427264339
0.591105659969 0.114439367104 0.00414562102456 0.247013134195
0.38070097496 0.987387949383 2.16972760473e-09 0.381595745441
0.73621875161 0.450004378041 0.0433535174506 0.0506962603841
0.80843614513 0.888238732857 0.000553471686424 0.581134334252
0.793186701329 0.99151848223 0.950017415067 0.11525063441
0.921997013672 0.382950886517 0.634108346447 0.25890482587
0.142306773302 0.373501949642 0.657043226387 0.260040461898
0.502442724144 0.418222585917 1.50855325758e-05 0.236725198593
0.396375981669 0.497096083275 0.824723958095 0.152748651579
0.140458403532 0.338169593448 0.756045930101 0.225152023183
0.744366660913 0.600171868757 0.0026507705163 0.114052457726
0.407008588986 0.632248570532 0.331123646351 0.284079096567
0.186889388801 0.670528070761 7.85462898516e-06 0.071752383075
0.300625197866 0.864409104848 0.00186044823 0.375182469355
0.911650795495 0.736142582819 0.000883332652952 0.211684067892
0.301090685593 0.559081077051 0.00204329565946 0.149739581239
0.419844623708 0.410239790497 0.706091745026 0.0971802548326
0.681367648062 0.810731375701 0.97856006894 0.186053351566
0.142820757782 0.0372586481857 0.157608903899 0.513508504369
0.296090501344 0.669222568848 0.502902344809 0.0932130410223
0.206862610787 0.599908191556 0.594557234547 0.185694157872
0.463926791536 0.452018423845 0.971385966972 0.20555282574
0.463846155238 0.214524056893 0.00113637122686 0.248190061196
0.793561033264 0.76858728148 0.293164721016 0.153165753505
0.605493269628 0.140428592279 0.998091655519 0.227544650578
0.350086859419 0.260369337779 0.0127611154196 0.387825788825
0.792027522197 0.988264771075 0.718053527527 0.260496994118
0.581255677428 0.545655523182 8.54638119193e-05 0.167738202844
0.270110455386 0.543279400182 0.776713528634 0.334493539858
0.227261741122 0.839951326917 0.913801030157 0.241103352085
0.432992449457 0.612135111498 0.993885456802 0.137784072874
0.796632144072 0.809477204633 0.0443528761613 0.198454431919
0.454578336305 0.0860056906582 0.00967749542141 0.519774463593
0.901643380162 0.186720787162 0.623314586263 0.128541416008
0.635205145719 0.49792767992 0.302799486996 0.364396518802
0.248593048022 0.37336746577 0.00317033449317 0.450303429575
0.349457953206 0.31327103314 0.0813903769627 0.267790797643
0.309415276244 0.865175878502 0.108877972531 0.287252038834
0.578561706392 0.64684728075 0.00744389269323 0.239035815093
0.647778036378 0.123800811714 0.981705005827 0.232880897693
0.0735383317382 0.696401815499 1.08888908741e-05 0.391749382199
0.43771247763 0.742701698209 0.0127292695874 0.172014337991
0.979796344871 0.474660803019 0.365972580723 0.272758411067
0.329615500765 0.00518858547057 0.479491046272 0.263068321454
0.417555755133 0.37903413581 0.10803292647 0.175036907271
0.812144569916 0.764605074361 0.00909888188752 0.319829103085
0.42784560855 0.707366466328 0.965656833481 0.106138537865
0.748164725896 0.0874892241287 0.876025591931 0.171154182273
0.704906235621 0.429857910673 0.620269995584 0.183705560136
0.437314957149 0.562394264436 0.58856903301 0.13029436855
0.863685101799 0.277172418034 0.00240192782098 0.299247757133
0.640648946336 0.738210096312 0.000616199530394 0.197547009747
0.58036596064 0.0780382407347 0.00030373279822 0.262024979269
0.422341142131 0.110742756429 0.000509516988034 0.209251449031
0.351594324423 0.54160633871 0.000276644759474 0.329277287948
0.740074739216 0.52071108512 0.965484067896 0.0686501451976
0.381501343701 0.666589290433 0.452108794951 0.218010806152
0.275446012899 0.155469020778 8.08534911733e-08 0.440214539117
0.914664608108 0.207957529511 0.97553260634 0.333813993334
0.642428007673 0.75691277984 0.479765178675 0.31050688694
0.0663668920691 0.658502146109 0.120556524393 0.207705614331
0.383081556479 0.188677707646 0.94749204674 0.122532092479
0.137141139335 0.104079418866 8.65270841343e-08 0.361744065539
0.751844604955 0.532361725793 0.746904370189 0.192431785484
0.659101432248 0.224633503149 0.859144286517 0.187047648647
0.446281436625 0.185787603945 0.0179718976246 0.469204227632
0.0532092939406 0.673405584709 3.96326198762e-05 0.307695596553
0.00647561157563 0.00866170846414 2.54834392083e-10 0.465712317509
0.990041046008 0.626877489104 0.346725564245 0.173433521697
0.280829864402 0.513271150019 0.611923716364 0.265356119158
0.0447023509004 0.307718174552 0.00143357259081 0.13458459795
0.818970518681 0.780529568165 0.0278376944303 0.245011788657
0.217565334364 0.566875660476 0.932878919035 0.279325080157
0.845443235893 0.229858040131 0.655691933769 0.0321656456706
0.779030004189 0.649997341653 0.000422452635354 0.234821895127
0.715039573306 0.235805665453 0.848061757171 0.274922167679
0.232246447308 0.510907147395 0.00209454271151 0.343334862957
0.749748638777 0.146616049755 9.47686449106e-09 0.33841600193
0.363132514519 0.253352102533 0.687883735873 0.154879629556
0.485788400563 0.196908287949 0.834738248742 0.173623842333
0.324112372399 0.386429516756 0.104133327572 0.239813393184
0.266164500645 0.0992240246459 2.08084647401e-08 0.100119209824
0.23887244418 0.893016172297 0.136946485198 0.143510299506
0.696157191933 0.134224052453 0.964816724277 0.158284229857
0.434297139962 0.216222687172 0.00475842409131 0.195595962076
0.538928846372 0.826534742769 0.539185995266 0.399934462254
0.95651413479 0.0391876795926 0.00253855561522 0.314765766367
0.529389526661 0.460157988903 0.148802390501 0.189084203353
0.324199421056 0.480410965475 2.16247299037e-07 0.172933019299
0.459140734564 0.529495156494 0.00571451573724 0.126161495799
0.0862577420455 0.255379531312 0.826195064066 0.186359704307
0.769600841955 0.927112696189 0.803455053293 0.303201257046
0.961739070322 0.57612368697 0.356306823405 0.30836261655
0.428958338587 0.302248948206 0.930956313789 0.172282294764
0.248642832556 0.837008761265 4.67758500326e-05 0.212448246886
0.809728995149 0.452108995383 0.00546165633142 0.266440281712
0.766364202884 0.360822765806 0.194657928751 0.313003552738
0.681833154539 0.458845783131 0.70720678221 0.0856040562247
0.476444919756 0.784284291348 2.75027250769e-14 0.361283976045
0.130575767227 0.0244140039816 0.135680866862 0.458747151266
0.37020092719 0.245486398641 0.0178378495622 0.252092987413
0.541190063431 0.194074048381 0.527334341263 0.173115223596
0.291933746774 0.473917228129 0.93752128865 0.249658346684
0.155862215473 0.330384974178 0.9793892279 0.0912119512091
0.674737775355 0.524517025725 9.06667612432e-05 0.154033332436
0.444039449303 0.428708230899 0.731269338836 0.120625694805
0.974757638068 0.381729408615 3.65332302896e-07 0.195595484289
0.513273827887 0.553555425763 0.798383607464 0.133213169432
0.9586910192 0.497409726927 2.18360010694e-13 0.0832065027561
0.296720160638 0.681425272006 0.779536104244 0.174317451634
0.72194594443 0.689921180298 0.767741141779 0.230257096964
0.0274990561406 0.849333325821 0.967975861312 0.233649142296
0.928691364032 0.104697326703 0.924600286171 0.17433612343
0.399345684388 0.744419239593 0.00687250397856 0.396570366459
0.272464955611 0.859147511696 0.702784525071 0.183890914534
0.99779276939 0.560425701171 0.000435907510344 0.337587014161
0.32262183184 0.294858767762 0.533107852101 0.19811378292
0.268426082666 0.787977448789 0.026920709011 0.129515268714
0.874063160915 0.97615017127 0.000327937963213 0.49610160101
0.402503369891 0.174566009491 5.37068342447e-05 0.23190435398
0.991966824251 0.489686793495 0.00303287266394 0.116815076773
0.351102962749 0.30114577956 0.560793790414 0.278986774835
0.339264635468 0.300573535174 0.787851134114 0.305248968155
0.573239884929 0.521645346507 0.00762694106224 0.211787126978
0.945218698951 0.669707204991 0.675433711305 0.117591196846
0.919373990212 0.194783813349 0.437590166674 0.343300541234
0.912115125494 0.858189289572 0.875726096827 0.118907167579
0.436040801096 0.3240717491 0.000109817409981 0.0728084924662
0.622235321548 0.164685588056 8.2502449082e-05 0.0957182611622
