0.0659959589212 0.76274939927 0.999810887428 0.627770872372
0.61559255833 0.804847511587 1.0 0.313955409199
0.75762515959 0.379373012505 0.999999881732 0.404963721599
0.740885681332 0.939443169112 0.980199538229 0.323776049622
0.637155685187 0.395571673585 0.922973474498 0.279420909587
0.32540381515 0.569301225729 0.999999999639 0.359027968873
0.185822452109 0.801670134825 0.999293736072 0.552550993753
0.45773578553 0.32262596189 0.998502012617 0.416181232158
0.697636099505 0.822591419811 0.9999548559 0.611066692191
0.665466409475 0.25915584431 0.970696441884 0.474075458372
0.356642897461 0.606336436215 1.0 0.477321541437
0.743977801161 0.375979144914 0.999998861839 0.420469130292
0.554647484852 0.347729351646 1.0 0.541038763912
0.29805820344 0.12195863387 1.0 0.269098438567
0.290187211593 0.60375750867 0.997164845803 0.323238985294
0.316691878124 0.330441347144 1.0 0.458868706202
0.471787473588 0.236853893537 0.992021303493 0.289657025435
0.846207192982 0.130503391065 0.999984638319 0.171620884032
0.563919607648 0.146337443977 0.998632507721 0.479446066656
0.996623724924 0.277600755431 0.980243259455 0.481790012795
0.724936220583 0.83742272705 0.99949387169 0.244986274445
0.381107413305 0.201842223432 0.999999997556 0.262008850788
0.501256302101 0.804657963579 0.999997657477 0.531172058725
0.217695929343 0.560828079846 1.0 0.518116118946
0.961904766089 0.735138285482 0.999995630653 0.461532834466
0.495061247513 0.826968708685 0.904962027023 0.251224629718
0.854591594583 0.734450805698 0.881898198565 0.431459862237
0.513123231418 0.895865216213 0.999999999989 0.37062143123
0.247690033256 0.141111329603 0.983834622647 0.385619489498
0.773460268195 0.0626494647872 0.998379876388 0.718982126379
0.79204573855 0.712159316066 0.999944214238 0.157908378268
0.275110642841 0.567419304 0.999999975523 0.408888459595
0.643152767086 0.385797365903 1.0 0.0908817775345
0.144916982873 0.498647801494 0.999863968599 0.453514289345
0.482647577652 0.566359893367 1.0 0.321288900145
0.0617313807448 0.547616744261 0.999999999997 0.253423993575
0.386368364094 0.0788645371541 0.964293206824 0.430450432238
0.890273965546 0.612812815223 0.997282540198 0.497856860283
0.024229257037 0.52125331905 0.999714714879 0.332046689382
0.261766245044 0.935504738486 0.999731352818 0.399035201642
0.196817902653 0.690324393455 0.999999999961 0.301843276917
0.582198777117 0.155861781985 0.999877331927 0.249797818549
0.491547377044 0.299488486795 1.0 0.501956263233
0.72098372569 0.81162149025 0.999994797295 0.742006669969
0.279584255036 0.250665534135 0.999800162766 0.312846609969
0.694144785546 0.656600263133 1.0 0.26682464135
0.754659891569 0.198927912969 0.999999013946 0.673045318599
0.717822421241 0.394379932838 1.0 0.307959271063
0.636294822646 0.894754006569 0.999790999578 0.4157348916
0.5264061053 0.441164354518 1.0 0.357052034752
0.840831301149 0.61038089489 0.999997147962 0.197465191779
0.799599544359 0.479236202461 0.977272075703 0.387252725862
0.394989498964 0.176455614357 0.989290653994 0.346744249702
0.691163304926 0.479483875108 1.0 0.280840720139
0.262581406624 0.421328252966 1.0 0.693958513159
0.778720716468 0.102500744694 0.742370664936 0.25038626511
0.205573522155 0.776878512129 0.981198358335 0.344279181932
0.507193518345 0.503273644569 1.0 0.14363467689
0.693231831034 0.302084031955 0.999999999281 0.250663713769
0.00564739483415 0.802210910922 0.813582900881 0.271560555866
0.341278478896 0.401533162806 0.931981151175 0.292204740862
0.460884653352 0.0909617486303 0.999999386717 0.379336600967
0.689536112274 0.781645534687 0.99999999999 0.190342707868
0.652827949051 0.233201471435 0.999314673615 0.487990832526
0.74174616071 0.567851645973 1.0 0.377062825006
0.399315342535 0.477928453559 1.0 0.45072462862
0.355764674908 0.747104314047 0.999998401412 0.590727384986
0.607641830902 0.218054539798 0.727683905209 0.257909434437
0.0502926061199 0.585128615988 0.82722938853 0.159591814199
0.802271285387 0.42950746532 0.999995728865 0.275470835971
0.871308834166 0.141543011667 0.962578847014 0.413392879747
0.7124797267 0.97593185172 0.999999025194 0.228127468316
0.73747911104 0.545259839548 0.968964147162 0.368196337087
0.451276801997 0.317930208354 0.999999999993 0.251417095265
0.70957192577 0.0514456099014 0.982882795054 0.333815378508
0.397207330623 0.827730795895 0.633737533041 0.330858423832
0.445987408664 0.75309800831 0.999999999999 0.272326020355
0.668137275393 0.23204324302 0.999999999996 0.364421560758
0.135980664371 0.806008524726 0.976014587173 0.251738698642
0.917659149265 0.426992570502 0.994035736804 0.21514152217
0.632507585924 0.530498011483 1.0 0.461901797124
0.523101804095 0.383238624114 1.0 0.19838260193
0.872794632731 0.490328398607 0.999999999254 0.270340058373
0.201864756022 0.618604737625 1.0 0.492557757591
0.273734140633 0.352687562462 1.0 0.447733931213
0.969637349385 0.879439846471 0.985416044741 0.506559848872
0.315105276596 0.327386374751 0.999995340617 0.417160315291
0.014202249263 0.408440491528 0.938252588318 0.25844875667
0.848280390814 0.980762584725 0.99865235809 0.253334368763
0.249885207083 0.654905409309 0.999995695299 0.561277208872
0.398146176018 0.351017453362 1.0 0.296398667163
0.0844664741869 0.792867728786 0.999999995363 0.50200690199
0.904471728695 0.447857478224 0.999974616468 0.472430669561
0.311230781972 0.628995580201 1.0 0.159461545031
0.1531971296 0.0406734858439 0.99654712362 0.316543072123
0.202531509442 0.0270481227867 0.993555538966 0.278679980063
0.302601507123 0.927262213171 0.740389178904 0.379215853375
0.305791780382 0.0104752255434 0.999928655137 0.512543167351
0.0850929699297 0.821951387794 0.999999804422 0.428895619106
0.470867210326 0.28323576307 1.0 0.383478612054
0.306625872081 0.243412693064 0.999986777566 0.175437303113
0.84046196367 0.597090209419 0.992763621297 0.451628925377
0.308011624964 0.0581182658573 0.983431782016 0.559402169073
0.205545713007 0.109117449995 0.741754315559 0.198201562914
0.470215155531 0.872579053785 0.999999999862 0.392509660046
0.250664182548 0.453183227457 0.999999999628 0.205396168842
0.816110791647 0.360710963919 0.986359481641 0.263754336588
0.101015385834 0.873448271113 0.653994140728 0.49126988632
0.652971528086 0.94906325101 0.999852628909 0.0938772814504
0.392921186054 0.44688745716 1.0 0.399425966923
0.39310452876 0.550210820455 1.0 0.30353119079
0.595348502783 0.397012151892 0.530714320287 0.118760878955
0.452493705152 0.394282033273 1.0 0.345771876002
0.289340772678 0.730670505762 0.999969522041 0.192664819778
0.615410375203 0.76232847069 1.0 0.297908062273
0.925470667309 0.16854188201 0.99999604165 0.542239001801
0.193403936079 0.798529302511 0.999999999999 0.277467905492
0.47625731025 0.0750126809556 0.999385297212 0.206219675411
0.381493264141 0.584761648387 1.0 0.341860750492
0.465979017199 0.0669835032822 0.852738213783 0.397869793363
0.369686684641 0.535262063654 1.0 0.426179235298
0.776350206557 0.131577161398 0.634777646522 0.333619063359
0.161978918906 0.390990006769 0.99959710083 0.109580525658
0.952891262781 0.881533906314 0.859198436603 0.340789526048
0.398942323064 0.408581251758 1.0 0.583235775735
0.928850653668 0.826058114983 0.891634121263 0.486531140058
0.737566639764 0.304017319189 1.0 0.245401306645
0.643433267193 0.0777168128999 0.996364889263 0.584853882251
0.5932704918 0.306331693584 1.0 0.364129199696
0.33116561761 0.257091146827 0.999999259369 0.274553459281
0.471414860145 0.980728742298 0.998139030255 0.172309695926
0.403641367513 0.211496287753 1.0 0.41186982952
0.546656600867 0.80153950467 0.994896889718 0.44175048536
0.49170144415 0.236463714743 0.999999984029 0.364632774053
0.030995183939 0.627197191226 0.999999991328 0.426889043738
0.180589730746 0.369941603733 0.969134994193 0.296318200148
0.602864140126 0.483580190968 1.0 0.431995195547
0.531326862249 0.489392125283 1.0 0.418989589744
0.285123598515 0.74100185067 0.999124390233 0.259582287321
0.5351233553 0.496901843473 1.0 0.375146250013
0.314809558165 0.299119989955 1.0 0.396975762704
0.113220996219 0.375288999942 0.999998613676 0.485350776236
0.433314020947 0.590019669426 1.0 0.581650223495
0.572100838985 0.266223095798 0.998294203065 0.403425775642
0.370900618333 0.471350282016 1.0 0.392103468229
0.596688382879 0.176024457646 1.0 0.777880869494
0.430548337157 0.821631233377 0.999999997438 0.273393951586
0.722808014308 0.682668018171 1.0 0.561902112815
0.325961595708 0.683810044459 0.995014892922 0.112254163259
0.794056124187 0.387235330026 0.999966641107 0.362356031143
0.0612793246418 0.537601752431 0.999999996062 0.0362523914357
0.700177582515 0.616414232528 0.999626112375 0.451223783089
0.843779021516 0.490908170983 0.98559593964 0.427048049202
0.492540012168 0.740402267303 0.921122726246 0.219730328128
0.48487232885 0.378473100082 1.0 0.492043750806
0.941712601351 0.0541621249138 0.735662775955 0.144868422098
0.720547921578 0.164166689091 0.17999147581 0.110487425196
0.616497358854 0.914839897082 0.998789528804 0.370117952687
0.647960095604 0.877270290929 0.801458756033 0.505397368516
0.357703287378 0.583793042592 0.999729512595 0.425483511666
0.333880501031 0.94002762268 0.982638849957 0.422814190012
0.760447737255 0.277682634408 0.824076346405 0.171798609923
0.514138500384 0.607963889428 0.999986102696 0.284341290734
0.397502275454 0.0853726641339 0.723384928771 0.196960936965
0.079108831238 0.766217374382 0.939821762033 0.215929092088
0.142142070652 0.668449887062 0.994895602845 0.50066296765
0.637646127548 0.333765590211 1.0 0.33957112697
0.824431410772 0.0961784928368 0.996332855188 0.530545828257
0.519587019696 0.313402014269 1.0 0.397763701594
0.425382033551 0.0287000889711 0.958654114548 0.302150940142
0.146168116202 0.823204892229 0.7446607014 0.108768660778
0.363167968793 0.832112941184 0.999090931432 0.379226661725
0.185120150651 0.267524193783 0.999999990529 0.245449950505
0.464673101109 0.621482143717 1.0 0.29607190096
0.732610957858 0.362672773816 0.999999997495 0.400776768756
0.328489168666 0.408758169 0.941068459923 0.336184820463
0.154986779568 0.15503216334 0.988459832724 0.248796447316
0.681332534983 0.913509846361 0.888268375397 0.229591359917
0.737754054247 0.919608975143 0.992361102985 0.367775028231
0.690286211593 0.470496974644 1.0 0.284340945177
0.951507199178 0.0826964240022 0.932620532149 0.321510416967
0.230291385237 0.882623042372 0.999699355354 0.546321165013
0.911091226904 0.360908780652 0.994828917657 0.587067725063
0.549971444518 0.432907870802 1.0 0.486014610249
0.337882602338 0.579628018833 1.0 0.278618155011
0.5554272814 0.602989593815 1.0 0.547169948927
0.340381946089 0.151081638992 0.982323039602 0.603843260918
0.216828169451 0.659132644008 0.999954952211 0.518924201894
0.411581658217 0.0340175455881 0.999573141112 0.463079416156
0.341714184927 0.631012401307 1.0 0.348392541142
0.109853772026 0.517800515367 0.906266518265 0.365570101273
0.851423320083 0.536819874042 0.999999344148 0.348673635051
0.963751497694 0.829352648649 0.754087117973 0.459085586241
0.803726865079 0.00410681669683 0.999295863318 0.438206830141
0.316862854659 0.169395976519 0.999985621699 0.246677095221
0.21598214306 0.0803813354134 0.902962731262 0.492459801496
0.15798299712 0.997301541452 0.999751080354 0.44457445295
0.661464262537 0.569646054227 1.0 0.300717598217
0.190451016529 0.628389861879 1.0 0.48387566257
0.834808006226 0.694467026238 0.999999999595 0.446654785356
