0.845094052243 0.528511659587 0.820051391478 0.176572528441
0.824260870165 0.0486678703136 0.0475779255174 0.393918565667
0.388360997038 0.911664276534 0.994983478997 0.396062971483
0.217690854344 0.620306557794 0.404339508883 0.285655920546
0.354535993908 0.209188604427 0.998170916129 0.223216405228
0.920079685558 0.371073766129 0.73509357911 0.353582761427
0.72824626575 0.298719164537 0.0440583873239 0.10338218479
0.76771226799 0.730611970888 0.163366589869 0.214575364537
0.372546276505 0.713932034935 0.940345610263 0.242070289641
0.484767127201 0.403040366332 0.454457301918 0.359907136829
0.490982491034 0.000804943834503 0.00172079362956 0.279234814733
0.954635012111 0.290899594645 0.30417196413 0.291370783612
0.459907121693 0.882193569216 0.906879710771 0.138530599891
0.809901074856 0.574986798597 0.235519825204 0.132712628116
0.928501791289 0.663548272118 0.0865249569695 0.209557156739
0.389234275779 0.757776901531 0.457998519534 0.234693992326
0.40721418071 0.558369669403 0.82833448159 0.289855683549
0.645402417498 0.267132952212 0.198483634431 0.367527672561
0.262026746508 0.401093137338 0.986260619769 0.325389987296
0.168466782478 0.431505149153 0.520956384206 0.34846447923
0.906748535828 0.56707199388 0.999085105896 0.394952203596
0.489963910658 0.615017354095 0.961421155412 0.302397006914
0.795863463283 0.176177686099 0.708938962121 0.402351812976
0.516404227494 0.496253160192 0.863754402231 0.211472759285
0.310544525266 0.163993183447 0.999920185273 0.27270556846
0.678477034118 0.391314108966 0.910152437792 0.38942223399
0.677445157864 0.229802894938 0.169843460053 0.111780851884
0.29963160444 0.374163015615 0.672348735688 0.153934442575
0.336520636343 0.887912955473 0.0380375258143 0.39526068612
0.343779976784 0.249587516071 0.451998961263 0.196486076488
0.220874787206 0.33225360245 0.132918866862 0.22490582336
0.697636304416 0.105932879315 0.825283285088 0.43130483547
0.130652960373 0.317297044036 0.810143931256 0.180613823166
0.834559164072 0.692842858349 0.138972604309 0.123205296218
0.791761646038 0.230818905568 0.967348482703 0.342969221342
0.35397667848 0.369840939212 0.853517297619 0.386540146747
0.660881219134 0.53761994746 0.559799013412 0.274613154003
0.535319963227 0.206823254977 0.0229441526476 0.310749160054
0.460555639535 0.579873313832 0.266379174106 0.142533485964
0.438890020191 0.794688529841 0.216432195582 0.19263152652
0.0681906933274 0.689104359619 0.0178456318867 0.151152756134
0.382359084801 0.33591258067 0.907060306375 0.132508152736
0.122182107146 0.000923624238167 0.802473934906 0.348031419453
0.115567688174 0.472959204922 0.418838215855 0.30657721247
0.589875296592 0.00166298649283 0.894669449024 0.0840705043492
0.0863024723472 0.419779765335 0.518094348052 0.253316628269
0.522730275966 0.869404763973 0.997862634311 0.4635662418
0.590695446465 0.483399959537 0.695761799472 0.350146185741
0.300115579441 0.425219850775 0.990559662481 0.256040783211
0.755269825225 0.429124639074 0.834985118831 0.308626855388
0.50455714203 0.932305270169 0.248383936727 0.293117397646
0.693187920095 0.976438622171 0.784177157545 0.209883111132
0.679928323844 0.63814353594 0.55099079521 0.450601424711
0.571057948844 0.732488937404 0.989192049671 0.505938261143
0.0686492568837 0.322799892814 0.0491320561231 0.0507242295311
0.682001955786 0.774081596021 0.000971939470639 0.111734398612
0.593879705438 0.672173641846 0.084821575376 0.5242168798
0.781658657857 0.023253464004 0.954110368807 0.300831029137
0.832443680077 0.289162464071 0.930454584611 0.314241249053
0.833454055451 0.622888770383 0.639332565657 0.291969892303
0.799915645372 0.174746890755 0.864047851787 0.209993762027
0.0235640309403 0.973195229247 0.000575351737451 0.299970064194
0.317507955249 0.457281433862 0.991815058879 0.241058720997
0.818253350577 0.785823524078 0.995570822868 0.192372537373
0.318856518718 0.763215506799 0.667347831335 0.257552168359
0.145145795103 0.679505538544 0.983711816298 0.267892695607
0.461610041825 0.38442064177 0.36502268827 0.192994256551
0.4266295745 0.190345315077 0.919116377884 0.214031885482
0.308294997385 0.630753911404 0.99827624796 0.373009550266
0.584685775652 0.292753101235 0.142910289564 0.35997789472
0.852716227519 0.110110442518 0.211833656507 0.193682734854
0.872648286955 0.522770737962 0.123204008827 0.209701232063
0.650274556158 0.789775405685 0.988173203281 0.322000756948
0.52180608539 0.807331891195 0.104900148248 0.247598939902
0.0544449250528 0.37555354056 0.685316366817 0.343586293372
0.656718320615 0.487215187699 0.631853283849 0.277564395441
0.725659393371 0.548930228977 0.790015443338 0.449524679347
0.689054706717 0.837666100902 0.6970062967 0.463231825269
0.113726094502 0.104501017573 0.999423036608 0.195703479823
0.427497186865 0.278712841887 0.485539758107 0.298047815965
0.362258177613 0.723501983163 0.846055478704 0.176797680356
0.302485756779 0.624103523811 0.0902895015757 0.221046264348
0.675747965182 0.0464485172484 0.579794723284 0.243645781008
0.26919305895 0.674826352601 0.0973526299629 0.106006274056
0.731899497404 0.847435121792 0.39924453292 0.369735210241
0.588330484881 0.384048768395 0.202568806006 0.142722711047
0.595889720052 0.12672555947 0.521550006414 0.395004548143
0.563014232757 0.397116774022 0.999582011387 0.519378118944
0.736772677946 0.0841236461557 0.940213504633 0.483260014532
0.800207713561 0.383167441141 0.992698248426 0.325805011812
0.458719090006 0.123125238293 0.999107552992 0.387496308879
0.985788471166 0.301740967778 0.614074293665 0.222159490124
0.632103296799 0.221271102926 0.603296540371 0.503608437974
0.663071861521 0.390600134107 0.575156333898 0.171834568368
0.476310972891 0.402651327853 0.904479310349 0.3084784916
0.704020456731 0.809180419556 0.703387872674 0.132333436285
0.261352312975 0.589445447308 0.994343129198 0.422555253084
0.681945650109 0.535128285384 0.575442936874 0.521919385716
0.261573506247 0.89733790889 0.0625284809173 0.122294880906
0.298872421395 0.634459483423 0.904737903279 0.168618754297
0.417758279469 0.782074944931 0.811119321064 0.330267832013
0.0974317970842 0.253969642743 0.182476386319 0.219919812796
0.295230179324 0.463626167214 0.530130871442 0.316091197144
0.0674898940869 0.469307510769 0.988436131784 0.383064965073
0.456414625754 0.65332378212 0.0164989027038 0.0275294065357
0.321722223938 0.65233282421 0.922794694669 0.207559502478
0.432934747901 0.388790951732 0.918637706772 0.111977003861
0.306789632598 0.179980806688 0.955913006567 0.232253925894
0.715601787299 0.347908742686 0.607512338971 0.185821638443
0.127353371796 0.816714698319 0.670191340497 0.446432150887
0.679815476383 0.84597964435 0.721037935601 0.39524455552
0.646471836313 0.691195049733 0.975259826173 0.797175819569
0.982069925799 0.462659466089 0.52689577627 0.285180809549
0.695232166374 0.331301499374 0.366737388688 0.128696228792
0.414506598545 0.566173221789 0.0326809855479 0.0695141873324
0.179386447674 0.221236456089 0.622762298184 0.31058680863
0.73985574994 0.293300145776 0.868201011165 0.189373666009
0.836041465929 0.711673215526 0.62151642547 0.35924415339
0.281045274752 0.70239536915 0.833376764128 0.432973541512
0.620554408229 0.525571596004 0.998340753159 0.401941157811
0.805943878247 0.475086165788 0.990926459007 0.424706135119
0.35818275012 0.363390354939 0.245238005034 0.462518729258
0.707725494547 0.614414870843 0.99608575111 0.22613164764
0.424347348257 0.634198042902 0.807872951287 0.32972860306
0.310011150774 0.594280317041 0.703311066955 0.346512701167
0.187257198933 0.918690957222 0.865973318451 0.276097849369
0.0793547235447 0.0791990927936 0.301327228922 0.213862110019
0.370914568698 0.930660647058 0.00548538790825 0.12984978038
0.456650617486 0.49797795708 0.60758863996 0.274675328697
0.46828798751 0.342149139942 0.0370994518997 0.0618659782159
0.14543631376 0.300377360844 0.367972728666 0.25495148838
0.399176653686 0.430118216373 0.0115470889776 0.25753255409
0.439945089278 0.373570652571 0.682504748487 0.162010532364
0.370931999973 0.694627494954 0.612455439139 0.320778520849
0.774695701717 0.600913327534 0.0162170950803 0.0283433469624
0.60727719098 0.426158483742 0.228761900279 0.193772190713
0.641380343209 0.375480062896 0.0117832145372 0.0447320211668
0.489045957084 0.454101903708 0.396161472224 0.315700608797
0.628546452581 0.833276629223 0.937851111836 0.330673166289
0.890358581824 0.238196046331 0.969204476074 0.403592548175
0.83254726218 0.39297449151 0.87446659401 0.375544667316
0.993999522318 0.927425441852 0.999801267409 0.151712998669
0.173159305715 0.812186993449 0.999060792747 0.345507073256
0.566041481792 0.508835126659 0.296892824451 0.211713420364
0.465838197069 0.803228683427 0.00599094526851 0.575746415117
0.349039386121 0.555978333525 0.854344662443 0.483601287175
0.26625909664 0.735041064804 0.324618514382 0.214276761018
0.825328835736 0.397025920748 0.0855564775381 0.0539005119912
0.88067481561 0.672235304842 0.0028218064486 0.493350343532
0.632431467935 0.993712547283 0.675151417141 0.168225319758
0.101934015236 0.38357393948 0.471645351068 0.433077199953
0.254536374862 0.682220630676 0.0858667883392 0.123390506564
0.561275783031 0.907697898064 0.52511963766 0.177389969137
0.657740147071 0.856085896063 0.74129416694 0.278921206075
0.571611701859 0.753852722952 0.449780197921 0.267488924153
0.865542689808 0.572668480885 0.956804598613 0.529830135775
0.724602047375 0.681805281176 0.335482099161 0.246704115211
0.645432445803 0.992450425897 0.272641619584 0.24635258612
0.103449003211 0.874456319657 0.986718427262 0.329653117589
0.319643692967 0.385895853483 0.970023204641 0.433242679476
0.635671071229 0.293441690351 0.839851326157 0.371909700179
0.0767666770264 0.0908699529138 0.753909459606 0.432076961506
0.521447168901 0.207948915852 0.747368194563 0.247321944204
0.529713725419 0.172551116431 0.772117701365 0.466037618246
0.39151346619 0.334925104725 0.75688943042 0.0463758163846
0.181964811507 0.215876361963 0.989713704605 0.37009548951
0.74743319297 0.495731019544 0.42698208649 0.3274585184
0.803807562381 0.573302381083 0.859645153904 0.471997198671
0.471931151871 0.534358640734 0.798467739812 0.175617250729
0.352304709846 0.622671036881 0.337092925183 0.278805149966
0.487280875658 0.969289136647 0.910902405159 0.281592345996
0.442461312563 0.989033825 0.339300984779 0.470618713514
0.647030510501 0.707603128126 0.487884889641 0.236459062647
0.229855558832 0.34850467584 0.363949257488 0.175869594739
0.181057948056 0.962084586662 0.9980334566 0.391578127931
0.917912467072 0.244290355043 0.238339662919 0.258425387115
0.787182739378 0.297235369743 0.961133213728 0.255336030983
0.694398798532 0.747313773438 0.995738264771 0.265384210602
0.716405701928 0.458344570476 0.999999999993 0.373489249294
0.819772836106 0.689162060296 0.144823863745 0.198665998103
0.136393104208 0.385584897323 0.475913878595 0.154761224426
0.724705399565 0.284328299008 0.645391333338 0.256204022011
0.0630135478403 0.308296312856 0.967219499568 0.564699788216
0.0816666821794 0.460851501899 0.819292189494 0.222255432661
0.548166559504 0.351531883604 0.824555474877 0.25781749222
0.880199920971 0.802124383731 0.717224422478 0.315812724923
0.631365183926 0.168917963334 0.352864104088 0.388538961521
0.30741574465 0.355378442923 0.0692605197876 0.115413468891
0.029248273634 0.717961160121 0.669671196024 0.501199138789
0.169706807417 0.223410325923 0.636184637793 0.302110701777
0.0891203102292 0.980549650909 0.617542597818 0.353929520878
0.198380708137 0.270791353696 0.998816416784 0.332450703346
0.202741611209 0.290678168204 0.00834168256763 0.115572044506
0.832381578394 0.238726510855 0.357567769668 0.335866616252
0.889961815469 0.0980301334652 0.996301858062 0.205646100939
0.151731575676 0.238205077731 0.724491786116 0.294839456308
0.241864159092 0.359583040494 0.95804662931 0.24315373492
0.34514255405 0.235079177448 0.402622924559 0.309067860834
0.336421101409 0.471207253176 0.585393626634 0.136276648619
0.11607660228 0.441963323806 0.320539724483 0.27946484123
