0.192312250834 0.854851214986 0.998605381941 0.291796252086
0.963697625137 0.49465468878 0.986563065616 0.0224879159672
0.147197004091 0.669065370903 0.951610479729 0.398016850233
0.930357423607 0.300349672771 0.970178800685 0.203771301613
0.581541706953 0.277961297992 1.0 0.328745062841
0.887771352628 0.615923476407 0.995683571324 0.47391987895
0.56006014124 0.125163362358 0.99968349657 0.472199052861
0.502266192141 0.32344725402 1.0 0.465724660636
0.0627109994128 0.345123157846 0.983671199396 0.326137299084
0.546404678763 0.515709576664 1.0 0.404850010066
0.846424800588 0.611974511974 0.829942514966 0.331852836329
0.791099088652 0.464459314239 1.0 0.297080935552
0.03830780814 0.751782643327 0.610704479224 0.282020870191
0.263411866637 0.525954724064 0.999999748092 0.0617988786042
0.76771383158 0.456659067747 0.883901202288 0.216919017247
0.522509484335 0.268005663922 1.0 0.276108287691
0.63089549742 0.939537881848 0.999998893296 0.496712167412
0.391242829518 0.371542924555 1.0 0.3249685878
0.387137237653 0.563870629642 1.0 0.340418619983
0.741295719552 0.680974278365 0.99998891416 0.375937385472
0.227615206804 0.18463669857 1.0 0.275099201453
0.17527009673 0.719905203987 0.552160926514 0.322781172857
0.524093147444 0.416874703374 1.0 0.419860094995
0.3198586996 0.866912998131 0.954828404853 0.380194884378
0.536232659364 0.0908115167409 0.999952852283 0.772959069679
0.328344900205 0.95610153597 0.993626359904 0.443260456443
0.197723397091 0.508153357939 0.997019568433 0.278025778531
0.258337165981 0.60401950533 0.954173632771 0.353896415254
0.303298683622 0.386447036448 0.999999999905 0.367290703934
0.205268310106 0.388787166653 0.998786204273 0.17681777061
0.721148000983 0.397856866889 1.0 0.262041974778
0.610468223011 0.477518012691 1.0 0.350587672138
0.969161131442 0.136946280738 0.810639168957 0.270796073028
0.533665243964 0.357858510283 1.0 0.369795233835
0.315840196139 0.641427199289 1.0 0.286694998602
0.584809154054 0.346534762356 0.99998280651 0.459541147453
0.219371343503 0.256281520767 0.999999962423 0.561068673372
0.460493646724 0.229030724297 0.999999999995 0.655124956586
0.475733172602 0.902986046375 1.0 0.489592239269
0.985369144863 0.157558614489 0.998097997513 0.162115745358
0.125358083037 0.55137922378 0.982298393567 0.506705425992
0.288241380795 0.320440120442 0.998146907081 0.665615424272
0.611669995363 0.462252065466 1.0 0.211760048992
0.695147033409 0.352029823663 1.0 0.384429221903
0.562586015584 0.206544952727 0.99999787814 0.236919792346
0.98811709831 0.196048635509 0.895690616334 0.515264772037
0.680351543098 0.416472128619 1.0 0.385155872776
0.319654408505 0.657181972766 1.0 0.494802161656
0.495181068089 0.351787657812 1.0 0.413002594596
0.510761696012 0.935576437886 0.982937407197 0.607923752347
0.39856192816 0.409584649093 1.0 0.340184601187
0.534303654434 0.612341620461 1.0 0.399369024216
0.800769088296 0.570030037132 0.910430146848 0.174841406142
0.330451423868 0.523279586726 1.0 0.352680879808
0.399393549407 0.774889992964 0.999996819353 0.375239377893
0.338593031579 0.716113788831 0.999790778391 0.381302753571
0.962603247031 0.00909644051902 0.859240715507 0.200308026774
0.406720688584 0.460992628243 1.0 0.442316336124
0.978721604479 0.468083776839 0.993351334564 0.297402334694
0.822930744264 0.628514944986 0.999722989167 0.681627042904
0.389279678637 0.267055565802 0.999999999042 0.476200485722
0.074568492198 0.387964782792 0.999999896839 0.503981897367
0.682767947259 0.385209473581 1.0 0.430977416813
0.505971527945 0.529523943096 1.0 0.327184543099
0.569261815423 0.257908717504 1.0 0.509101705349
0.896525384598 0.267041152582 0.63943810199 0.259188851398
0.526809626973 0.405550885755 1.0 0.342999238197
0.0136327055309 0.71944801318 0.999995092105 0.312434413002
0.951413744568 0.597468440605 0.999999961686 0.166676105455
0.489794719154 0.239863940231 0.999923072449 0.352632769622
0.858651513844 0.836907119092 0.99928457082 0.181021518887
0.304131841338 0.617836265078 1.0 0.292720994433
0.249815374224 0.305073074558 0.999999799681 0.279508590496
0.507330852433 0.693778972152 1.0 0.532863327106
0.922925163636 0.535445732349 0.99995723841 0.513990205527
0.0400865762526 0.658677615707 0.999833447108 0.393974455853
0.982213334584 0.975358467184 0.934487523136 0.414932903497
0.355302944737 0.628026261591 1.0 0.333052920392
0.311251678686 0.413738566548 0.999999822837 0.197252772589
0.90868081855 0.391320434775 0.999954812286 0.543804231215
0.945943227383 0.490832895988 0.998783634549 0.333756551716
0.624592282666 0.886543734796 0.995653496194 0.534057233101
0.613934950102 0.162169095138 0.999999994254 0.336191694072
0.153196789231 0.879447888849 0.954583936734 0.273470502371
0.763631517558 0.738997514771 0.999806589974 0.578504383933
0.470996269403 0.267013170298 1.0 0.203613165846
0.572801465605 0.113076745969 0.999844971516 0.465624606434
0.746912305192 0.356257829672 0.999413373873 0.310755716889
0.187198467485 0.744471485158 0.999946047328 0.547897120851
0.239374606577 0.326373518552 0.999999971124 0.304753335559
0.323719548516 0.0829369444047 0.837922154287 0.261755075912
0.716742430315 0.851091784807 0.999984803153 0.284596570963
0.98916335683 0.166093884743 0.990516949298 0.555698554846
0.937488755577 0.566232695725 0.999927204818 0.342675131362
0.947816307523 0.576204528378 0.841106696715 0.334904365297
0.304223901525 0.533206812601 1.0 0.335526379374
0.621447452156 0.726440452501 0.999999998064 0.377499289625
0.316604936316 0.78705558427 0.999347504595 0.319760540662
0.869357763913 0.886589733515 0.758385799603 0.232859843243
0.993388716352 0.188731201595 0.993065248442 0.34046918426
0.957025270378 0.532714065165 0.999648230771 0.638785489909
0.0617307173059 0.860994411815 0.989775611461 0.362035182648
0.359590608386 0.609140037255 0.999996907288 0.154965560513
0.834470585107 0.554213280199 1.0 0.460040034119
0.0630073605954 0.991121054268 0.996867435189 0.427165342945
0.0533121097408 0.0563932609994 0.858679010936 0.353978671666
0.368928895416 0.568675593309 1.0 0.335145143729
0.260137832767 0.731378406183 0.999836496931 0.244678413646
0.112443509036 0.355073086151 0.99992858997 0.27543023737
0.472836769631 0.262025775 1.0 0.315219124711
0.461531592499 0.344924860795 1.0 0.42537104933
0.761693954716 0.400313237386 0.999999966553 0.462744802455
0.563405862691 0.436103573488 1.0 0.337791474238
0.839928702064 0.115912455378 0.999999999274 0.37239029302
0.540355055205 0.282190533092 0.999999999994 0.234388268365
0.664798029038 0.244917976809 0.999999996299 0.422222349987
0.632176027578 0.879885785954 0.999999985203 0.263838870724
0.0308828324335 0.382232436592 0.691143278156 0.159245666059
0.544371340902 0.818953767988 0.999997252405 0.124524819237
0.029331349362 0.12457052277 0.976087902365 0.609469586124
0.943294643311 0.556000105299 0.999598521488 0.460739668634
0.838711660668 0.135681382442 0.999911811473 0.478253589507
0.776024906362 0.592579731852 0.999999974804 0.445376638659
0.208013267275 0.0865162333706 0.999973257108 0.304717593366
0.7222100542 0.691091326905 1.0 0.257435422683
0.390272449636 0.77157733735 1.0 0.405241707501
0.243505262698 0.261008292889 0.999997686917 0.442966552545
0.585638563151 0.364817104239 1.0 0.217993532024
0.721476925065 0.242664516744 1.0 0.38249998127
0.67791064411 0.668004069208 1.0 0.406676077584
0.241266404062 0.592431696707 1.0 0.320270596795
0.390317077107 0.490517123661 1.0 0.254700463199
0.0970899691304 0.666861934149 0.681429592055 0.339867549766
0.544909749995 0.791815905857 0.999999999981 0.433317205423
0.246618759652 0.242529804749 0.999998637107 0.14415980658
0.124487833432 0.039627218795 0.52488427798 0.347551308323
0.385139707339 0.76612919593 0.999771000922 0.466740922507
0.899128113792 0.465405567855 0.999138713336 0.487366008236
0.153933274331 0.528549422584 0.999754084258 0.412998309024
0.669702934845 0.438860813626 1.0 0.196732301892
0.653167868621 0.310346120959 0.999999999995 0.358592221183
0.309143055917 0.0109310906343 0.999819592895 0.337330452933
0.384767471665 0.593903606159 1.0 0.41529995752
0.771485341059 0.441429706419 0.991319904853 0.343550098175
0.500501068612 0.414359429497 1.0 0.203085721644
0.40657101511 0.326405995802 1.0 0.51013097072
0.109591845521 0.0062133543672 0.887135689346 0.357369517907
0.638653081745 0.952032273301 0.807465571108 0.547321894847
0.208796473047 0.599249671502 1.0 0.434329338479
0.685558978244 0.191172959439 0.965978504741 0.401929607701
0.480813793519 0.99987737383 0.997619418089 0.583971121844
0.0475182484272 0.569161597606 0.998428441927 0.35676200332
0.898667627077 0.58891209239 0.999504739124 0.395289966334
0.240085044874 0.839888805217 0.992464774298 0.474941489408
0.130632806789 0.606534307662 0.999999999973 0.0598425735449
0.223827008323 0.124929440425 0.606663747899 0.14287445979
0.305678057541 0.455429465801 1.0 0.586906579285
0.398567399444 0.918178315645 0.999999888872 0.475878103514
0.544283939227 0.200144106588 0.999089014598 0.399792476718
0.434807272925 0.146539330856 0.999988933095 0.565698298179
0.137805288977 0.356997508359 0.936137376905 0.434933429962
0.950239714971 0.427623002386 0.999999980199 0.233066890097
0.0545956693625 0.593350952105 0.749937211459 0.263466651783
0.893467004491 0.229628103077 0.819972379148 0.334280144257
0.56413674574 0.922993567953 0.735667235979 0.336081430483
0.315065174151 0.931598297022 0.999999877492 0.355327294151
0.791579022374 0.0015233426381 0.665692912124 0.301072826035
0.419704962135 0.489238032303 1.0 0.395179950142
0.412002673739 0.155154063423 1.0 0.494047991461
0.206614731281 0.716698905258 0.999997489172 0.249022465167
0.924784142218 0.170705761909 0.801153878606 0.339622014918
0.828870043254 0.26780220685 0.998085151097 0.290699645941
0.59321495489 0.550728235279 1.0 0.339373200982
0.505240039312 0.804711084469 0.99999923148 0.560488022294
0.87487549636 0.430775547434 0.997868629677 0.284221602326
0.0073668705898 0.433068457206 0.99809543789 0.262698008483
0.0680922463359 0.4291462589 0.755773957331 0.312832911945
0.934873712963 0.369557786739 0.993506998754 0.395944008351
0.328586595995 0.821543457461 0.999968069728 0.504978826269
0.556070217762 0.721497272121 0.999999989116 0.527939592575
0.396567203348 0.340057514258 1.0 0.519624271677
0.214862570443 0.121047687917 0.999868482362 0.41473296495
0.577401153341 0.692394005479 1.0 0.265661617273
0.647212823725 0.45359883917 1.0 0.326543903541
0.86290677121 0.42278721133 0.976534562404 0.493829856795
0.235292394556 0.378439164275 0.99454977491 0.219208768359
0.591477778648 0.37074658253 1.0 0.40528107602
0.527543968677 0.132636703654 0.999989401536 0.412210215018
0.351378299715 0.517593288025 1.0 0.224113794924
0.684932366531 0.524425665296 1.0 0.440200726713
0.414165813341 0.591263686329 1.0 0.408575832291
0.613200782919 0.382116379855 0.99999999999 0.377660766054
0.608637104986 0.219529523222 1.0 0.559946436298
0.471591012528 0.561572604365 1.0 0.333549912051
0.350272586461 0.421748997344 1.0 0.516200586097
0.750313284247 0.570033007559 0.979312569687 0.236249076153
0.46616844698 0.703777969164 1.0 0.53149240061
0.383590487893 0.231860874743 0.999999952871 0.307670224078
0.362324733133 0.313230389723 1.0 0.251454697418
0.80121246426 0.652253623364 0.812109254655 0.283897420854
