0.316964609904 0.158465887236 0.928930529476 0.244627454264
0.409305448393 0.521474217712 0.975629777833 0.153745633877
0.611049192223 0.317806773611 0.975699273906 0.249521781728
0.197932707146 0.583619417072 0.999999609267 0.583902517435
0.444680459827 0.676234810957 0.992133964828 0.276785026336
0.462158003264 0.586670897518 0.92237234323 0.335801435553
0.335638639396 0.475268330028 0.999925123374 0.487674196716
0.539521420072 0.491492686901 0.956384493324 0.181512115977
0.191027265268 0.481518566951 0.99968442877 0.421932827492
0.289252608108 0.479418100115 0.973112444384 0.277763079889
0.549276847129 0.413142806096 0.932837757813 0.317406815078
0.621429898129 0.559111443374 0.998605187603 0.49304440374
0.327643922556 0.544159458775 0.983687942935 0.367561563295
0.840236290721 0.584410772123 0.995323284537 0.114597105848
0.507328952687 0.463985865051 0.99977346332 0.336950912358
0.336527725373 0.731497489727 0.999998573357 0.494912934717
0.330559253395 0.877750501062 0.999925731778 0.158698582469
0.789937092895 0.806178731341 0.91941787455 0.2871394132
0.322849217092 0.298524683918 0.935122086695 0.331951016128
0.649907143213 0.798921358986 0.999296642091 0.176785296015
0.282692276589 0.604014194738 0.845444352799 0.400966237061
0.432555195045 0.189801636147 0.999999373102 0.209670838342
0.37889357893 0.314908180772 0.964598374937 0.477823540958
0.377765305292 0.406486502169 0.995518534759 0.0883000265366
0.778032728052 0.301095532695 0.956425429673 0.197984912918
0.134604535633 0.935849727373 0.902406594831 0.12505072998
0.329506837509 0.0966582505101 0.914816504909 0.309543625199
0.325629653676 0.223886808747 0.976590257817 0.194047245415
0.447138340164 0.660720883761 0.999440987615 0.538988881841
0.668187043678 0.477399928661 0.998111281812 0.379207854199
0.895464669056 0.762779045564 0.819406492326 0.343552313482
0.193059467665 0.0970638891071 0.552915104009 0.301776267028
0.29510048896 0.704457083052 0.992984088309 0.295693365664
0.600023928252 0.23303697723 0.935755784026 0.368302934614
0.644749474003 0.603385292213 0.98975275342 0.811333291458
0.516975824584 0.568872120647 0.946982896546 0.360988739379
0.427208522402 0.323945763188 0.970429078415 0.375200831882
0.617825804883 0.419696272618 0.999999999837 0.214441624641
0.69805795479 0.400991496457 0.993069630307 0.373974511797
0.77125472181 0.565204979411 0.951241482486 0.220577688297
0.65920018587 0.571766737841 0.953101075928 0.363360705822
0.642475217355 0.325185010292 0.977179695059 0.168916546774
0.469544865492 0.352540431422 0.986171165106 0.136233905901
0.441412108687 0.303133693072 0.860770955383 0.237270458763
0.50235511383 0.862177328422 0.999709299187 0.150578188919
0.342101165166 0.303363687609 0.99452324096 0.343034108261
0.540820291797 0.653571695811 0.999081632761 0.47367956043
0.892495314526 0.896672382695 0.817160080168 0.399136304584
0.546664791738 0.206078333561 0.922358331405 0.299564702281
0.593935807705 0.435099804999 0.992551143553 0.483924343024
0.563893906706 0.6050545768 0.993718230168 0.21850152016
0.470020800076 0.529445900462 0.994491873754 0.392110399998
0.899247823419 0.16582296861 0.981151622884 0.494281952808
0.292072380294 0.467910363685 0.961769607052 0.469802667393
0.855515031424 0.643604385621 0.806808115618 0.0997020448239
0.488151931599 0.554654926347 0.999806677594 0.382296623755
0.303883468825 0.621515348928 0.512506491626 0.27658153797
0.53106309102 0.685749218517 0.993207747166 0.137479575454
0.792508157806 0.211371860848 0.845918630393 0.573906698484
0.697856209064 0.231584675807 0.685413260195 0.372277883699
0.395039135811 0.342628574497 0.993654449899 0.137689840741
0.739418213738 0.352483719488 0.999481304298 0.266104653473
0.407530843594 0.828265331432 0.945493335954 0.434983172896
0.454386380228 0.530818543854 0.789738047363 0.425558814991
0.35340379193 0.404554882477 0.999823223411 0.25443965644
0.610525170533 0.782403920351 0.997834505281 0.363971872206
0.514560609385 0.444346595624 0.993812164868 0.423425036169
0.907221065838 0.705280279051 0.998763841605 0.161818922696
0.312165280871 0.516980034286 0.9794169792 0.134038399776
0.400516085106 0.496568416672 0.999999986334 0.300548771886
0.660190310012 0.592751123797 0.99473018237 0.275576092645
0.360659942549 0.663972314116 0.733006486333 0.336129210491
0.455772032011 0.612715583406 0.990365083818 0.349094012798
0.50823467254 0.280142758938 0.974369190355 0.474009045872
0.84021274547 0.468925789498 0.677073386186 0.259755784588
0.252044388765 0.643207894299 0.97651266818 0.315475298592
0.502376529325 0.412882462296 0.62368722142 0.382481689229
0.796881231049 0.147815739697 0.950938025364 0.340060758022
0.424665319735 0.330947836546 0.569623480579 0.171220482952
0.288735567556 0.418693481018 0.910122786613 0.247991595091
0.40706963766 0.578506556645 0.769550096398 0.305669563554
0.341076584923 0.72459966344 0.976618441754 0.176775528085
0.566187614772 0.307687286167 0.983995845893 0.0732822478358
0.425438869865 0.772177117544 0.962006134484 0.369082063224
0.318511519617 0.569430935961 0.999616128303 0.4582505733
0.608466741737 0.387321328184 0.991264337521 0.309324458032
0.587688588989 0.918962370114 0.771431383482 0.47280940034
0.34476503463 0.765900993692 0.755690430428 0.262465814912
0.294829529675 0.617749131434 0.997515501716 0.52672682208
0.210746775554 0.158925064676 0.973103825247 0.472566176686
0.573867354629 0.526660120162 0.999774016027 0.617134395049
0.377666696937 0.114729694883 0.999908189113 0.302953288665
0.644484024547 0.317824770363 0.702188080736 0.11457367865
0.575008618748 0.462470957545 0.580238680632 0.265598113094
0.827253559077 0.583193649105 0.513085227058 0.144126529009
0.478295414721 0.678552499783 0.888019100454 0.452526977217
0.626702727948 0.742687941906 0.980751885197 0.445277642605
0.0362268257969 0.243910524967 0.936771852287 0.169140009914
0.724082740898 0.726197950786 0.999693693303 0.399782253471
0.412462116184 0.22172201066 0.914525411245 0.314575673503
0.750924930126 0.302006561914 0.985908657282 0.183203638876
0.377213866166 0.353486370952 0.989739689393 0.296258267754
0.328005899958 0.504868730333 0.916361990695 0.306882557052
0.358872074178 0.627419414307 0.904059135507 0.34215887044
0.194815432926 0.107843452474 0.713879570008 0.247662478456
0.607089508267 0.929417015879 0.826611107688 0.634326179745
0.632117782105 0.212131781498 0.989111922712 0.252620410669
0.388499224653 0.730399047355 0.976044913921 0.231257879052
0.520375875044 0.280293915372 0.991102562194 0.173065870012
0.761104958951 0.698921940214 0.979876767768 0.360474634316
0.121727666578 0.251612928674 0.994555199252 0.135269964076
0.470809021719 0.335721291377 0.975864669322 0.42366958319
0.53980280686 0.454266333298 0.998176953179 0.303111923252
0.525900547507 0.624689551537 0.856042015741 0.169773208896
0.548281750888 0.811641894009 0.881827655538 0.244451757381
0.337930325075 0.583234399757 0.694194425067 0.437510290742
0.764791450332 0.476700225657 0.744350885139 0.2568161145
0.673766838803 0.642412011083 0.996001484206 0.22254580412
0.364563071325 0.553634375547 0.998186833763 0.567290176608
0.314365620049 0.72012268453 0.992682858417 0.197911002724
0.341866011695 0.640566872288 0.945251346463 0.160658555368
0.323496395565 0.643997875218 0.962814040068 0.371950409069
0.344986041313 0.356755394791 0.997406661165 0.212442966394
0.584990961994 0.41979354271 0.823231193207 0.235072766504
0.472873942833 0.391425386145 0.999702187566 0.378477511689
0.565346230133 0.440406783611 0.951294916895 0.633851704757
0.57185142077 0.166965339115 0.999852006473 0.283515112434
0.875826756836 0.907113753631 0.638807240458 0.238501903671
0.579361857087 0.550890545671 0.937347634035 0.472505956059
0.609879086466 0.819588588005 0.748835884496 0.223560480721
0.537663265774 0.65705080369 0.98774460387 0.498895388634
0.522440599412 0.37108977271 0.988976887621 0.340327742994
0.553379994636 0.305862487001 0.997963994435 0.259838421468
0.370798136503 0.776587487173 0.998425292981 0.48596797405
0.786449091052 0.826476173007 0.960994133008 0.232985283932
0.258207019817 0.689184898058 0.994085517033 0.345630426318
0.373222606668 0.265142684016 0.855278001387 0.35091630767
0.743371127104 0.477248342461 0.998300946449 0.24513469316
0.617978188041 0.45332489834 0.998880587969 0.347165528205
0.517365647064 0.537428889833 0.999058252819 0.415246232226
0.634667245379 0.328774944603 0.999213898391 0.444472336074
0.376756143887 0.440245589988 0.996871378042 0.408993358069
0.513194147127 0.3923653205 0.999961091198 0.441155291121
0.792688854254 0.337852461543 0.942922330057 0.127681738494
0.329640143005 0.438060125491 0.938819438866 0.207381517054
0.520394289943 0.638401052252 0.837412768789 0.354295496689
0.393962379905 0.504743630392 0.998592498604 0.199862641903
0.302488059377 0.972691453916 0.615285177472 0.22069813091
0.316300585083 0.420250352507 0.856012214818 0.276131316829
0.684096566257 0.454200520315 0.999461549129 0.506023148369
0.0769593986485 0.344509145359 0.825416814969 0.453683478447
0.427913578065 0.419720707991 0.999824330457 0.0914100029199
0.152831211544 0.668849735172 0.999532343664 0.417407362626
0.536397655125 0.593339635724 0.999955459534 0.164737128105
0.639380546176 0.551622177762 0.985863806776 0.171102729323
0.663289790262 0.756973565725 0.900581208944 0.323728405762
0.462259348399 0.799436419821 0.999685073484 0.353533414393
0.765110646559 0.46255680276 0.93952950372 0.360993136351
0.280825767911 0.491958431774 0.708341476279 0.370835237986
0.411300621488 0.376694814278 0.946024105226 0.559726838947
0.535098829705 0.364169819458 0.997912225784 0.27642265075
0.383893204596 0.542588051652 0.999272058671 0.22794737005
0.468461306899 0.443429672058 0.983124627882 0.442881916125
0.380271640874 0.533300771234 0.981804773409 0.368414187903
0.629892100803 0.305523599274 0.999333969943 0.474369876817
0.146734972358 0.88499268451 0.922385241547 0.512989115181
0.72787230759 0.518164836522 0.991794612002 0.234545505637
0.242641371399 0.409617671924 0.996699626617 0.423107488105
0.326347026296 0.655837149849 0.856977321727 0.39664118062
0.424588219747 0.359297140762 0.994402835315 0.162635814273
0.731373001721 0.921023406649 0.843270653086 0.102228745443
0.518783259465 0.260673464546 0.998676292761 0.345764092563
0.744875852316 0.550177565708 0.962594120868 0.291048861205
0.639739503147 0.629121056104 0.997799461306 0.409753197172
0.674484845314 0.641979031496 0.995135753306 0.486531397052
0.206559500471 0.539086602142 0.996838339686 0.487318874261
0.5469610192 0.558513297082 0.999979697314 0.186097649167
0.492563379717 0.482381200544 0.825802655636 0.107466912301
0.731937471456 0.59146144544 0.996384334352 0.16462229429
0.442432314086 0.508900736934 0.956391421059 0.233483852336
0.562477173422 0.221334670478 0.999941504889 0.350156520796
0.311728459567 0.703405367099 0.946006384364 0.120210951788
0.514231996292 0.651226175826 0.993500020735 0.378296898219
0.629752481811 0.495171423892 0.999808045385 0.393426048315
0.302800565015 0.389211922821 0.997248068025 0.355901307857
0.884611060724 0.462508774308 0.995171536336 0.319980676507
0.147877849304 0.50504612881 0.976043342761 0.340028221912
0.447492304913 0.340681018788 0.783601048707 0.27730791625
0.658463245023 0.243165361355 0.989306529768 0.294393228154
0.479310904124 0.540609426627 0.672727341238 0.347749972288
0.68853277464 0.515076350097 0.999821230434 0.322913519715
0.759274703065 0.211604647952 0.997712293832 0.261411300202
0.576796204466 0.307736992164 0.98651245222 0.310945686197
0.4347786188 0.453992428282 0.999922457024 0.432056333716
0.351517300822 0.655262091619 0.997323391509 0.574563050622
0.598114289014 0.533049327632 0.951692831472 0.241159050343
0.400030017126 0.525105859321 0.972091268325 0.478912802494
0.620793831415 0.490168518574 0.812502309248 0.187890024204
0.332324645961 0.498257291611 0.99999982604 0.249641449517
0.423182768838 0.358439074061 0.995824470733 0.361141800636
