0.313279780856 0.309376759568 1.0 0.320653458823
0.746956584361 0.507562482968 1.0 0.207258467699
0.742759155631 0.64188263917 1.0 0.242457188659
0.701719180944 0.542654529684 1.0 0.301588655061
0.694705130336 0.491961892285 1.0 0.321508010181
0.435120413583 0.60619892473 1.0 0.361366772723
0.771636716193 0.694083580311 1.0 0.0851815926176
0.718484637492 0.61633809964 1.0 0.298648077598
0.532048475481 0.429405449264 1.0 0.301032936113
0.548876914137 0.599328759347 1.0 0.244195736357
0.539675435651 0.367689323273 1.0 0.260301235055
0.601873602734 0.326761087638 1.0 0.365268199854
0.250993911698 0.649996932467 1.0 0.423636949999
0.331144312463 0.184515418802 1.0 0.199493891065
0.254807243111 0.510824388558 1.0 0.246404887916
0.730792694653 0.436617312672 1.0 0.257745850415
0.534705971403 0.327626540246 1.0 0.241254693722
0.441937780607 0.299438854697 1.0 0.350740567646
0.685849591451 0.471648131349 1.0 0.267229625272
0.599919648065 0.564081641121 1.0 0.00788467041411
0.722170320813 0.556935992332 1.0 0.334337260779
0.228405133405 0.488137567542 1.0 0.108699740994
0.209336044542 0.494772771307 1.0 0.249121653638
0.42336226174 0.383836228642 1.0 0.359496785431
0.388045884681 0.64064104947 1.0 0.338632097417
0.44436140836 0.743929818693 1.0 0.285542677461
0.437288655165 0.707701497667 1.0 0.500536972744
0.28256715456 0.738603564567 1.0 0.225520382728
0.582364555019 0.387147249657 1.0 0.227289578258
0.287420624675 0.270637002721 1.0 0.35934307976
0.783016935414 0.691783962166 1.0 0.157535996172
0.662832599442 0.65987051976 1.0 0.0230785971837
0.619674252278 0.452877202441 1.0 0.0207826550638
0.487012829357 0.317434532322 1.0 0.319675525922
0.40052319752 0.243071188797 1.0 0.292575856284
0.238104734909 0.559976615429 1.0 0.235123629825
0.729084349426 0.349292675806 1.0 0.278655865137
0.383896143642 0.749127688291 1.0 0.0432938866328
0.380836265197 0.36692540031 1.0 0.0884663439405
0.260913212138 0.638060265289 1.0 0.235632042462
0.379152514286 0.557506234775 1.0 0.333417160189
0.673627497059 0.322839878995 1.0 0.268223892764
0.514599832352 0.538906032874 1.0 0.465624906663
0.563740032312 0.369041672185 1.0 0.403941510703
0.4989885753 0.355253794258 1.0 0.429942043638
0.508427014257 0.622230327751 1.0 0.23585556237
0.685013761782 0.721611039964 1.0 0.291720610072
0.655381137559 0.71155283108 1.0 0.0450794800322
0.376260256862 0.727716256967 1.0 0.20398781774
0.554487914185 0.428562559355 1.0 0.347101667041
0.800829833531 0.458509482535 1.0 0.168630487043
0.626688647689 0.336877271698 1.0 0.370878184111
0.276515736998 0.419782085914 1.0 0.269872407758
0.606325749007 0.339036689962 1.0 0.205351222053
0.755896169896 0.461535217012 1.0 0.292755710082
0.569835043394 0.224396073757 1.0 0.311336511977
0.29483720032 0.445673255064 1.0 0.255975814567
0.511270571943 0.53425349986 1.0 0.131298446664
0.591738242567 0.296768071863 1.0 0.275676372972
0.281914872235 0.598105503073 1.0 0.32026433844
0.264360615115 0.504368715053 1.0 0.337825527948
0.523066193242 0.398987731555 1.0 0.50409036764
0.591777526753 0.526996966135 1.0 0.300794093619
0.758038393603 0.46115591027 1.0 0.325924691775
0.545357331116 0.357847817001 1.0 0.284664647316
0.57412775643 0.472920387819 1.0 0.436095125612
0.517667414766 0.528439702685 1.0 0.537473358869
0.544699202041 0.222784242869 1.0 0.491000292218
0.168032743066 0.426833522359 1.0 0.188051969834
0.538094364384 0.46897647104 1.0 0.480828576156
0.612847263993 0.386416768093 1.0 0.298687078417
0.569481033839 0.617130706735 1.0 0.402845666515
0.432502205815 0.352994402066 1.0 0.296199218511
0.38682635746 0.357552781562 1.0 0.291785529933
0.344108646212 0.186898408993 1.0 0.17302174114
0.640066553115 0.656916646811 1.0 0.550458399395
0.547229832512 0.666251397153 1.0 0.258979169578
0.62255413528 0.27685964342 1.0 0.367008393435
0.291045009869 0.720329964476 1.0 0.38895692319
0.748612566332 0.440220604234 1.0 0.269879560594
0.371467418252 0.402236897397 1.0 0.296955926109
0.700945736161 0.359427261026 1.0 0.0289942576653
0.67229578433 0.671531769486 1.0 0.000980910503838
0.248285202406 0.3085972433 1.0 0.265388529404
0.595441842071 0.23939233233 1.0 0.17838647347
0.760590491232 0.572149834183 1.0 0.397289831021
0.491189291688 0.383324300943 1.0 0.378297484486
0.356156420413 0.445474079854 1.0 0.167097492499
0.724194290646 0.736745716539 1.0 0.0325801276804
0.563251429655 0.233315347483 1.0 0.435191561573
0.645462658635 0.341179267819 1.0 0.105362617539
0.394329159139 0.604780848715 1.0 0.281116948551
0.55926685021 0.622541763897 1.0 0.25077987032
0.270988495232 0.702627319288 1.0 0.107402580949
0.292346962984 0.325512567059 1.0 0.173461237741
0.449832127972 0.108444159202 1.0 0.1390956283
0.242602585947 0.403126951215 1.0 0.308855796453
0.192943126075 0.596271966286 1.0 0.337590260279
0.568991033143 0.702795007789 1.0 0.167411598245
0.205558784918 0.244722396609 1.0 0.205243396542
0.395279534945 0.308818538791 1.0 0.066544988161
0.559295137909 0.712183749614 1.0 0.3290337486
0.820711522403 0.334400028229 1.0 0.0711274838324
0.329623292861 0.506886076061 1.0 0.422928709208
0.360195016854 0.660960767621 1.0 0.250853047816
0.316151534907 0.471499170314 1.0 0.185088748393
0.547604631872 0.346773844251 1.0 0.19416922943
0.359775018657 0.214169208084 1.0 0.268412501589
0.633199019752 0.746354034017 1.0 0.164282568387
0.462163169299 0.703203421539 1.0 0.253297913176
0.247743626477 0.411404469997 1.0 0.183467829808
0.675751929971 0.467075890564 1.0 0.440414993538
0.606036490314 0.285172585066 1.0 0.313662363997
0.459580429547 0.662322473146 1.0 0.276222364468
0.796010358079 0.605079395415 1.0 0.140660486122
0.397670336649 0.365275155662 1.0 0.0584126231413
0.456488858695 0.529976332632 1.0 0.139346922829
0.437764964371 0.357042390765 1.0 0.235748312693
0.348581507118 0.688911573014 1.0 0.316149918652
0.703785403081 0.479719165861 1.0 0.207529612306
0.486971906608 0.296456026884 1.0 0.210543478048
0.613788783287 0.573739079735 1.0 0.319119665135
0.320540404531 0.511196645458 1.0 0.0921960133767
0.685204010986 0.668466315895 1.0 0.463036367294
0.814745712569 0.381411584772 1.0 0.25372709038
0.575861886941 0.459367168876 1.0 0.36905031915
0.787856941538 0.505014402429 1.0 0.104977953664
0.424443598433 0.340503168108 1.0 0.501553334756
0.652407401006 0.272823754069 1.0 0.339855881965
0.442048603594 0.273425862855 1.0 0.260119545429
0.597113070524 0.822253224678 1.0 0.0776360061261
0.203510489361 0.507634078405 1.0 0.174561625626
0.402797022463 0.645883964214 1.0 0.367821777361
0.579426924158 0.420342412788 1.0 0.301269440132
0.399454482682 0.501323995599 1.0 0.216975050256
0.438248097102 0.297361889242 1.0 0.302255460125
0.612275796437 0.274974968263 1.0 0.321612966919
0.686709332497 0.847098324098 1.0 0.197441204041
0.495830149033 0.673269913291 1.0 0.138508767872
0.478435903741 0.370579728376 1.0 0.355736982492
0.424148270409 0.359783116173 1.0 0.403232099216
0.613684929897 0.557331251432 1.0 0.0859006515425
0.872616956278 0.563863615745 1.0 0.384608941037
0.491549609113 0.319933602469 1.0 0.435913593452
0.30819501254 0.195777599797 1.0 0.1909511971
0.292945920522 0.729522603342 1.0 0.237238121123
0.294412514781 0.584095485591 1.0 0.00486165451343
0.292229776919 0.665677299599 1.0 0.268908690769
0.359307812179 0.64355053056 1.0 0.156499907098
0.727721969094 0.486953587038 1.0 0.344209575394
0.246703838743 0.548461069072 1.0 0.206604221087
0.560969684661 0.650092126345 1.0 0.437487892192
0.53764885512 0.755508805067 1.0 0.163799107573
0.550969597112 0.582592994213 1.0 0.26829667859
0.19982758277 0.534950027261 1.0 0.316576189384
0.658582995339 0.356117990938 1.0 0.356501877318
0.727921755549 0.721792572691 1.0 0.267800918786
0.670830441095 0.629911313049 1.0 0.385107249843
0.61357933424 0.385477761901 1.0 0.274128908591
0.548343915211 0.679467311083 1.0 0.381427550365
0.407053128403 0.642107330497 1.0 0.433690721194
0.704262584204 0.365455441043 1.0 0.372677663872
0.428189245439 0.607298482917 1.0 0.276555302819
0.484390054247 0.138295026283 1.0 0.338824917245
0.492190012872 0.588994706318 1.0 0.447269943832
0.467835953337 0.252723413073 1.0 0.354155478223
0.829604468039 0.371636131191 1.0 0.168577070181
0.713168656703 0.458140132475 1.0 0.385212349808
0.832195765588 0.663873599277 1.0 0.127905405138
0.522391625408 0.29743945408 1.0 0.379131957914
0.365431724775 0.511524054047 1.0 0.474102971908
0.463408872325 0.655467193457 1.0 0.330123742429
0.303283457505 0.404848312019 1.0 0.236041326274
0.628200274366 0.468794144546 1.0 0.275539752284
0.785247191811 0.587362118355 1.0 0.314602774507
0.48885579777 0.59745765038 1.0 0.178066528751
0.384875669009 0.468981285506 1.0 0.360757427751
0.653550867246 0.685585004302 1.0 0.363085564137
0.749783809567 0.652600229248 1.0 0.29313217292
0.668118435291 0.297061940497 1.0 0.219396088782
0.57090911578 0.183418956997 1.0 0.301982132049
0.417310652532 0.428948652633 1.0 0.350323009012
0.641807405487 0.761386809894 1.0 0.289974580047
0.711813780032 0.629436992704 1.0 0.28094086412
0.48396570043 0.683548942083 1.0 0.217696143478
0.558972000027 0.293835124632 1.0 0.310752354285
0.662226231172 0.613768417323 1.0 0.330095225536
0.497999707768 0.673906198346 1.0 0.465602738459
0.246691820142 0.322605064811 1.0 0.319508672248
0.428507606509 0.414500561005 1.0 0.209465278722
0.321669760023 0.479346894842 1.0 0.453486746736
0.560789578695 0.432902527308 1.0 0.193116464256
0.654602921229 0.383711293988 1.0 0.309564399295
0.446982450251 0.210824524859 1.0 0.103242224977
0.316275093216 0.342609300817 1.0 0.232794474996
0.247855945732 0.536939176218 1.0 0.22352503135
0.411035307129 0.745592628138 1.0 0.280248342541
0.508796851867 0.80711237878 1.0 0.178092709303
0.662917494406 0.576069136011 1.0 0.155737667492
0.75481473154 0.442039486754 1.0 0.42786363831
