0.701713493793 0.49233381003 1.0 0.303029439334
0.918569401872 0.213024752881 1.0 0.169163293423
0.527146834354 0.278679513119 1.0 0.406918223408
0.863956731935 0.489425681154 1.0 0.264741957097
0.501562807865 0.563967014778 1.0 0.399927025514
0.430413269363 0.403400053295 1.0 0.386418060877
0.693937766725 0.236655014795 1.0 0.233045027669
0.380396521178 0.583263977176 1.0 0.316798028602
0.440246198861 0.263389464553 1.0 0.256575528032
0.832338793969 0.452935257374 1.0 0.322086728962
0.740853502609 0.597553149146 1.0 0.0937244137
0.684683206955 0.258507328223 1.0 0.442454195082
0.702632154984 0.781765585072 1.0 0.231034837538
0.558829793735 0.332627683009 1.0 0.335005703538
0.423935726341 0.553880059963 1.0 0.138010475592
0.556726946763 0.501010099666 1.0 0.275104099327
0.468760504931 0.398001709087 1.0 0.171217642625
0.387108917755 0.716327405431 1.0 0.197104042752
0.637365447505 0.624664559309 1.0 0.437982531186
0.481427002804 0.256133973235 1.0 0.300258047517
0.712779972702 0.699129016836 1.0 0.451864094025
0.373840557134 0.681534690914 1.0 0.44578103594
0.621766630999 0.492192548542 1.0 0.0395571217523
0.282723203119 0.492818854252 1.0 0.127422857843
0.54570253078 0.700787956341 1.0 0.0833492132235
0.83020168702 0.660341482134 1.0 0.147304140464
0.710817104144 0.195376198705 1.0 0.229932744859
0.579063007291 0.354776109087 1.0 0.354626216256
0.0178446305699 0.720256351799 1.0 0.301912647429
0.645932389061 0.556213557331 1.0 0.0733637108733
0.331468329853 0.49079157252 1.0 0.279599434833
0.270040555274 0.179612595002 1.0 0.122837878509
0.550085323024 0.324350700612 1.0 0.272201215289
0.550748992421 0.408736473985 1.0 0.50129831381
0.690075486176 0.626462803611 1.0 0.414053312103
0.154756628556 0.313356550816 1.0 0.31731009948
0.634004419076 0.708233984552 1.0 0.378838126297
0.671571099741 0.371017914572 1.0 0.281619223071
0.746015141453 0.746317435632 1.0 0.0958406656332
0.428938058199 0.7994273304 1.0 0.240218677721
0.681846902635 0.69285432147 1.0 0.0934790930279
0.224039404317 0.294082004791 1.0 0.240578454061
0.553505384595 0.68034016341 1.0 0.335192879028
0.742418375006 0.385575414037 1.0 0.289400503272
0.815402744839 0.803398975815 1.0 0.134896533016
0.496927045628 0.385743811423 1.0 0.0387131987101
0.337332938275 0.25316989931 1.0 0.408212797841
0.658678555235 0.828289661826 1.0 0.0971843128897
0.465080183895 0.423776282142 1.0 0.10776896387
0.239042986462 0.592016969432 1.0 0.335041933151
0.467353541686 0.786794132012 1.0 0.308904390608
0.644457083678 0.706733393734 1.0 0.166480831433
0.819270944897 0.387704082116 1.0 0.205863490939
0.29875333478 0.33774092259 1.0 0.27085806255
0.310535342696 0.603743685784 1.0 0.258554788244
0.448995611155 0.754353218655 1.0 0.166993231597
0.548962458959 0.689521316294 1.0 0.198450006455
0.472808166124 0.362141330393 1.0 0.375926519633
0.679645185457 0.500098054354 1.0 0.305274451556
0.516769896176 0.614792977634 1.0 0.108966385153
0.457142010106 0.616393294887 1.0 0.317728270934
0.399302409953 0.266834579394 1.0 0.385907954657
0.262024631721 0.328452620908 1.0 0.198133799814
0.6432036323 0.730671416468 1.0 0.221014885091
0.748081720085 0.373272110472 1.0 0.159684198061
0.683413889981 0.47865191747 1.0 0.232135861834
0.322984798418 0.542478880485 1.0 0.382318610264
0.543095948542 0.673054731584 1.0 0.102889280535
0.704055597922 0.474597057631 1.0 0.216022356305
0.507473690115 0.250903101313 1.0 0.358033862071
0.333837956908 0.859646701043 1.0 0.246987661329
0.518319136422 0.688303812065 1.0 0.114137216551
0.325919558503 0.42705593342 1.0 0.139870502743
0.819643408013 0.213131400371 1.0 0.193881482912
0.49314485406 0.346751301337 1.0 0.288764066635
0.341735545123 0.856295756245 1.0 0.42280187864
0.245748112225 0.528745466353 1.0 0.38047611586
0.271973203745 0.735983411585 1.0 0.151329001941
0.642512555606 0.507249000368 1.0 0.291838213604
0.226986901034 0.289647460249 1.0 0.307540512959
0.585120648455 0.678708707499 1.0 0.0967821405706
0.682365658863 0.831840485814 1.0 0.216163313497
0.329327507788 0.626088327113 1.0 0.309533908019
0.346743661509 0.5862593003 1.0 0.354934177287
0.641692486501 0.729297399181 1.0 0.189608367148
0.770935292228 0.636264822105 1.0 0.331942190777
0.652731891731 0.790660096299 1.0 0.141176157225
0.227687907044 0.664764735791 1.0 0.231091753638
0.376895644378 0.608764965734 1.0 0.077660022638
0.479791716189 0.303726507748 1.0 0.23095542603
0.281338384165 0.628839585317 1.0 0.108035266237
0.89423917666 0.270771101521 1.0 0.463425067355
0.602100123626 0.316465297092 1.0 0.579060108839
0.662025430013 0.473459609323 1.0 0.170406006011
0.613321961441 0.257630760688 1.0 0.386757636835
0.653122796515 0.564897369707 1.0 0.38209948807
0.611889500345 0.24908471994 1.0 0.300328553752
0.620611446052 0.341299150444 1.0 0.258956054554
0.185204259287 0.594645809764 1.0 0.181327085439
0.627536145581 0.483363875506 1.0 0.126391495634
0.339504325271 0.439096790178 1.0 0.156652645334
0.341689038344 0.544929444681 1.0 0.240978934696
0.218520176606 0.585485027556 1.0 0.175514831081
0.671013134221 0.719514067812 1.0 0.303987056759
0.559286317558 0.430046809382 1.0 0.0190956130799
0.124837330082 0.485618663108 1.0 0.185776941503
0.539222031669 0.237730774251 1.0 0.294088306515
0.25931806802 0.685772996149 1.0 0.291352503176
0.117309300864 0.520403936446 1.0 0.159972626125
0.463414650314 0.78717819123 1.0 0.386747032418
0.614831417387 0.190885708527 1.0 0.381797899812
0.152580378112 0.586576883027 1.0 0.266940434889
0.410676060763 0.365592212399 1.0 0.265899498098
0.25951463762 0.675270151236 1.0 0.446142944263
0.657553306212 0.421860032989 1.0 0.189866541933
0.318626787662 0.509768849491 1.0 0.0882454853425
0.253323279425 0.225482394826 1.0 0.319259955488
0.529119171644 0.320137353226 1.0 0.188036364002
0.811700832015 0.464819148018 1.0 0.0548397103683
0.337260036528 0.259831462091 1.0 0.168126468988
0.68987833868 0.771115251446 1.0 0.344519788588
0.757669740765 0.32489098192 1.0 0.329766660712
0.286412657734 0.171160835905 1.0 0.18495675222
0.297702191578 0.308262653087 1.0 0.17179131988
0.506855258091 0.283948068685 1.0 0.480368454115
0.481032736394 0.625492093125 1.0 0.197631918018
0.563241126022 0.502293163719 1.0 0.498943830457
0.177458764528 0.365871255626 1.0 0.117484607027
0.465735035405 0.293126546745 1.0 0.0607802649376
0.506843469643 0.557772901304 1.0 0.347464686457
0.750924090509 0.683722270679 1.0 0.289438402877
0.42716434327 0.390931101287 1.0 0.216684526538
0.269214964973 0.119644601124 1.0 0.418831750838
0.118642659965 0.695441759958 1.0 0.194326137102
0.658384424124 0.264085209727 1.0 0.0306366053624
0.687404581265 0.585577243317 1.0 0.0414529811869
0.530586786745 0.624414669395 1.0 0.390961951253
0.315933626077 0.824953885971 1.0 0.280580853987
0.739084406509 0.746461766408 1.0 0.45029195564
0.469560597033 0.615148514352 1.0 0.178514713728
0.720889183047 0.567023674679 1.0 0.129897613994
0.435002555018 0.249021871937 1.0 0.166311298203
0.399467625048 0.53174885917 1.0 0.337192859478
0.458231634264 0.736681689015 1.0 0.288364955213
0.287798726633 0.39277114525 1.0 0.248512891341
0.739429157254 0.643638798234 1.0 0.21486702525
0.369607354319 0.723579633135 1.0 0.40569540799
0.788700197233 0.488753138733 1.0 0.0664803894034
0.360830474472 0.221932596779 1.0 0.133363811656
0.694842652236 0.19892780621 1.0 0.218829065551
0.472029111504 0.676595242062 1.0 0.289383743413
0.709421984517 0.684242687153 1.0 0.0274222978351
0.290213616399 0.209676910497 1.0 0.213441958975
0.144938209701 0.407703818313 1.0 0.230484665431
0.16776447973 0.651957915795 1.0 0.183073679272
0.688780204299 0.561354598886 1.0 0.321155826856
0.344263744982 0.41070731542 1.0 0.0824645916534
0.204516451107 0.232449516969 1.0 0.166144765968
0.577566324481 0.222531552083 1.0 0.375123793821
0.410378050312 0.409674977306 1.0 0.0232197456342
0.668146678205 0.382532067574 1.0 0.224082797507
0.329135204184 0.670261542276 1.0 0.215688334251
0.147630165439 0.496746462682 1.0 0.283723905245
0.781843975505 0.519520552817 1.0 0.237849325843
0.464608652709 0.565945856695 1.0 0.178384506638
0.574821388663 0.455489321669 1.0 0.561283473231
0.72426179569 0.453046181445 1.0 0.0816596106247
0.793345602717 0.524316405436 1.0 0.129111337053
0.460388881307 0.684226834089 1.0 0.273724643489
0.394841460628 0.358990841926 1.0 0.266113671849
0.502445127705 0.640404912785 1.0 0.372085859505
0.118183466502 0.120372310292 1.0 0.17138895899
0.428777234054 0.186651645689 1.0 0.301756835957
0.352915820207 0.213124088941 1.0 0.209205088216
0.326871542129 0.496455159376 1.0 0.287677740392
0.610269471865 0.486780567212 1.0 0.217949897138
0.544653002262 0.609097075075 1.0 0.400671423838
0.619818676117 0.557274001856 1.0 0.340398675164
0.342046170675 0.306513907404 1.0 0.338261174229
0.864513712144 0.488019382158 1.0 0.224163182057
0.686448878002 0.389234970781 1.0 0.417051977355
0.670101855019 0.896646753956 1.0 0.237249886702
0.239862928694 0.659562065628 1.0 0.368249174344
0.567655448783 0.600794660409 1.0 0.310127855759
0.458329078435 0.267704700327 1.0 0.290946832763
0.720525683576 0.49630076276 1.0 0.482809830206
0.356671441099 0.674516322797 1.0 0.400655351798
0.393689991199 0.902655492799 1.0 0.272053625413
0.204184366705 0.470305752905 1.0 0.40311396935
0.432875677163 0.564277682642 1.0 0.230798888446
0.226999286229 0.288852481205 1.0 0.182989494895
0.377433920347 0.177925326308 1.0 0.252813851879
0.797373767914 0.576775426437 1.0 0.387432487706
0.529657223242 0.228155221544 1.0 0.197160559638
0.246682500328 0.867576330367 1.0 0.139309225095
0.153803656392 0.256938352311 1.0 0.351380589591
0.697937219423 0.304072365579 1.0 0.348393139003
0.801569227367 0.806665845496 1.0 0.236866400993
0.691857174943 0.384454531017 1.0 0.256771359424
0.733585392098 0.48762684206 1.0 0.286135622433
