0.500803349041 0.531872310281 0.997498668095 0.335447198215
0.172118998961 0.345009511734 0.916802786196 0.135034429264
0.142321185581 0.396908795303 0.860475129262 0.262849470988
0.27437128884 0.724327856802 0.985528073225 0.161535166047
0.339584840403 0.750991724298 0.931604078379 0.172375365085
0.337163177222 0.251071538463 0.567801273499 0.287567184198
-1.0 -1.0 -1.0 -1.0
-1.0 -1.0 -1.0 -1.0
0.712092446903 0.767103431259 0.967007253295 0.315562140498
0.247929248829 0.834838324394 0.908207310628 0.282402139844
0.683786951044 0.521763094672 0.927520150336 0.259784089297
0.741404294509 0.028479254736 0.990822128374 0.0749736726407
0.28210912692 0.523238777769 0.983577973735 0.244599718747
0.811125526149 0.62477346385 0.98307857616 0.151448095366
0.330238989197 0.495285128276 0.984909612836 0.228815538171
0.612638340731 0.535589619318 0.708352398483 0.250953002446
0.73237431201 0.513243895127 0.790097735425 0.141174725093
0.610242483761 0.163083862861 0.954218839937 0.143865631813
0.350934163722 0.661678955746 0.873276297861 0.291391352901
0.5120373694 0.0859851027424 0.586708646545 0.308792945101
-1.0 -1.0 -1.0 -1.0
0.734642584013 0.256094690605 0.849670964824 0.349409626185
0.692150622173 0.800551430678 0.967788988541 0.122456743145
0.493854229741 0.204032459931 0.778900801255 0.300185070338
0.13732415872 0.430991980678 0.503003119774 0.342610135584
-1.0 -1.0 -1.0 -1.0
0.810361097892 0.315487946898 0.997178074304 0.252221769374
0.275490184246 0.256861123136 0.881084423789 0.0992119177638
0.770157594596 0.607555062836 0.932643085327 0.274959728574
0.843677012749 0.302919548732 0.974179305217 0.159272907681
0.564256375504 0.38101062283 0.564173013014 0.331675320786
0.71068135736 0.51643762321 0.918246236283 0.244930126184
0.605714050769 0.463726334616 0.758471429482 0.188804999002
0.766641463251 0.21684039956 0.546311146593 0.278524249264
0.435378089918 0.284630057769 0.668386560659 0.325147057694
0.244632241796 0.72562130207 0.994064641784 0.181628442611
0.603421884205 0.648139398788 0.65504633929 0.140110655861
0.351995420994 0.0509906366081 0.526367350378 0.171611425398
0.316664734122 0.6798153583 0.701414912428 0.141179129728
0.766312653353 0.754275874539 0.908318854256 0.232496493055
0.259067379506 0.207794886472 0.864936023984 0.148367475777
0.692895130681 0.386410180796 0.992996698659 0.224384570685
0.301396958633 0.836049384802 0.707571358229 0.18773554292
0.90598433214 0.602775703116 0.817773937136 0.174201436512
0.505229180256 0.653632541579 0.687301362179 0.204928499762
0.849289058558 0.717294134664 0.694935235767 0.251480536272
0.800937052994 0.213113963854 0.880014615141 0.153948546059
0.89520860239 0.71632712658 0.881942559827 0.191424591003
0.216562116025 0.55743254869 0.939806066865 0.238113739577
0.373950391576 0.306619316161 0.555883950547 0.143252435234
-1.0 -1.0 -1.0 -1.0
0.264930064104 0.391597251489 0.973364139548 0.0681352583984
0.743341526987 0.510305348073 0.90915391748 0.228341548223
0.514213807594 0.433777838209 0.554187071032 0.179115668101
0.240944105734 0.457471165915 0.858132538499 0.258550338284
0.737848645227 0.574333057212 0.972652451706 0.23259435886
0.236570033082 0.821122911351 0.67667562978 0.15297284581
0.54080361645 0.627641642389 0.58907323187 0.339518246483
0.208552984133 0.304899138117 0.589221168124 0.364888956826
0.729197232128 0.487424662502 0.815160750894 0.267296380874
0.742666228799 0.442921431019 0.624769691341 0.263121667843
0.672535116607 0.652761616501 0.822823679354 0.330222605989
0.75219368174 0.605092548438 0.789263553407 0.208312072649
0.30635455802 0.795753904157 0.999779287755 0.253408854643
0.399663481985 0.533530110898 0.992346411771 0.322354074051
0.684331322084 0.669612576702 0.823380339999 0.340769133796
0.606123360533 0.242237839063 0.916630630732 0.214350026819
0.283345089152 0.424458111056 0.973364076381 0.064114288702
0.840228871352 0.696864525992 0.566260139918 0.243620106554
0.699414237518 0.548890424775 0.992136298723 0.106622202829
0.184344373907 0.311008058019 0.857946622695 0.174803982748
0.848501182438 0.479292401041 0.759442790929 0.282543489513
0.395650480145 0.859818965405 0.526355464895 0.385499401978
0.791473010016 0.297135106686 0.971395369238 0.293295535096
0.73454409938 0.207480803299 0.925168874444 0.167516285114
0.725632324482 0.733121345713 0.950116177877 0.191749193216
0.651667795697 0.659644570884 0.64807939215 0.24705622004
0.2669232025 0.763889041008 0.691839276189 0.328792063852
0.680629357081 0.280343414406 0.593157277699 0.358712634148
0.268911697248 0.576960584414 0.950494342449 0.141657159708
0.222799135139 0.231056227102 0.756055921126 0.242055282946
0.867613118868 0.549951964232 0.533170044815 0.236852966757
-1.0 -1.0 -1.0 -1.0
0.428745885072 0.486790252632 0.900775546003 0.114549548572
0.137206238998 0.281521017 0.712937710138 0.187895835949
0.638095199239 0.61085463772 0.997812760858 0.178864511663
0.209783952447 0.381772523256 0.580741765675 0.238466509485
0.559087575961 0.664712616705 0.923326883981 0.310253980926
0.891601116473 0.508632906296 0.978577573611 0.269381933372
-1.0 -1.0 -1.0 -1.0
0.348785060124 0.829788560837 0.731049755938 0.170225611151
0.446076404859 0.471780397206 0.997822925776 0.14760851901
0.715468478217 0.241817449047 0.995676513596 0.214714612047
0.760618182334 0.160036177669 0.817572245347 0.164233114026
0.739487013743 0.725318956339 0.67443408587 0.189634289597
0.450506490804 0.411137543537 0.99938450599 0.253411944803
0.749559528037 0.0978698921615 0.819458541799 0.190586241321
0.638114884537 0.659963068172 0.718409264735 0.366445164447
0.299031115364 0.414725781131 0.976406174697 0.183250309875
0.11145836631 0.779936595747 0.94718004862 0.112846673286
0.597691679273 0.70246362443 0.994514677521 0.21044796847
0.448904615378 0.586586157863 0.998376569992 0.111514524019
0.754012354657 0.877709624464 0.622683865473 0.309402869059
0.916448697382 0.331672624648 0.764832957961 0.117916784492
0.695129451842 0.289973710615 0.623871365676 0.24698518634
0.208032510889 0.235150326366 0.988690153108 0.253299317205
0.824424186113 0.109799977409 0.581313048016 0.088372771872
0.0614847804213 0.195828047878 0.78648475943 0.163724696575
0.112925655092 0.240181462679 0.744651391746 0.240524602171
0.212011158822 0.66170260015 0.87798203208 0.194664396934
0.720137987504 0.379719786709 0.992533980593 0.231399527237
0.101210524335 0.312889225808 0.733798274864 0.220475292844
0.693502429729 0.754131561376 0.536667881448 0.210723024943
0.852081173943 0.329140747643 0.5432645982 0.352934141573
0.359054007072 0.300294557612 0.535778233669 0.211105152518
0.675606651321 0.161286395273 0.718613033249 0.334051607681
0.601517514702 0.413654726794 0.757671037129 0.339003350871
0.766811587183 0.62321088343 0.967757500385 0.338194176864
0.772835318817 0.303426086985 0.876025702661 0.269499892767
0.72900414924 0.373190355315 0.696922389688 0.250506179916
0.276274777725 0.283197176667 0.865855457917 0.263102168535
0.672879286931 0.803413504743 0.564871362076 0.32180700352
0.426294808444 0.789178606475 0.764510398322 0.207412713448
0.583448074143 0.509365618569 0.929397885589 0.239200705405
0.181422739399 0.338815448311 0.69740202609 0.172880668502
0.152303232236 0.0571559156451 0.85848285017 0.173778973569
0.635983917157 0.453426787017 0.988095756076 0.107125969388
0.229695691634 0.839870316986 0.649707977376 0.247304960415
0.445005271023 0.782598401973 0.781608900667 0.184405792484
0.540903848875 0.432414067722 0.992492605984 0.368318393543
0.529880862924 0.581434048652 0.61384954861 0.222025801716
0.391040801694 0.634717151656 0.995489061575 0.108783316898
0.552289851263 0.336074721048 0.966775558937 0.211318235714
0.218744673461 0.628463538295 0.997124472314 0.0991814467854
0.617050344262 0.571130759186 0.751982557861 0.13828558926
0.712424648879 0.396461404165 0.871326464422 0.256379246348
-1.0 -1.0 -1.0 -1.0
0.562233051161 0.696803885917 0.860830605357 0.341693456062
0.266912734367 0.297090833662 0.555950213581 0.259122101013
0.619565722961 0.652157433784 0.998550506613 0.281601321098
0.335196154779 0.728671636979 0.617148698057 0.280362191116
0.095630965841 0.205511674712 0.846565588349 0.192124798029
0.549662552308 0.613530004409 0.505958346794 0.187393371758
0.14720331015 0.535101827334 0.933124421046 0.31440160624
0.788567467636 0.183469312459 0.985570436217 0.0853158208096
0.81424802043 0.277279416043 0.56738550761 0.221077763738
0.680781258127 0.691409176588 0.992697435336 0.213024040586
0.707836913749 0.519010886177 0.810576168418 0.261632154955
0.209439907684 0.34602268029 0.805559268606 0.186910421282
0.421931011363 0.450616577279 0.994439031688 0.204296164202
0.204861101067 0.466799313478 0.992635665037 0.257154501372
0.597632862649 0.469160507073 0.975820572308 0.318973645093
0.710928644163 0.272998240237 0.939828519202 0.214588791841
0.568082982927 0.730823804491 0.968285720358 0.177708055617
0.492158063305 0.374979153217 0.993685344357 0.274569839118
0.620810983014 0.132520284367 0.734502720147 0.296090548732
0.765034650411 0.647024440457 0.591713072575 0.281945811298
0.535823531014 0.256542132267 0.593486181693 0.13855503702
0.668350552992 0.749639016904 0.609785723939 0.246716736019
0.0987968642238 0.387900692486 0.743337990894 0.195732745821
0.225031775503 0.473819197838 0.905741446494 0.224498138956
0.0928282026879 0.149888462477 0.826219806445 0.125940316634
0.260254052236 0.864706022387 0.841982878576 0.288394172501
0.563715461193 0.289751384433 0.89194068382 0.252781657518
0.669515593575 0.252232778958 0.989750457778 0.084519227364
0.543884306984 0.554684515178 0.719636055854 0.144624057586
0.331029574181 0.798607005381 0.980825951195 0.167976802455
0.599473432232 0.165725798337 0.557047246589 0.309418284253
0.666685364687 0.525707622428 0.948948502236 0.121578232572
0.140092573126 0.394983384247 0.85929023382 0.179134709918
0.220284783349 0.581004051473 0.782162834915 0.278752930614
0.198454189443 0.625493999401 0.815421341634 0.14223693253
0.675033692055 0.30860129124 0.678738158464 0.233315095902
0.371461751639 0.505717991389 0.956637086433 0.245563143363
0.403522991828 0.651141759622 0.993070329737 0.320133521623
0.857782458178 0.516912828077 0.748533489646 0.230542646611
0.354761036959 0.795725762664 0.805332301178 0.306453785614
0.599040170329 0.213780504539 0.967780723891 0.137331606386
0.471823782124 0.516906974915 0.798482310092 0.131784476745
0.50845309265 0.421360871504 0.979049901909 0.308540370304
0.257502349771 0.399687352912 0.896848644174 0.335388644683
0.645116617954 0.713151343445 0.773072847993 0.199377362854
0.135365664821 0.745031962485 0.994361736388 0.137059601922
0.925944198198 0.239839740447 0.924616263196 0.206798862708
0.954892597642 0.682371867423 0.714578337209 0.235569545406
0.355297125717 0.636239899722 0.948503986621 0.250063097851
0.839936279834 0.566703370844 0.529272122846 0.362069900149
0.178845065229 0.0926514068484 0.943389414252 0.096554966778
0.760158206117 0.528725628728 0.972617535385 0.247075455287
0.449593776286 0.699471257975 0.614302199587 0.152984189393
0.667055312913 0.333185607038 0.643921047818 0.222924595165
0.798934563428 0.688554231134 0.608291172985 0.235702054918
0.450384304562 0.304588423239 0.684201870822 0.310621919955
0.57556911974 0.241511461934 0.816358329709 0.307080534943
0.358250492282 0.170734013699 0.993625405303 0.138476810967
0.633153046334 0.637432509335 0.956988020042 0.254302174384
0.56305559775 0.323322556904 0.793202882199 0.207427439358
0.730214187957 0.585810601966 0.876294864156 0.346805921269
0.322726405342 0.338516807245 0.9721820553 0.23426785261
0.580473172881 0.401518331012 0.567652710943 0.167833483523
