0.219947677966 0.481485630157 0.883337604284 0.210001067765
0.563523237828 0.362707314727 0.614896700739 0.300666192829
0.287370243613 0.70265762468 0.976846825237 0.149829471327
0.847761051833 0.747096511838 0.999639531646 0.15578309131
-1.0 -1.0 -1.0 -1.0
-1.0 -1.0 -1.0 -1.0
0.735696350274 0.49451088789 0.679021782032 0.258225561276
0.21274183745 0.596740904986 0.943927762582 0.18381114526
0.898944540709 0.130520554033 0.793083690918 0.253950849073
0.236893767712 0.713731900871 0.671135275077 0.183521168514
0.0620876703512 0.428554567189 0.996652528026 0.227954545128
-1.0 -1.0 -1.0 -1.0
0.439450329148 0.247226099812 0.99674187359 0.107278453686
0.727916733372 0.400182464518 0.706199532581 0.332017627306
0.587798504818 0.617237257911 0.68080282153 0.174483135296
0.184376241605 0.6896467844 0.86951227665 0.228525367513
0.85826317801 0.283195382215 0.577748147696 0.209259931782
0.751675130578 0.407400601314 0.850251157344 0.137851074733
0.278426373257 0.6819359849 0.514229512179 0.305078483729
0.317138856413 0.799712724612 0.561871684833 0.330583589697
0.542361583242 0.146262573632 0.916920436683 0.240625195553
0.680131051166 0.236227027527 0.986495099477 0.171175219285
0.71186280334 0.885701176197 0.789114929296 0.218270390536
0.625850033692 0.711806637201 0.738610561168 0.254149546517
0.171653132672 0.792697719768 0.998964455835 0.0669427808134
0.867255315789 0.181133256858 0.985499901544 0.182910505906
-1.0 -1.0 -1.0 -1.0
0.881750164889 0.703066624683 0.997968648137 0.093071035342
0.50444199017 0.339234264427 0.828868326333 0.276979981399
0.466405391192 0.105091366902 0.748812479611 0.252933558166
0.758951281563 0.700597245898 0.824131126882 0.0836532562554
0.141006604171 0.420335796734 0.921895569585 0.320605842905
0.540870432416 0.0359296378428 0.888384015983 0.223418518061
-1.0 -1.0 -1.0 -1.0
0.362625041162 0.717252251788 0.894962889919 0.199600491073
0.602273896594 0.382863593293 0.817444001667 0.24609457462
0.291043185038 0.555633049038 0.997376301403 0.156044142177
0.271196759483 0.249929728966 0.85558382108 0.145320899487
0.724359302646 0.438095270316 0.998025105223 0.229653054689
0.145869614196 0.673256573278 0.714836539794 0.175397131386
0.704415205134 0.374288153176 0.960388464204 0.174600158043
0.150417149534 0.75300021009 0.936596158359 0.131585393451
0.268658759686 0.349073450279 0.957878681883 0.212635045945
0.553925655614 0.174695456315 0.581722301387 0.330033616704
0.427258081891 0.0897601369849 0.930281468173 0.188790088263
0.722371982935 0.7214648135 0.972007891375 0.340483200187
0.434513019669 0.59014084259 0.733551116663 0.173148674593
0.490510954574 0.327781888761 0.546279266474 0.204396183637
0.248921230102 0.712131572977 0.852061428705 0.240056848125
0.210045962876 0.359290254904 0.721945607543 0.205322431858
0.15049372836 0.120693851872 0.982347315912 0.109799676516
-1.0 -1.0 -1.0 -1.0
0.558282902908 0.280519966373 0.799091492484 0.271213404254
0.692448468868 0.76902923818 0.915412058301 0.160239622473
0.768850787593 0.724212246299 0.761985549565 0.168028252147
0.811634510766 0.528237838738 0.74723684269 0.123425449053
0.329962819348 0.635165331989 0.994613957157 0.279640347864
0.649268036114 0.712664819979 0.999998194658 0.254887450549
0.628220069963 0.697978103447 0.712301343354 0.275718774685
0.75637547715 0.725588876004 0.890546220238 0.156195248972
0.616376816554 0.1649628607 0.509909591692 0.346955089707
0.199933066342 0.299484940773 0.918396534657 0.254499589624
0.117683947303 0.344709762852 0.956293935526 0.183780640213
0.338311703131 0.158705329333 0.983872808834 0.106881018273
0.782566132223 0.897953401185 0.933587813289 0.111741542907
0.683358666058 0.8218602133 0.998268179443 0.120027844622
0.260077570072 0.311669726154 0.673424132907 0.248791020577
0.767615348152 0.600588459791 0.705522622369 0.227959400054
0.843999689589 0.585468131821 0.92551722375 0.123981965268
0.612898884537 0.256282806746 0.997384639816 0.127365060538
0.676982940086 0.295567568075 0.649470036613 0.281651827852
0.443484308946 0.664185523533 0.953519460052 0.142137493526
0.222710845951 0.361942071794 0.89999925012 0.332085739326
0.282862497521 0.213264627819 0.646468646439 0.299977335587
0.316264893769 0.302580497364 0.811126168937 0.19819528244
-1.0 -1.0 -1.0 -1.0
0.908255772463 0.378897681158 0.959634951195 0.0597630406005
0.850753143044 0.726989989717 0.921983312322 0.207508635987
0.581661673907 0.505598634002 0.996700081632 0.101389690763
0.243391725229 0.213103356841 0.932034218066 0.270143909306
-1.0 -1.0 -1.0 -1.0
0.55874997271 0.671158543029 0.946078167023 0.220390743779
-1.0 -1.0 -1.0 -1.0
0.586137015059 0.846892607732 0.948187291059 0.139989555032
0.74463189023 0.441140975713 0.998467633963 0.220880995419
0.28218780234 0.659044962382 0.760230870652 0.218167599735
-1.0 -1.0 -1.0 -1.0
0.461386554296 0.491929340825 0.92201541654 0.355227153974
-1.0 -1.0 -1.0 -1.0
0.743407248411 0.24145240698 0.849863838289 0.192997381904
0.495108285626 0.721538267077 0.903744133711 0.275746102889
0.465000861302 0.0740512551434 0.5778021912 0.263372373733
0.58021453991 0.782842892265 0.96903141337 0.146402670883
0.359648013222 0.5882185852 0.983688826592 0.228776056582
0.425615465636 0.785065701661 0.578064339337 0.266857293174
0.569887014667 0.687676657881 0.931924793887 0.222263042783
-1.0 -1.0 -1.0 -1.0
0.477691539177 0.19941878853 0.94987385543 0.198032273583
0.663766841132 0.59636074464 0.962272221904 0.184791285223
0.392773331533 0.237738777467 0.877004040057 0.297612080198
0.550341305752 0.268558214507 0.510966035934 0.285435859315
0.712588651288 0.365575245681 0.911151388525 0.205293601472
0.454346332025 0.468445732946 0.908099598762 0.32516631212
0.801963955671 0.478613859072 0.872657812045 0.284514753625
0.707382996797 0.723249110875 0.929520827575 0.16999433506
0.769590005511 0.267225857132 0.971047693799 0.216803418399
0.339159987235 0.731699213241 0.885557060837 0.218417409599
0.384762197413 0.736942216227 0.672877309766 0.272010096645
0.30633771044 0.869534671303 0.551797897186 0.205729771898
0.580201819278 0.307362851508 0.59334991851 0.209249327546
0.389617748398 0.385398920053 0.865029130379 0.174091791973
0.554610274086 0.838438043976 0.954620828608 0.112915401853
0.199332673602 0.774350407227 0.847436634167 0.285117472582
0.225356199938 0.752584888527 0.720410249768 0.182971269265
0.759486205371 0.231572424899 0.561324655882 0.260459277663
0.633110901912 0.610692321467 0.946771725323 0.325083855216
0.658445169864 0.354992428041 0.657504026643 0.243594092315
0.578736040221 0.532799719983 0.779486311986 0.298972494124
0.654583950172 0.606950914707 0.735543010066 0.266994247046
0.755799003937 0.323614677633 0.896374849347 0.206421765816
-1.0 -1.0 -1.0 -1.0
0.669102849679 0.281801339997 0.944274098161 0.282002550507
0.470554804637 0.437948985313 0.758687709303 0.120962590554
0.29193047607 0.663188520358 0.928574009464 0.196149392007
0.909721056607 0.594656362099 0.68586336775 0.216679760741
0.747072133172 0.708298206266 0.831472919139 0.092983040696
0.399659987641 0.504150070052 0.858804432855 0.27826736256
0.543980573954 0.68109950488 0.997894627498 0.227150922554
0.718573490951 0.637769206246 0.955891335525 0.245559707128
0.358380965756 0.691591541165 0.89685550068 0.268562502552
0.533706192263 0.800897801614 0.758073244984 0.208223276718
0.529317050048 0.298570232021 0.992265101614 0.225868662116
0.810300686294 0.231312885134 0.76858185618 0.125971591201
0.740642453969 0.331494390581 0.943964980695 0.353460442263
-1.0 -1.0 -1.0 -1.0
0.435769777079 0.42324314524 0.895026826215 0.191092898708
0.35305202417 0.36696825762 0.879980079853 0.260832915699
0.645422546591 0.278186672005 0.896761791282 0.197607412896
0.604843495588 0.2185068017 0.858474849654 0.238953374268
0.429102232745 0.617668164218 0.92530126224 0.176386172877
0.266429210486 0.302698248316 0.520721471699 0.359813358174
-1.0 -1.0 -1.0 -1.0
0.827626228763 0.28290156695 0.979695933863 0.0485371441231
0.510903094579 0.561504221462 0.991882632744 0.296692731192
0.233555222524 0.640004097056 0.955316810519 0.139916996994
0.727562994011 0.527585120814 0.884903239988 0.211376038445
-1.0 -1.0 -1.0 -1.0
0.573563307631 0.508244514173 0.899276873532 0.308833084723
0.239246296934 0.814794949044 0.515571063717 0.323594002646
0.431832764115 0.558426054987 0.963583669773 0.257523045785
0.764584136499 0.412242577403 0.881556149865 0.176863688936
0.526829987259 0.668450572258 0.587297344047 0.200543028642
0.356075059553 0.451764303279 0.819804041198 0.216101046944
0.358726271608 0.283791826144 0.992751681265 0.299035119271
0.650108719998 0.887723301449 0.596412755338 0.284336414316
0.810394111813 0.445875824631 0.90005080878 0.135932151541
0.482796031234 0.746782266691 0.537842376853 0.158671376604
0.257362635102 0.857224360389 0.90856778473 0.139528801569
0.333833575549 0.435211891413 0.752778179748 0.147436956724
0.291509367662 0.783136785589 0.753723448694 0.172635732379
0.841391675753 0.276263786932 0.888887449818 0.200046318165
0.141368231472 0.439149152219 0.726487878806 0.139071380439
0.288634619884 0.566189799088 0.51869273963 0.129667855172
0.199227218141 0.7172985266 0.945094067755 0.165609360981
0.159825878624 0.877484982738 0.512050519644 0.248162969545
0.873670370252 0.254408858386 0.883071884108 0.278422744356
0.323209414413 0.512264512184 0.631913982771 0.309710445656
0.753245509128 0.491552612471 0.77575267126 0.336759377559
0.917877452783 0.609566783283 0.522594533259 0.259081235575
0.111314752449 0.795651807867 0.878553288466 0.136198277355
0.120590670737 0.539780959012 0.634108012818 0.287750068499
0.468204079101 0.741604835768 0.965140660478 0.130617802889
0.60902510774 0.0869359711794 0.589559793589 0.145098468976
0.572674755009 0.194372461322 0.654933567098 0.244199146248
0.620463795525 0.722519295641 0.990937750664 0.158815754843
0.565634421306 0.665524639441 0.888649945261 0.161850947436
0.299703281828 0.663319742195 0.718556985799 0.191292034537
0.174849413727 0.912391437138 0.662683007947 0.299384683915
0.692252433678 0.80980737198 0.951704179031 0.315228684782
0.528012122572 0.889920665446 0.880480138765 0.354271022498
0.427430348352 0.271253518025 0.70016385076 0.169715173955
0.68833004629 0.745900735539 0.745078825111 0.251365720928
0.64617026216 0.251022714157 0.549014746341 0.255937635609
-1.0 -1.0 -1.0 -1.0
-1.0 -1.0 -1.0 -1.0
0.744146231695 0.348596673761 0.958408790838 0.283069111983
0.504869662746 0.858560453404 0.94020728268 0.247551615743
0.528738869639 0.0367628070868 0.69507305562 0.167635903842
0.76522486891 0.41270227031 0.682564935875 0.257949799464
0.301508305755 0.277906455943 0.731566968282 0.168584884595
0.211383263383 0.598197308217 0.907722655861 0.140962353418
-1.0 -1.0 -1.0 -1.0
0.647392822965 0.587292027086 0.679885855476 0.350015313613
0.709191547327 0.413703503619 0.834441862435 0.302884762078
0.3423580158 0.50797617467 0.899444690546 0.172048406947
0.79698437454 0.564868346508 0.774345914491 0.142341933509
0.398786020717 0.571581387123 0.848415916222 0.233831600328
0.360502210935 0.838956135457 0.718162381002 0.188400401675
0.643692817245 0.659274244876 0.818490655742 0.199714751505
0.556823522189 0.187580264649 0.857508229436 0.213561497553
