0.362833903422 0.540892971779 1.0 0.398210568583
0.751422237039 0.671684440814 1.0 0.278457758105
0.300082090954 0.242975788371 1.0 0.418561638097
0.496552454869 0.720162953567 1.0 0.265473568054
0.255157191068 0.42285001537 1.0 0.335740501987
0.387021691625 0.595160956554 1.0 0.243746248035
0.318439832895 0.45934351917 1.0 0.149497927276
0.607510532329 0.804261449238 1.0 0.35370594384
0.433530808519 0.609645436736 1.0 0.240204382317
0.283373666228 0.243295717997 1.0 0.229231239318
0.569939498348 0.213428591921 1.0 0.37286133638
0.778911561033 0.435692974215 1.0 0.329602217659
0.705239120525 0.368350087866 1.0 0.227220243555
0.335117216939 0.373695913607 1.0 0.228446290321
0.638939641434 0.389418053513 1.0 0.376240366156
0.465237865114 0.727021914166 1.0 0.201906575739
0.726272536415 0.200078488022 1.0 0.17778998802
0.757578469669 0.543675528257 1.0 0.261894648324
0.504510149613 0.4652443018 1.0 0.108044588366
0.558008190317 0.731513952873 1.0 0.234971069487
0.403351571598 0.477813277777 1.0 0.340136708528
0.641198329092 0.646937707378 1.0 0.283636890383
0.341527001872 0.80552879791 1.0 0.354244171841
0.603508317255 0.630485830344 1.0 0.084970111225
0.651280800317 0.430092441488 1.0 0.172563685835
0.663342769714 0.501915779298 1.0 0.159136537897
0.722129225163 0.240204510833 1.0 0.25117180539
0.272419762519 0.414911043454 1.0 0.304055993693
0.477180410572 0.632857622544 1.0 0.300327065125
0.679837821423 0.482270090467 1.0 0.309460948409
0.462829161986 0.174531771861 1.0 0.288116412733
0.25474987203 0.617757412347 1.0 0.381823507065
0.271493066496 0.456082183406 1.0 0.456594453399
0.475147718875 0.665508463182 1.0 0.349920151392
0.351989455177 0.676353071148 1.0 0.289107231461
0.726453155779 0.430296129195 1.0 0.369329340323
0.693623931539 0.390686101934 1.0 0.271610888003
0.364683295376 0.476774917439 1.0 0.192192026699
0.419322411593 0.550127881021 1.0 0.267565957064
0.32837829762 0.373421566109 1.0 0.140348605131
0.247058833175 0.475663886728 1.0 0.273149569594
0.381671971852 0.692499428213 1.0 0.207817930943
0.430505605788 0.424660521889 1.0 0.280646586224
0.793893137585 0.460406307758 1.0 0.228192124683
0.549328190324 0.234687035658 1.0 0.280811182119
0.790209400669 0.488020719563 1.0 0.238422402439
0.603332629075 0.440168624352 1.0 0.331914195446
0.602012267608 0.464326018721 1.0 0.314916852946
0.405352960877 0.563242036918 1.0 0.208912342318
0.533392124943 0.264775020619 1.0 0.293736484283
0.633590598785 0.323781951285 1.0 0.327389160493
0.698668558602 0.58964662547 1.0 0.320429398623
0.424532464225 0.755004839416 1.0 0.184031649091
0.627759574887 0.387126951937 1.0 0.250365491839
0.56583393145 0.27921739565 1.0 0.183686650698
0.298809961319 0.278914692334 1.0 0.330907915223
0.557402580231 0.671450899122 1.0 0.260968513702
0.195666901008 0.255511194167 1.0 0.234275212941
0.381299959193 0.269389194328 1.0 0.34172588131
0.694196060024 0.336039903737 1.0 0.408132494587
0.366877590499 0.646471511807 1.0 0.292060163287
0.743129041055 0.344571310997 1.0 0.0614067972921
0.404763042785 0.29092006809 1.0 0.146445672967
0.501674573286 0.480928152052 1.0 0.105196461866
0.345894452307 0.538974564741 1.0 0.408097335895
0.72351363593 0.39356266098 1.0 0.0575792400074
0.522619963306 0.303771722246 1.0 0.144358808016
0.494134121835 0.321254281198 1.0 0.239731381122
0.579412018393 0.178558000706 1.0 0.192506866351
0.717584362952 0.558343254381 1.0 0.316796164949
0.356761502264 0.426326791407 1.0 0.337949770011
0.612168478309 0.375232492457 1.0 0.275037471923
0.329292904477 0.230368587392 1.0 0.256463331117
0.238400167793 0.343572491768 1.0 0.252213691336
0.457436341913 0.204906557485 1.0 0.226416112229
0.519886873667 0.323560494316 1.0 0.245421560868
0.667886766999 0.646397596712 1.0 0.299739006619
0.355361469599 0.517919264212 1.0 0.273407075337
0.357313562454 0.2841188737 1.0 0.238622491769
0.332623661538 0.513822189899 1.0 0.321250409636
0.712933298999 0.536941824976 1.0 0.261158684849
0.404147246851 0.298670397688 1.0 0.238305009543
0.320755604424 0.624511086974 1.0 0.361591801868
0.678140760458 0.418387877409 1.0 0.179058467376
0.399038091698 0.704331531668 1.0 0.425324847596
0.55972226369 0.191807957958 1.0 0.122130291646
0.550046502782 0.757187421517 1.0 0.437296668431
0.592927020828 0.510123491313 1.0 0.0873133975016
0.706320767646 0.759784072669 1.0 0.268304335751
0.253508258371 0.604608250342 1.0 0.0510923864329
0.439457387824 0.908445369748 1.0 0.19034359604
0.244069850599 0.528306086853 1.0 0.389580721359
0.650194504005 0.482906383616 1.0 0.112181241596
0.338160598478 0.647097769826 1.0 0.252906172179
0.756325639583 0.263356591225 1.0 0.209956569445
0.53169575484 0.562994896677 1.0 0.206277754022
0.638343830501 0.652313902708 1.0 0.464456334972
0.424994187562 0.656419262241 1.0 0.222359802143
0.557633779923 0.86436746624 1.0 0.137887058473
0.565696502614 0.774752368422 1.0 0.168659491308
0.646278020474 0.254568239158 1.0 0.146858528882
0.342612379643 0.307265696815 1.0 0.331612814435
0.340604765255 0.408772026384 1.0 0.10701812162
0.62451074301 0.776351245429 1.0 0.207346319693
0.401519717462 0.442019538393 1.0 0.263137882868
0.434235316632 0.59259395707 1.0 0.316816120021
0.428160086757 0.656104739906 1.0 0.410429467615
0.471124014396 0.427610542766 1.0 0.352332264442
0.318863806398 0.280149905678 1.0 0.323259226078
0.164792451144 0.571061464397 1.0 0.227870469191
0.659978609678 0.261516304825 1.0 0.157667116522
0.590010862874 0.0617271940069 1.0 0.160651003494
0.475371692934 0.666965750253 1.0 0.114634927335
0.528562768607 0.339720252086 1.0 0.270003826277
0.70436367956 0.590327335241 1.0 0.165715253717
0.765859981499 0.642226524965 1.0 0.363818259673
0.542315059944 0.772712678639 1.0 0.241266401762
0.506836283871 0.665046438992 1.0 0.0414830831792
0.758702843278 0.421502426718 1.0 0.328429369998
0.371525034342 0.39548340154 1.0 0.364178742252
0.337824031248 0.622686696169 1.0 0.388381234517
0.51687857337 0.426529114686 1.0 0.460014118842
0.292929867231 0.51800901085 1.0 0.464798451416
0.306183010998 0.728247327504 1.0 0.366970793311
0.312844220271 0.453833223582 1.0 0.370201132756
0.602322090461 0.69863315198 1.0 0.202587424379
0.417797699557 0.267131734642 1.0 0.155869314516
0.496937226293 0.481006901934 1.0 0.0445439240102
0.611710421771 0.401168873575 1.0 0.190553478411
0.444407372428 0.499406424843 1.0 0.00831327862478
0.597407970766 0.450675971656 1.0 0.0473713120973
0.557442706721 0.62413923162 1.0 0.381568908008
0.367142356042 0.68182324283 1.0 0.317847216768
0.357761898573 0.483034241691 1.0 0.288631862799
0.566886536048 0.285373041887 1.0 0.341258416515
0.394288584239 0.559416451063 1.0 0.0804019780778
0.427642877733 0.299308003006 1.0 0.133603672051
0.538129380929 0.5498232683 1.0 0.284828630465
0.582966978779 0.322972377445 1.0 0.314588110635
0.63018800534 0.654753480293 1.0 0.263232758457
0.306287320098 0.415716881546 1.0 0.293445136249
0.724755900276 0.407092648503 1.0 0.223870443077
0.727212216158 0.527407410656 1.0 0.13607630222
0.626634829447 0.754469835402 1.0 0.282020245797
0.471409315472 0.301551954195 1.0 0.0540427640008
0.484464426141 0.571414514789 1.0 0.311721576381
0.31982987501 0.357424931484 1.0 0.36094320256
0.379472138101 0.300484331637 1.0 0.304390471262
0.396322102811 0.274218524022 1.0 0.412391341495
0.358045702746 0.23445910092 1.0 0.164131585968
0.469559267751 0.390121729994 1.0 0.000681808836099
0.256791112786 0.667761154263 1.0 0.319079629546
0.306686462384 0.447911746336 1.0 0.344834089291
0.65441086949 0.65562463474 1.0 0.371344051035
0.418126785556 0.52138223462 1.0 0.174221987813
0.213555041354 0.541647109122 1.0 0.141741607454
0.37413589602 0.314520569563 1.0 0.433259199819
0.369611106414 0.570290243165 1.0 0.294802872947
0.317070328269 0.711078969859 1.0 0.173486223492
0.42617338654 0.334740436039 1.0 0.176063326994
0.70684934454 0.517430711574 1.0 0.302080387663
0.427797087015 0.513043057432 1.0 0.101383916505
0.444965955082 0.609799953184 1.0 0.294524294247
0.637586810899 0.365572990286 1.0 0.433022993682
0.492438005546 0.512181634708 1.0 0.17471350497
0.77187145037 0.696711389866 1.0 0.366034348196
0.565039867966 0.519382280116 1.0 0.0148429512438
0.387069749677 0.707293542113 1.0 0.236188257544
0.819130710407 0.493111713538 1.0 0.317977584649
0.735960184854 0.227315319171 1.0 0.174662595826
0.209747468604 0.610622073203 1.0 0.32114716767
0.215271721243 0.494665422585 1.0 0.209576911305
0.642039577978 0.501703591477 1.0 0.385265793637
0.524111381952 0.330089751769 1.0 0.445566051811
0.416249828014 0.837490325664 1.0 0.265996938474
0.806284170124 0.446739910962 1.0 0.0416791103177
0.623016484055 0.714852318671 1.0 0.395488419509
0.685389191407 0.665274248103 1.0 0.366163988544
0.559279752743 0.695385495626 1.0 0.318855919203
0.31148385769 0.287549961352 1.0 0.545661539192
0.702611167687 0.446678185239 1.0 0.24198328233
0.257388551325 0.175162214627 1.0 0.299033106175
0.632093688054 0.13730520626 1.0 0.133344953319
0.386626101446 0.529544755385 1.0 0.268910638814
0.24773141705 0.762530418715 1.0 0.282817544664
0.685892886663 0.661786689318 1.0 0.203102270553
0.49187953113 0.245580546965 1.0 0.265860456103
0.662495568818 0.761608250189 1.0 0.123977646656
0.573774117536 0.298166424129 1.0 0.135350557848
0.347061420418 0.210060055406 1.0 0.300129814486
0.780932009752 0.551258962382 1.0 0.188604171894
0.240834067741 0.353004033355 1.0 0.106570907607
0.737699892881 0.442751911359 1.0 0.215914939159
0.612113937431 0.832828665342 1.0 0.274935130141
0.36291492738 0.643269377549 1.0 0.385315460835
0.367933157275 0.379559296734 1.0 0.148747582274
0.205195761613 0.321937352931 1.0 0.245361029227
0.581260138634 0.374521693326 1.0 0.265320207465
0.656878309072 0.67901135318 1.0 0.365336036315
0.329754840532 0.564282269382 1.0 0.0841567553834
