0.525895785661 0.23955447828 0.845587146327 0.337989686461
0.340161338247 0.562990724777 0.996523002204 0.418214707692
0.834637826009 0.547956373062 0.972569396693 0.562724161821
0.923353356762 0.340001198109 0.998729360691 0.577824380175
0.394730881732 0.625500016681 0.999999993123 0.0842210494943
0.497511548931 0.489427939197 0.955528326431 0.312550428796
0.715794984797 0.451029341244 0.999943325848 0.236877223409
0.640927959489 0.507545392591 0.999210938029 0.283227473079
0.510188206917 0.565660065977 0.999998812782 0.430824780555
0.380028735612 0.436736430249 0.994885584626 0.400859273432
0.480481097088 0.637209612215 0.997446648214 0.386190089603
0.758282656521 0.4533364184 0.918316455051 0.30472783156
0.579433214423 0.642909206943 0.999995454675 0.458652353352
0.483167356002 0.623846031888 0.676136172736 0.443156555149
0.417987608645 0.767920752418 0.931337774248 0.394918057775
0.493317303367 0.626151431378 0.999893240789 0.222900242372
0.743108982486 0.482320890959 0.993250652948 0.234770995328
0.628189641887 0.378776631896 0.999982333022 0.338930212354
0.715241607117 0.484610408848 0.999360589791 0.36614353279
0.399396600069 0.445214643804 0.944980766339 0.296932877473
0.432109714751 0.654617662696 0.998910240802 0.0680852391961
0.505672095825 0.491021873279 0.935024508096 0.502859306959
0.333283827576 0.341798095294 0.992930895753 0.213618195211
0.606207388181 0.47432505537 0.999982165102 0.51866669981
0.569287720895 0.629529828906 0.999700107042 0.464575623937
0.360236583539 0.659038037023 0.940472656504 0.150720023644
0.737795895538 0.481964791 0.984186796213 0.544430200233
0.172971299794 0.899705625356 0.559417610603 0.310058132998
0.16623453323 0.677795967834 0.999343463444 0.454402909463
0.30929358123 0.331454334613 0.581130691802 0.370822283596
0.360621634411 0.335097940298 0.955074746489 0.316683066286
0.467403781392 0.445712270354 0.999981603895 0.331610553104
0.739303840515 0.469732466794 0.999816611428 0.338457626603
0.855890914523 0.0839864068731 0.999984384835 0.156405312879
0.500029054313 0.546505839767 0.964968232621 0.411239496407
0.581586062017 0.356761690643 0.996389666714 0.288492230844
0.154110397263 0.593511643357 0.850428312545 0.100142728915
0.212288152068 0.85085981611 0.70808165627 0.195027331768
0.138761701025 0.919921038734 0.888908602688 0.145391942798
0.502262525583 0.289158148295 0.985334591254 0.348723087948
0.605198210415 0.626940627534 0.939839248211 0.636611726459
0.699211114631 0.691950342903 0.669575095925 0.162871805453
0.170324897826 0.64739449719 0.986478911348 0.334508078218
0.286253883859 0.709286638953 0.943483941439 0.310959708544
0.709585735917 0.330281650813 0.734466443418 0.362087322813
0.30010930871 0.424125287823 0.999908883718 0.402456369134
0.887852671264 0.379702350129 0.877843358855 0.180219495731
0.413104795768 0.611260256045 0.99973401251 0.327363506402
0.591409505369 0.469098938724 0.999721347211 0.468915232515
0.860832592568 0.556648057098 0.501065191357 0.332626634954
0.786035514215 0.708165188905 0.966103928538 0.187809008648
0.549921413664 0.301059047868 0.965714964077 0.139250584898
0.152750991931 0.240515821126 0.603425377664 0.211678230359
0.589437210609 0.717782376858 0.996006828698 0.22131314552
0.380917233079 0.368024789316 0.791369624222 0.337351019572
0.624238916815 0.379957107132 0.965581794672 0.273954802085
0.291359740615 0.412055941473 0.993013505906 0.233738708254
0.509526040596 0.781277779192 0.912949311043 0.161417601803
0.229800169911 0.548273345964 0.965731809945 0.258761108564
0.785815825942 0.72437588809 0.794473687419 0.164954726757
0.12246660086 0.439568446329 0.674251688964 0.156444980393
0.644805688644 0.590773767678 0.999975283826 0.445551773211
0.67017451617 0.207569476152 0.930170065222 0.72792076817
0.25749740407 0.910374128097 0.997442509468 0.144188496224
0.682885001782 0.505429235291 0.999760614133 0.303445875507
0.414739043022 0.585031130975 0.999030272365 0.470128665439
0.687758689542 0.207658719836 0.895814847854 0.310462776424
0.407299230321 0.210157618913 0.556801487003 0.448685080901
0.484601100267 0.397127189809 0.999203254384 0.200338103743
0.291791478723 0.191603154375 0.653448737868 0.358043599218
0.486636341189 0.477032725405 0.999961075584 0.35569785276
0.345469597172 0.79250744145 0.935908648976 0.328150223099
0.690678896744 0.334671121819 0.92354276454 0.159204493553
0.300204825728 0.45700577371 0.999634932563 0.272263640107
0.486823399427 0.509139942472 0.994196411962 0.376710680492
0.47862383213 0.25593095912 0.999999931247 0.441126911613
0.631285061175 0.590954384621 0.934260378329 0.166283151951
0.642769170004 0.827774031568 0.930053805915 0.111490395686
0.722006506798 0.477865206014 0.99952799149 0.385043888852
0.193040395989 0.313118269198 0.976210827683 0.702597432216
0.416029183758 0.838975445821 0.823309985246 0.254159574288
0.286069031119 0.791272077273 0.998860752816 0.696427627726
0.612550266802 0.625609052222 0.997814264188 0.190031881756
0.436607334794 0.242895771391 0.918196598377 0.499494114423
0.633016165284 0.294231490135 0.999925999506 0.297594753765
0.191288297707 0.368439666249 0.99282653569 0.550014198013
0.135463523266 0.623735777017 0.65660597247 0.510114431313
0.415157252007 0.605779712167 0.999398237265 0.512433267654
0.642756238065 0.765950945585 0.780081713653 0.209305685023
0.615653644056 0.753028249439 0.966791951651 0.446057603658
0.76863198101 0.643716651891 0.778987358012 0.173242817316
0.540477589888 0.219408433044 0.999999687212 0.24253489099
0.495373843696 0.480267487372 0.999999981412 0.297627138008
0.56431037036 0.540292624432 0.999803813644 0.471463786988
0.208609492444 0.932514760884 0.963907703184 0.362076747556
0.553037387428 0.475277471929 0.979877074862 0.354514229907
0.586727898834 0.736666567014 0.996214886647 0.189524270836
0.629612032404 0.614377320246 0.702416180761 0.296124973915
0.333153220226 0.587509580756 0.988335540194 0.335916250787
0.627123141076 0.690501786001 0.98791318734 0.374346421993
0.67611480939 0.452682389343 0.785527603522 0.275077619122
0.453333970735 0.776994867093 0.9999999963 0.445739882509
0.528564621943 0.552145854081 0.689868814029 0.42436102247
0.29466806805 0.677565598004 0.792406043974 0.3383502421
0.584182999904 0.635343731659 0.9999927918 0.165166862975
0.44426757374 0.361209297205 0.971258625174 0.259703022025
0.939989826036 0.506109851794 0.788331217801 0.237782360318
0.229332536882 0.494010179343 0.927811146025 0.151202381032
0.747388016745 0.886767521422 0.992710200021 0.686575366668
0.420020333512 0.638975905268 0.998698252244 0.477313899579
0.308814865722 0.95660862807 0.995654227875 0.346925387165
0.486057311472 0.535702746197 0.999177957713 0.412666736595
0.734520188414 0.636807458319 0.998204988238 0.44226702073
0.54451815063 0.616450568359 0.998444748706 0.217381369263
0.267384127221 0.550240816637 0.959012157487 0.318394157419
0.808315785531 0.55188159387 0.955543289029 0.319096329798
0.47718251497 0.49493145382 0.999714658043 0.414703057463
0.0975072280454 0.947656244398 0.954346032916 0.592129168442
0.687063107358 0.416750025571 0.751501275335 0.232142650701
0.402733850008 0.76638104642 0.999224359196 0.3580752906
0.755947671656 0.10968448186 0.995798811575 0.283734532755
0.254768140769 0.266719900248 0.999904398184 0.641646388665
0.354637592471 0.393298959027 0.813930170962 0.282969085151
0.541297103808 0.333471870541 0.995031021282 0.321617986454
0.195874563837 0.775992109419 0.975922327186 0.308948828744
0.743450225434 0.42998256836 0.703692984645 0.351970808223
0.395382026007 0.429277779843 0.763686344644 0.310268329454
0.476580296143 0.649523220671 0.944603644078 0.138950615334
0.674086113564 0.570846016619 0.99821548107 0.193191408756
0.599723048079 0.23367629499 0.994092754375 0.0842043918015
0.417472888134 0.674306708253 0.991562442964 0.364661006374
0.5130522094 0.461133202223 0.999665683708 0.367233557403
0.472735182927 0.649901275761 0.958527994644 0.281441180058
0.639181151907 0.52968717977 0.995376688549 0.483717049771
0.496975465114 0.452179372196 0.9975053354 0.518050049133
0.416766867186 0.4470525984 0.942095703311 0.23882542683
0.440218915711 0.424844707735 0.999999625481 0.425638658928
0.83652967397 0.787166113225 0.674599093525 0.0963284778247
0.245811083459 0.534933319128 0.970772311366 0.420020510349
0.519947473186 0.485380738777 0.570104065273 0.339965462297
0.437523283301 0.303955443758 0.998894082 0.238620619359
0.393479120726 0.183529500338 0.908921421304 0.07401471737
0.584718518206 0.384907456374 0.89233487366 0.299368518054
0.481888974598 0.305921185069 0.988174032085 0.43616523211
0.343540570624 0.300586947158 0.994546580413 0.627816486507
0.421110957358 0.532663050789 0.999878567646 0.382020140507
0.993964799628 0.62573910349 0.651112291904 0.294318320915
0.598771775732 0.463122045871 0.95885393687 0.4326743894
0.431423366566 0.534967420802 0.732801201033 0.336758904291
0.293720606407 0.514087123514 0.953378746339 0.276939132749
0.342664617952 0.62991819094 0.896838141116 0.285903397269
0.422260338387 0.605020716874 0.894793149945 0.169114295569
0.795709542174 0.742764976253 0.819847522179 0.27998945251
0.557369384213 0.586131130895 0.999075858 0.395418392473
0.308123491671 0.429423877357 0.998113286543 0.361598277532
0.749730804759 0.465375267617 0.999657520979 0.107387353724
0.625007012455 0.440401227144 0.968135559188 0.203548158619
0.341323304908 0.369066461101 0.99625209245 0.44224770157
0.54710874526 0.385327085809 0.998598129297 0.284227331195
0.0918797804323 0.766435299907 0.556599175453 0.27265662111
0.509043000815 0.544837919174 0.875861954874 0.2693027346
0.472932083591 0.662538837948 0.997928055206 0.441454975244
0.0364964202788 0.831988929223 0.577177408093 0.126232621758
0.766981059581 0.336880096401 0.999528986805 0.469471062548
0.800351908822 0.78704473006 0.853850486473 0.296909791682
0.77197240959 0.520405878527 0.997816385236 0.281570064461
0.450194322473 0.184068990508 0.974903264359 0.373667356467
0.388450676273 0.227948164338 0.725602935322 0.222931937314
0.201334265397 0.23196000676 0.999903576284 0.113488878801
0.157233625838 0.590587208732 0.822113899539 0.174573211469
0.383024096876 0.766461501793 0.91106055119 0.324474404941
0.655403120381 0.207232596113 0.986227887114 0.331600697008
0.687739744758 0.477843607028 0.98274209281 0.286097218812
-1.0 -1.0 -1.0 -1.0
0.363790698861 0.462007538826 0.999761702092 0.461982502489
0.481576928931 0.854790175398 0.999661110264 0.406589105504
0.585652858762 0.472211496054 0.962269507822 0.401751433216
0.83542470176 0.387543186914 0.976335075433 0.471202441915
0.338506040469 0.51834513021 0.943079747408 0.104355278477
0.403247048675 0.611718825932 0.83598950406 0.301695963426
0.277582694754 0.299640726245 0.946814676178 0.135781368116
0.370211815558 0.433414465613 0.99957598841 0.222271088246
0.70935407062 0.398922258188 0.998817469764 0.196727436201
0.394019399372 0.31800321719 0.999813519536 0.373783723018
0.544769728314 0.286136549674 0.989983279064 0.354881892131
0.181744578084 0.853244764313 0.538245319633 0.28839508338
0.322740985155 0.621263146072 0.58537271037 0.112465532248
0.751945165785 0.530475442353 0.920251493046 0.261892163252
0.464358178666 0.584236781687 0.999979341936 0.346347166312
0.726024367866 0.137407153169 0.931120437273 0.35316181839
0.403480578971 0.298452421258 0.774829998851 0.33987838838
0.451721233774 0.565084282086 0.999999995005 0.119520244244
0.201251161923 0.502224389788 0.999433278237 0.208865406597
0.347849403321 0.651305339186 0.682608759062 0.377318474287
0.534699985755 0.365627961871 0.972730249049 0.305799075432
0.395605433316 0.782128924559 0.797211232726 0.279884939795
0.430705201543 0.282557159136 0.988147955462 0.226683073307
0.144595418426 0.596057303238 0.923110485667 0.200799095465
0.355014574696 0.56860663216 0.990842213324 0.0442542256991
0.463352846016 0.162954538408 0.846344571944 0.158850134237
