0.515487968108 0.84960090338 0.936678895866 0.419979662363
0.819461473509 0.479031109127 0.70037472485 0.0850296723347
0.455929427829 0.645514604726 0.99978671371 0.332744863051
0.581766645759 0.389006667898 0.998422724549 0.257849032707
0.395152482719 0.192457174921 0.999311527961 0.238171041166
0.63743434538 0.518500977314 0.852011533783 0.379881448617
0.573248226155 0.104973819981 0.929390269377 0.135793130715
0.349226367541 0.614244371418 0.863618259062 0.250342234957
0.540160580965 0.5939259434 0.999995114256 0.350099382036
0.165905264641 0.167957337774 0.951807868666 0.137761612268
0.917002177822 0.366423905101 0.962751901959 0.118881397645
0.639500826687 0.570017289167 0.967599235532 0.350206276975
0.716454203317 0.493592044642 0.963859614536 0.369468982707
0.811296126074 0.438701244764 0.689646174409 0.0956565334309
0.834665796871 0.523217761679 0.994735606151 0.0512532200853
0.565068128063 0.498262501367 0.999683445151 0.270653223189
0.158328062955 0.609140151145 0.829927494009 0.475553662364
0.627927678922 0.690110442347 0.590790261796 0.425424051834
0.657242789557 0.361673015058 0.989296856176 0.359714088204
0.338338603471 0.342840238923 0.86416513417 0.412010260443
0.520893950433 0.483856467568 0.999999996579 0.286021748631
0.547448881159 0.788074505206 0.991846175428 0.173025161783
0.574769483667 0.81551683717 0.969784944646 0.438572856128
0.326679958369 0.622554523766 0.863885098153 0.286511077651
0.40994993492 0.391287110688 0.99994607379 0.218906661132
0.522057774234 0.294884903039 0.95532234566 0.356801736563
0.41435600488 0.588238055367 0.99999959571 0.335248325671
0.287478751048 0.508468601168 0.672348852982 0.144206872266
0.884653534315 0.908242501855 0.646066700477 0.277132116226
0.297870610393 0.146864725738 0.997874567109 0.217921379697
0.126203657693 0.714375270055 0.590664674514 0.223753943494
0.291447515661 0.427944735223 0.840532417525 0.274965234968
0.425843060746 0.352785202544 0.998866302805 0.442516268682
0.427527345325 0.481542595014 0.97002673934 0.254612635368
0.314019253908 0.373890987864 0.999789907785 0.248899671129
0.457174010128 0.264068212589 0.991956860555 0.406208897192
0.54427805957 0.637819943909 0.996775733652 0.421346018818
0.439145854259 0.659829096422 0.992548438472 0.0699521985313
0.590872436698 0.520546908418 0.99180502402 0.337962063481
0.46564900334 0.62745396119 0.628545192877 0.301723355068
0.344272090561 0.653613747133 0.998767293824 0.397858099763
0.335814030089 0.497373599972 0.986416659734 0.194746919614
0.377818677597 0.533095259931 0.901065955813 0.35702612714
0.603258618075 0.52740571887 0.74823147829 0.420371056014
0.407343163886 0.426035402351 0.998423511581 0.420826070768
0.346007739175 0.527500921113 0.832009727717 0.251689232346
0.697193794562 0.477934162827 0.999996118328 0.543710111965
0.751627908543 0.258440519101 0.999827072002 0.276030689564
0.620441143761 0.650890557043 0.995704612437 0.430270843356
0.640304277173 0.530015346308 0.846898611701 0.268538037249
0.580049053584 0.555167050631 0.9993153206 0.106791646798
0.883208217521 0.364655947117 0.988279304271 0.448895717155
0.270491204694 0.767503048789 0.985640385133 0.293099279164
0.586252349213 0.749941182548 0.999999441548 0.522591967091
0.347040946088 0.67935326452 0.999811086281 0.417065616877
0.40628482062 0.804230259999 0.999057943 0.127374714647
0.141170539213 0.286658989177 0.931391248184 0.145712930721
0.598531821893 0.194338892726 0.998223663539 0.236606340847
0.723573544543 0.0771050207382 0.997774130084 0.390048849587
0.881741970908 0.602377026837 0.69492694006 0.299137618878
0.529606068993 0.290007348011 0.999119074913 0.337742151129
0.237277251296 0.851799137101 0.536654492291 0.114232220137
0.703055001967 0.658696463434 0.999999588138 0.202230957564
0.667834216458 0.566666037015 0.996924707759 0.297917692724
0.666694681893 0.1943467334 0.999639675644 0.541816130876
0.380349777047 0.650644465599 0.999510211386 0.180440155074
0.610098461128 0.165542879918 0.950195842478 0.345750080584
0.459791788542 0.520578967704 0.993979122168 0.383067922091
0.744859408819 0.614423467473 0.999514575857 0.252533805973
0.54379806406 0.658446915281 0.999751315399 0.105189387536
0.629615861778 0.72657033413 0.988050637708 0.378859948237
0.710281379627 0.921497895927 0.785412889913 0.186098414631
0.50212635858 0.541449233061 0.99999343379 0.0504588245498
-1.0 -1.0 -1.0 -1.0
0.276249137231 0.296436038673 0.942547727578 0.472502565911
0.886632675419 0.550512889552 0.932531609905 0.173891623433
0.199602761393 0.250004068613 0.998161121411 0.483305522287
0.440643380485 0.329229627637 0.991540230862 0.1120974108
0.424431902487 0.231645061054 0.999628039118 0.370296944832
0.538808629652 0.148785223046 0.716473735018 0.34818304529
0.17553897776 0.819972363746 0.9980765416 0.0894911612763
0.594051414902 0.595290158331 0.71484289859 0.202582364901
0.463539955797 0.413672934253 0.860451098964 0.299625865364
0.42253711576 0.625500910837 0.999669779459 0.179830454731
0.423275408016 0.641224147425 0.878580758869 0.146156087165
0.305953895755 0.306407963329 0.950976327414 0.191971539183
0.364432115082 0.600692717466 0.989214347812 0.324667641523
0.45018765729 0.380908586213 0.999734026551 0.473815893553
0.709469346786 0.625101342395 0.999981585712 0.406328527871
0.583743599082 0.53344926298 0.99988654903 0.271844697541
0.478595347016 0.375896629474 0.999109837649 0.367111835495
0.575083983964 0.127493097731 0.994663178406 0.227721287661
0.420743030836 0.628292032515 0.887420496715 0.512387066123
0.705978076181 0.323576354766 0.98877925661 0.28946899636
0.548609648269 0.545571613714 0.957726124507 0.442364253338
0.618528028764 0.622791869649 0.929653090487 0.292317489665
0.377167250135 0.412285949663 0.994375065312 0.526174356557
0.23667665196 0.111727518158 0.991525744428 0.274090301771
0.280203277776 0.326706043881 0.999877396417 0.250942698683
0.508745996521 0.724949780834 0.999845072592 0.287232835185
0.58301699191 0.673500668104 0.975983517902 0.444396349633
0.212319126481 0.0303207591407 0.815572367496 0.0335600726922
0.671917066197 0.542484869133 0.656014181582 0.403109764648
0.133700134182 0.627365637933 0.997538584773 0.485550760969
0.266633811394 0.51796656694 0.966470293934 0.235556652665
0.355877377582 0.492472193651 0.999963163045 0.168662263127
0.511403431667 0.518369267826 0.97459045328 0.147387968668
0.495512321945 0.37608140332 0.998318044374 0.294121239114
0.908167704402 0.133363270712 0.922950718319 0.255385426455
0.354182074539 0.527497021392 0.983428066285 0.340272860494
0.664024713623 0.29529417836 0.748562294917 0.509297031714
0.895335000546 0.36843245684 0.975290580162 0.797275127934
0.522042859153 0.483618114803 0.8401801854 0.298369318605
0.75804393727 0.294398660281 0.91694821563 0.111719058627
0.316357078219 0.376508328055 0.999009642051 0.319991130796
0.38047674356 0.428589452965 0.773028346264 0.285673349719
0.727367140766 0.541130764375 0.95191738496 0.325338749654
0.655244004395 0.386955748201 0.935524497816 0.235080987621
0.466444398614 0.779476485786 0.96646338383 0.429318835445
0.594778840385 0.685516258266 0.999992420286 0.354168880223
0.56116858988 0.620660471851 0.999965620683 0.264430272631
0.912793989077 0.804333795827 0.84075370747 0.232023253395
0.781791486587 0.746812553294 0.998321446245 0.0796931246723
0.93414035767 0.309587881148 0.996283839899 0.455203130862
0.802970198524 0.556191819757 0.898766663453 0.363313285621
0.15146314659 0.529546651624 0.990966893972 0.279204858965
0.107490315266 0.142215071016 0.948875441293 0.337241094008
0.295329906454 0.725883228089 0.584048539148 0.057939993155
0.349305519745 0.359151374414 0.981368648376 0.338369109961
0.257199850616 0.479071522575 0.915247815468 0.0957736883524
0.32354703104 0.617381410674 0.745578102447 0.189402312794
-1.0 -1.0 -1.0 -1.0
0.216630109075 0.245076964081 0.841574866995 0.243409515253
0.414311581372 0.467182389673 0.638603948322 0.373179715902
0.538339641653 0.557797121451 0.984269915601 0.305337216073
0.265405928447 0.638646632443 0.785698207218 0.280307264643
0.789632521338 0.351221919518 0.742421913225 0.113084733805
0.380728890527 0.306943459618 0.864927374371 0.437079363196
0.275185472138 0.709930389847 0.999709327079 0.654544061077
0.392407934794 0.693164518731 0.985635572582 0.42186992198
0.824395350363 0.234260749112 0.991547213726 0.302119788797
0.849031814434 0.971808944823 0.999801270303 0.00012173210492
0.341832041962 0.362670131617 0.999819858107 0.362415280642
0.67662226695 0.641151711555 0.689424848338 0.221765836376
0.846781726793 0.263233035964 0.891723693447 0.0651641637432
0.675556906052 0.377503068803 0.96330200197 0.320709030782
0.576010601416 0.686503258495 0.997188826847 0.203146606758
0.650731673474 0.522570903541 0.999307199369 0.193427458776
0.553920616906 0.0660798697009 0.665327322816 0.285940976704
0.507551677141 0.785938438707 0.850348099725 0.191688824675
0.656296481794 0.741062433824 0.589232865013 0.215875694758
0.413077660263 0.912825200076 0.975171186568 0.224381642167
0.334334428441 0.92227344044 0.840469430872 0.116816944386
0.843316582825 0.744118628181 0.745285044833 0.254275371708
0.452239785162 0.484019048996 0.753750820459 0.194548535903
0.597830744318 0.433134842731 0.957436854771 0.496294929095
0.827777354157 0.436462154324 0.737691251218 0.158169925212
0.866783940947 0.899329112968 0.734918426081 0.174253515663
0.22848862428 0.647606630299 0.999694848765 0.291779588229
0.203164522587 0.583946254681 0.985894835562 0.391318342635
0.657828824572 0.385058240779 0.999453050109 0.378360459881
0.472107844205 0.48468903896 0.988848271112 0.415497598614
0.605307605167 0.628100033845 0.984588803095 0.255370168436
0.619533956597 0.576593865939 0.912729279162 0.482798523426
0.52301406318 0.444056879771 0.999999999831 0.261153141137
0.42405636798 0.313655838146 0.999932871649 0.217828437515
0.826384598823 0.178198945357 0.982518572747 0.292052521628
0.528595834865 0.626976288065 0.937344278142 0.243263543486
0.475454618566 0.782953239733 0.99616688036 0.128068072578
0.516979449836 0.275058202597 0.652737851581 0.292431921466
0.465829606267 0.590621419347 0.998069459179 0.383451079675
0.532889070994 0.593469635945 0.947232821329 0.201669589051
0.440501335904 0.620381578711 0.929642186937 0.257822132056
0.424426162828 0.562684189861 0.978865410499 0.192505771741
0.272971093097 0.530126720559 0.999265239206 0.225831237092
0.734883731006 0.508787453828 0.848676273067 0.311094219538
0.624321076313 0.318726075965 0.996198958499 0.136449141684
0.53855455458 0.54881525385 0.995865041795 0.337483940919
0.883210029065 0.460952670724 1.0 0.441518433538
0.340296187949 0.695803470742 0.896522878396 0.33293715132
0.272490302619 0.383000937369 0.997363910601 0.349938844895
0.662690768118 0.60415194598 0.979400634729 0.354121939452
0.188274284201 0.404550491993 0.996523529052 0.477874220668
0.196135173451 0.636910584383 0.993032884777 0.315667959622
0.357726237924 0.335916177326 0.983412271668 0.293367485074
0.295320396963 0.727896123679 0.802345518492 0.448279980927
0.941680190924 0.515948771426 0.989168677463 0.118947584071
0.378860669802 0.440361556057 0.850972891342 0.138813544034
0.197939665114 0.200096021846 0.77078437241 0.103853773698
0.579991241558 0.460393540515 0.999985767721 0.387797719669
0.479707733263 0.67222981668 0.992102493042 0.238583635158
0.307106277657 0.315482410243 0.999999889058 0.278924076406
0.1485250193 0.408336692278 0.892516817104 0.0773636919801
0.660623168082 0.50346971424 0.948478960207 0.261073700005
0.321484597989 0.0640884971294 0.996426105348 0.427292095406
0.47622930209 0.366114312356 0.999708252716 0.467000351014
0.348717897999 0.58750581149 0.999364493834 0.336013139479
0.740614849777 0.328415427027 0.579517547211 0.354851457751
0.527393117312 0.538541860296 0.973368488472 0.186810888026
0.24212669824 0.56601343309 0.805772244235 0.308932490754
