0.503511556804 0.405113982897 0.740827894643 0.294237154399
0.772552165531 0.737532790667 0.921557451264 0.160276071929
0.247762624778 0.623396986807 0.927043982936 0.288382087683
0.495483137756 0.487787536528 0.769186161014 0.220026447454
0.493130168392 0.192419118229 0.872461823887 0.233235932501
0.492260150095 0.134269117804 0.677969925368 0.254024672961
0.650434928097 0.750872301806 0.933147454713 0.192134703044
0.576622813393 0.553294034296 0.922024101421 0.234808237007
0.464135892654 0.263783398205 0.770111479078 0.149002876711
0.769747162599 0.206600839648 0.580595771789 0.320959523612
0.555005455124 0.401405112209 0.854331467621 0.205796757681
0.633667856727 0.607159664385 0.726302011876 0.26196892983
0.599217994505 0.331693110486 0.77724070284 0.251930759806
0.630286249934 0.748849699546 0.638141724924 0.28288747793
0.392962537428 0.895863386513 0.988727059653 0.184453057877
0.737219472269 0.432636192189 0.78162761538 0.25530293732
0.469659984681 0.429914136493 0.962892554807 0.12876932626
0.838665076934 0.2838849755 0.698371988068 0.237739061345
0.565987295367 0.736322407075 0.956571996781 0.15842182885
0.49874370796 0.669255796786 0.650797292107 0.300092736521
0.325851904946 0.709098882123 0.730992309088 0.24272726253
0.645720895973 0.24252003934 0.603272090307 0.292175545875
0.0706204654446 0.573256268277 0.848727905417 0.18772586961
0.385672329155 0.503222909712 0.80038575623 0.132529574149
0.600074033007 0.71651244616 0.805206233029 0.2010361436
0.36642101229 0.329241974865 0.922830644692 0.151273613574
0.770929597613 0.743678950542 0.685560619438 0.28539578497
0.789302103844 0.392184030871 0.697303815475 0.284093641314
0.557201669139 0.614016164831 0.996734996234 0.0929125465566
0.592265564976 0.624539600533 0.948270117885 0.169575532024
0.680654934988 0.198025172007 0.730010911188 0.228134353183
0.169357552393 0.385544256427 0.720195352263 0.183316925677
0.74283972915 0.489903790437 0.62537478115 0.151943449156
0.785870784076 0.149381866285 0.752349010234 0.317961580517
-1.0 -1.0 -1.0 -1.0
0.515943667636 0.210098905667 0.965090394279 0.176959697605
0.669510112796 0.250802600846 0.548860615109 0.253509328186
0.709926916103 0.622078892377 0.986776417516 0.29497043159
0.686539900037 0.721918647924 0.791514013483 0.205747938995
0.88705089362 0.355324869956 0.982754750798 0.235659151049
0.583156068743 0.390645252283 0.980387957075 0.283415066064
0.684652602833 0.206678681498 0.912827571773 0.0798039916714
0.733113621535 0.206637058095 0.541242546114 0.33751077775
0.212305750646 0.443837525682 0.804683089582 0.258386383434
0.437568134847 0.278633091969 0.999135914354 0.036379329121
-1.0 -1.0 -1.0 -1.0
0.178178968969 0.0326268175668 0.790288431459 0.22251961466
0.776948246794 0.233770580865 0.509124447356 0.305122183725
0.498981725401 0.236401810361 0.995932266768 0.258518123757
0.856273691764 0.689551384462 0.868530680716 0.13202169918
0.232338437876 0.354863410886 0.539616671732 0.352548627742
0.256029553627 0.3443988179 0.759533502149 0.318449005385
-1.0 -1.0 -1.0 -1.0
0.725433973882 0.279389887825 0.978054622321 0.175045072877
0.446951408026 0.608031227106 0.963468383937 0.236836783887
-1.0 -1.0 -1.0 -1.0
0.832974261106 0.348040976029 0.874608057584 0.159874886707
0.565407547114 0.343922030275 0.592511912692 0.18420578237
0.152667994149 0.193247630138 0.906257025968 0.14883563249
0.33223049617 0.612199840515 0.999989036647 0.136933983391
0.544425964291 0.475822485166 0.794101687672 0.130600972914
0.578054265504 0.493561738833 0.670734492191 0.184774695134
0.377956324863 0.477534024986 0.973568406162 0.14994296717
0.277574294637 0.76044668146 0.658963364188 0.243698029933
0.0413026851975 0.247128619295 0.941075509212 0.100406443405
0.0966696849852 0.918577846299 0.946757522271 0.075433775825
0.814423381948 0.35443774514 0.522177099674 0.22898453145
0.591259468057 0.616836094477 0.515612893292 0.359790838547
0.355434642576 0.62310935271 0.959124424911 0.235791648466
0.687896442542 0.329632114334 0.917480219915 0.147324793891
0.708569871467 0.285830573466 0.506373194265 0.31390671103
0.350129582775 0.139204540244 0.799137091124 0.166328521887
0.25271114615 0.295170335519 0.52682759517 0.282624429215
0.567546171869 0.275692527181 0.796848938756 0.199331166171
0.675597711356 0.488948403419 0.990196728069 0.232191665552
-1.0 -1.0 -1.0 -1.0
0.623193212104 0.812128487943 0.997681513948 0.225567594193
0.312185940008 0.582409384245 0.900744860539 0.270714719174
0.566914648427 0.686272000869 0.931099820114 0.13419224168
0.357052354339 0.45939061704 0.904249539887 0.248924818963
0.540386812773 0.903528478454 0.977379842752 0.110985163982
0.156398814091 0.202290393102 0.851606701276 0.103212743134
0.665638713024 0.369732042077 0.980717760265 0.13308107947
0.661744927936 0.631978432015 0.70900412309 0.377959529929
0.725326729501 0.272874371859 0.986639182043 0.226624832392
0.482472302053 0.49747117159 0.999659331002 0.304213245289
0.541065320552 0.591920850015 0.750360993078 0.223378960151
0.72385811256 0.662523039515 0.741902255132 0.251350032592
0.0966881542454 0.817137668439 0.503363250886 0.279432078285
0.293491764167 0.0317888397333 0.595063171559 0.191337158499
0.685187117487 0.521131713889 0.870714269849 0.256156902432
0.173803515399 0.824523668626 0.632268636417 0.134305569699
0.312558790442 0.291291439507 0.742631221499 0.217152820109
0.393178020197 0.437635533551 0.988637099869 0.316684858094
0.689705901378 0.380055214342 0.998293833277 0.144627708525
0.416888437326 0.565184194512 0.844637906522 0.31108070038
0.64158596795 0.461792313658 0.767405943339 0.234213288325
0.230352870888 0.104385249008 0.62809803492 0.210251292292
0.874301892645 0.631931743047 0.988005630756 0.0888375236592
0.624199264122 0.291169532149 0.647482469651 0.259646401852
-1.0 -1.0 -1.0 -1.0
0.515835686805 0.670326912642 0.816521228528 0.187947204011
0.744362523189 0.696935195677 0.877601653413 0.24302042537
0.188867002362 0.756413211611 0.987654958027 0.161505503155
0.41910776296 0.89707189468 0.540713821839 0.441033051494
0.339541622854 0.590668360424 0.891746764745 0.32032297335
0.889646174635 0.855171385674 0.90518163796 0.0895131317089
0.647939024391 0.41372418202 0.604034100555 0.199530516417
0.548027706713 0.469086740528 0.589980594084 0.139228729483
0.725239490936 0.341089904456 0.857135345868 0.324613217502
0.40117195305 0.713703250367 0.819915757919 0.239360583713
0.801216800901 0.625116277627 0.74984176686 0.211304212817
0.518178864505 0.173882895018 0.667970498179 0.288391658915
0.344750228386 0.668985820828 0.860997854904 0.271496423311
0.631127236305 0.330379106909 0.982674744182 0.274844331136
0.476613523874 0.2242860792 0.792883826145 0.1406463393
0.777129154311 0.787499978183 0.871361060448 0.163518057838
0.733087986819 0.576649478049 0.922618090501 0.22699136263
0.218036127278 0.831034726172 0.683617564139 0.269309153539
0.214644894864 0.733419933277 0.982631881071 0.235577504766
0.590420408472 0.569179193619 0.810948262168 0.310620991302
0.55923236432 0.740340731894 0.899005315058 0.317658637953
0.457686397676 0.806357918918 0.73699829638 0.173364264268
0.736951235631 0.255924063946 0.970112533386 0.227186820427
0.245041060147 0.202084736851 0.9687399106 0.034173850631
0.452823625885 0.728278691078 0.797379288979 0.227863520681
0.41153442931 0.335440197548 0.680646667684 0.139010291932
0.604838283864 0.499868596631 0.602503026538 0.325772571704
0.838226079765 0.517572683274 0.851425487983 0.266894833233
0.0504910458884 0.244503906756 0.655232971724 0.356893378702
0.611487333762 0.457815864534 0.689357804937 0.197333008544
0.157720097298 0.16429910705 0.692663503277 0.16324318561
0.643404944033 0.674570240774 0.893964011291 0.12481856725
0.510042444549 0.424281921646 0.998291453073 0.190659191177
0.378821420493 0.431355640454 0.997763809372 0.186157049562
0.483078631183 0.801303013718 0.768299688771 0.199603185711
0.787080958972 0.65913835598 0.58656591041 0.258316646734
0.817017862002 0.417985275845 0.92435848488 0.16781072518
0.816456185557 0.588692321668 0.549872205488 0.297986360721
0.648306792532 0.895633253801 0.515670276958 0.329520340767
0.525023565797 0.340846410924 0.999120356792 0.269979938497
0.329427313003 0.368245001011 0.88332670422 0.354772159444
0.66129309304 0.240647193082 0.632770841369 0.175932724662
-1.0 -1.0 -1.0 -1.0
0.571945326247 0.845333694432 0.997203566647 0.163137410945
0.23217419105 0.0913922831367 0.750014241988 0.206949547297
0.760973403339 0.782683592105 0.775761697429 0.216871710537
0.774948834314 0.71719435496 0.880441131466 0.177404858745
0.779521902464 0.389585571898 0.625398383864 0.216880651513
0.0955749440425 0.765987498468 0.642408547117 0.238369363404
-1.0 -1.0 -1.0 -1.0
0.365234875434 0.739533198338 0.579038090283 0.316726084797
0.704788977048 0.699409953549 0.538153908206 0.237613255315
0.152330087176 0.778033716729 0.66809814017 0.278724315742
0.252464988043 0.278615810086 0.984688741207 0.230098998523
0.120232892156 0.255631156506 0.863640333518 0.237164444893
0.750412884925 0.259317025418 0.756020484394 0.291296688743
0.375029459945 0.83329043401 0.979566674211 0.138967124947
0.7057427009 0.541350274824 0.996130805416 0.262636996303
-1.0 -1.0 -1.0 -1.0
0.522196325103 0.247709817156 0.606701769716 0.226207339564
0.369113767871 0.314093970521 0.96998837857 0.090919203196
0.468666600721 0.164958396864 0.999994237153 0.162181509441
0.315758365539 0.602488453736 0.919271213872 0.290974172517
0.143238291986 0.806102926034 0.999603554511 0.185725536125
0.621128883348 0.703505942806 0.624357629257 0.122446865973
0.15981584178 0.354863761221 0.602423775211 0.311131018142
0.427757080615 0.852174809904 0.564119891499 0.339655165473
0.595973445804 0.203412773363 0.776275963018 0.0833142230834
-1.0 -1.0 -1.0 -1.0
0.410495510481 0.739274891271 0.860412519738 0.263892981393
0.437373559158 0.406333842278 0.962914357029 0.271262191989
0.30586140177 0.797885616287 0.999984763343 0.120433788057
0.378566902998 0.0970752992363 0.72828887819 0.296736614914
0.442078870891 0.654624755511 0.868438320558 0.143403994981
0.660946806643 0.235625928257 0.878853879411 0.286327359582
0.259025651224 0.404317472588 0.943568997659 0.188424348553
0.18747701279 0.275140143962 0.819532523181 0.282709295348
0.396668153216 0.804548223991 0.649900925561 0.221179753057
0.143630849622 0.0232188433851 0.529497432824 0.152734006631
0.120979965114 0.377141253383 0.874281074601 0.235235195793
0.304145835453 0.447008646266 0.767961609122 0.349679517537
0.65333298221 0.154488583443 0.783805062607 0.249841767549
0.364940804654 0.529076619462 0.75151928634 0.343902123864
0.586685371276 0.630020039329 0.717255234969 0.253885456686
0.497832647491 0.596313079352 0.725607507403 0.137235820485
0.781041061862 0.81577658404 0.876361271112 0.232829164403
0.121875738338 0.695417605777 0.514457437282 0.36579097526
0.438447307629 0.382681116995 0.927906719026 0.326875662174
0.542232476303 0.419057549333 0.954959485043 0.171374813058
0.870966817285 0.268700542432 0.891041828484 0.203175949493
0.730359634443 0.226369026496 0.525516811403 0.2805549937
0.435307853727 0.294604872183 0.524360962503 0.23386295987
0.616483008094 0.549815878386 0.741764069049 0.14494959308
0.595195105725 0.205910533722 0.568011975887 0.250473590387
0.69549147943 0.779473828666 0.827853000601 0.186465667793
0.37588329352 0.623184423631 0.837785074642 0.295749544414
0.203552899087 0.484961762104 0.746721666069 0.201701300316
0.657004579093 0.127155595799 0.847670413023 0.152522688241
0.788750744083 0.750314478931 0.903931599393 0.105181320112
