0.853617736466 0.430286815081 0.510005275988 0.293542046478
0.250510090225 0.916323181185 0.905088450807 0.25566488326
0.547145216831 0.843615197195 0.522037913492 0.346864306919
0.84134973783 0.667250563812 0.986290384364 0.140128107628
0.688022088401 0.272636261445 0.896142304575 0.27587387576
0.807153758067 0.606166969321 0.991453898427 0.292583170626
-1.0 -1.0 -1.0 -1.0
0.171200314655 0.711119659554 0.93753527754 0.260943114385
0.794277413043 0.188663478698 0.860342185558 0.069768759483
0.1876335891 0.363239569359 0.733708612491 0.347249412643
0.630298582146 0.485241301726 0.927683612459 0.271399839043
0.732112992689 0.345943736852 0.873550368461 0.231662219559
0.425030070466 0.343856521597 0.950055331867 0.174766222075
0.370556971135 0.389192949072 0.930735370594 0.198333863677
-1.0 -1.0 -1.0 -1.0
0.408395959955 0.191764004335 0.963164030391 0.267342978409
0.553618798336 0.368888091444 0.885185304736 0.153370153551
0.0476270975138 0.732360857945 0.969056935068 0.0770330976307
-1.0 -1.0 -1.0 -1.0
0.933847978472 0.743141314302 0.744459864438 0.224078792115
0.675264238998 0.37447077041 0.651375702233 0.381121373381
0.708170460109 0.653664221339 0.880435541826 0.294345063612
0.433320679775 0.347823959141 0.89373505609 0.23121402819
0.460198589779 0.383421664953 0.982422195263 0.118551309212
0.487710521294 0.181974066051 0.5866137064 0.303893585381
0.0917172536311 0.19775885894 0.906393774462 0.119724718275
0.629603588886 0.766544360487 0.889770853704 0.242691155494
0.462845724922 0.223088209294 0.801110788509 0.230368007925
0.322702181906 0.269416196643 0.984242100155 0.121954928946
0.699573004484 0.694454460112 0.522687244735 0.328386443043
0.203572900752 0.781518747261 0.666391081936 0.399920637181
0.194831558859 0.376055006599 0.646903540807 0.194992368242
0.59579112355 0.598567740678 0.963511918478 0.196965987917
0.266649256443 0.826448811734 0.990286762595 0.0134570900272
0.629460887881 0.221580904744 0.651449280108 0.317225298848
0.813622112306 0.717412689708 0.697108144086 0.231558632985
0.30347927674 0.769788313042 0.584591874952 0.165701032435
0.562815330836 0.318419667381 0.990974894342 0.129310890651
0.872786179141 0.203313442538 0.610863563728 0.173352985197
-1.0 -1.0 -1.0 -1.0
0.795624967925 0.195876689068 0.805509774906 0.150136170959
0.174913654562 0.537738729989 0.904729097815 0.189351378074
0.885352153274 0.694743888148 0.828211608478 0.213362508113
0.392117655289 0.772625033142 0.745283466304 0.280413928099
0.664355539283 0.789700838407 0.759520948815 0.252528175915
0.256302182277 0.100498567004 0.774069995516 0.161019092516
0.60604006032 0.535352562878 0.744799349566 0.188418549075
0.751951913727 0.585881632561 0.835882784625 0.334800967634
0.18605477537 0.502449718504 0.821132016394 0.154814215951
0.797396062216 0.415211616999 0.509124169383 0.143456347891
0.623490557324 0.334009262497 0.707819279314 0.307056399702
0.897741238679 0.424947695335 0.977917202826 0.139343020513
0.67229805834 0.666709049432 0.54849411699 0.205699079073
0.195067027308 0.867440508599 0.911349459879 0.267694242841
0.730048670757 0.668778036142 0.664913548321 0.228150630861
0.225785321318 0.828783723158 0.755711787106 0.0931266478857
0.422238378023 0.338931765265 0.970622266523 0.173583147317
-1.0 -1.0 -1.0 -1.0
0.519262457629 0.298841363333 0.779117199388 0.244318450692
0.0557572777475 0.469175866137 0.718273069588 0.265645439773
0.553059682678 0.680337505063 0.945118150517 0.28316911188
0.272333956175 0.550175878726 0.965151289471 0.19208054472
0.621558138101 0.558770261736 0.78632633289 0.159445975724
0.623939722038 0.54081387928 0.97739430593 0.0271103085657
0.445820977114 0.716787368116 0.821006581743 0.289389340505
0.497918057703 0.479062629342 0.96656087289 0.115086566721
0.277431187871 0.30635986249 0.981323288072 0.200590907589
0.54215626057 0.489967853999 0.992595530611 0.216761937341
0.780347345411 0.943097076583 0.986955151142 0.111789403402
0.897418762247 0.557956325076 0.953003971976 0.175194921163
0.218708884287 0.351771238457 0.615054273516 0.198387136625
0.363645708785 0.265718978576 0.966129487275 0.275252815755
0.227142206465 0.709474658511 0.678679278964 0.305729107033
0.397289623119 0.878942212648 0.652481324161 0.23633635415
0.175787283583 0.391346172312 0.568850056552 0.415865140849
0.236259958869 0.166061698822 0.861282616335 0.236237497484
0.820012024804 0.145707273395 0.788828820611 0.223575899513
0.958659124202 0.391417904075 0.901614654816 0.0458839387392
0.562163913375 0.403694111427 0.658366260122 0.119945092258
0.185244507928 0.721030782643 0.575627383112 0.309551034507
0.608342514593 0.445710548764 0.948532837111 0.224995264543
0.538109968157 0.423777017243 0.9533795573 0.260060086945
0.872362457401 0.145977078836 0.845876730371 0.103339458653
0.534056419223 0.767511173157 0.711238571875 0.153214459504
0.718706837303 0.592794493854 0.710815985336 0.121060103201
0.294437267745 0.489754159047 0.946620495616 0.178934740056
0.818010926586 0.324706694475 0.626732069601 0.276944141107
0.364579593228 0.349183391431 0.790612628582 0.252122849849
0.484427853415 0.844293488212 0.737662160326 0.246046275359
0.591250804725 0.336105495129 0.977178496768 0.343216884885
0.765071055496 0.27207956708 0.704081322518 0.171962024708
0.266219384396 0.315653284474 0.598515423843 0.157866649759
0.177736248557 0.236301321663 0.91920574603 0.140191774557
0.434834220881 0.296772122442 0.990272754128 0.1850174546
0.306397959588 0.80857376749 0.994017644647 0.128888009062
0.456651186871 0.196366701402 0.586207442507 0.393772945935
0.414615035498 0.71053831028 0.606636016831 0.218682512683
0.683298496744 0.496832578845 0.982985813515 0.01382014159
0.753733419249 0.590875230208 0.981949975302 0.261189012849
0.722899737469 0.67079562921 0.967583701865 0.206684944977
0.752041697166 0.532295394154 0.995788424035 0.334593233949
0.589560451084 0.46775704282 0.699727862922 0.257767798308
0.586596149346 0.663353792844 0.767217633372 0.242582735814
0.25784518909 0.548046539479 0.965031187331 0.158701523633
0.336126690005 0.616881989187 0.714553911044 0.231120787323
0.206009350583 0.654473898685 0.691648591228 0.286444661337
0.639851736269 0.622427097723 0.617337177728 0.257492272084
0.443176935432 0.759924916722 0.931245836002 0.177724709848
0.0510498080867 0.846001911628 0.555065477556 0.363199200172
0.803082863863 0.351860912706 0.78843904854 0.209404087437
0.511341154828 0.831658629945 0.552933385034 0.366283826358
0.0185502661274 0.101981463138 0.929798821347 0.0696833991619
0.369890814518 0.238060760853 0.818743504804 0.132755982447
0.696396394168 0.45952479599 0.893527223288 0.0937424467034
0.32727910355 0.487851197755 0.874502000557 0.190083381285
0.48882252566 0.714466435579 0.95952284635 0.186001280609
0.481214937875 0.44120860106 0.657847680616 0.250506019877
0.832681805832 0.526438124721 0.580351891751 0.298161197311
0.842049827567 0.558819198592 0.737165973316 0.149444467139
0.493970920467 0.618220560911 0.773738640636 0.328856312382
0.366055191319 0.182531549206 0.695421344783 0.173737144657
0.592216145363 0.423639879976 0.977633785287 0.343448822633
0.833885435724 0.367844442438 0.615369724504 0.247175130684
0.328027591273 0.244236447561 0.918873282383 0.141602382113
0.517972238122 0.518415206068 0.981427187391 0.249299979092
0.393057579278 0.934584407306 0.669632941515 0.189621989027
0.583480877146 0.60079292993 0.996052327561 0.231406901315
-1.0 -1.0 -1.0 -1.0
0.13352468552 0.167387090358 0.624843316245 0.361972928546
0.650675794005 0.509317694586 0.927340020554 0.108167444083
0.323320789764 0.211385724659 0.998032062601 0.224332538579
0.149216315357 0.26235189022 0.980471992062 0.136291030195
0.353376585124 0.845546799428 0.61522049816 0.269117193809
0.226898971124 0.633609342073 0.949164509676 0.163296350381
0.15395863777 0.527322578948 0.965720003836 0.22411012769
0.578219354194 0.709729623872 0.929105784797 0.253928452307
-1.0 -1.0 -1.0 -1.0
0.453990212583 0.450307876549 0.874599935266 0.179493859594
0.818469725106 0.315536275761 0.927793865969 0.260569433751
0.737144729837 0.834728290377 0.661700714184 0.255697171482
0.430106610882 0.3283725699 0.996438509007 0.319878880499
0.68081751908 0.511992626526 0.96670680829 0.117127497868
0.479430916411 0.533913349144 0.746889130625 0.197519820835
0.396156922301 0.181133802625 0.835297775572 0.241453890241
0.745408669187 0.830542591198 0.597021889711 0.290884191669
0.776752136519 0.485778074116 0.815101178043 0.201816981579
0.667674810509 0.488635503956 0.676348323138 0.314328177251
0.679310676528 0.842961366183 0.918056820335 0.0537586524069
0.435652157954 0.819617788044 0.54276018725 0.29037868144
0.436660498949 0.502143434834 0.825794175886 0.193164284358
0.429873293048 0.358404065358 0.723417239862 0.238591171797
0.461397591894 0.434303915078 0.905737446799 0.322642024397
0.78420335168 0.185579804765 0.987049148713 0.185771721482
0.773206466438 0.520466308084 0.930093412414 0.205250510687
0.754799976501 0.797961870985 0.810568960156 0.252780524418
0.598762747422 0.205048117832 0.568227115672 0.301038072461
0.478603646096 0.135192462755 0.678509758489 0.21198286542
0.704881136956 0.549085396188 0.701967337528 0.247275463556
0.766518189803 0.927319964225 0.540575356047 0.314287080542
0.212461480259 0.440654765656 0.628934660534 0.23840221067
0.433179770587 0.58108685037 0.922008892543 0.234954736765
0.29471136033 0.329862457182 0.587197562508 0.204726429433
0.673678998749 0.681907652617 0.980724903174 0.142666223986
0.448133584007 0.324443934021 0.889437957027 0.319699510751
0.460145492892 0.305903385675 0.939725689761 0.236633737888
0.690391362484 0.283140161718 0.957199456603 0.106910913054
0.278811005023 0.564975290671 0.917673210498 0.190074124222
0.309401906258 0.34186180081 0.50849975337 0.345820092839
0.635727428722 0.298020224723 0.584138601516 0.334125620896
0.380404368854 0.171519122563 0.764913246383 0.166895917028
0.393343697269 0.140176006386 0.952305293148 0.17603228144
0.909111759545 0.263518352291 0.78134656331 0.113825117607
0.717869643886 0.257771458099 0.732260247865 0.326904765052
0.537104274396 0.635511058921 0.918134034248 0.0875253196242
0.32793479067 0.641492720429 0.986576011918 0.213187189492
0.796297481108 0.225169605818 0.722699419576 0.303941814063
0.426583823036 0.289749739563 0.788237305394 0.232076117986
0.645919996634 0.351222801571 0.743736648762 0.290024869383
0.848701220416 0.630203668446 0.897784150197 0.135532649975
0.0544511916162 0.693194300721 0.993301715612 0.126209946062
0.259673840544 0.408431257215 0.988997226179 0.203363105733
0.648900784965 0.775676770306 0.62115675344 0.17001157444
0.313464617333 0.507650380605 0.752408597096 0.284044503932
0.813258051083 0.344938039729 0.502746050777 0.365600838551
0.665003573402 0.837214999049 0.901979786636 0.133025500281
0.470641954338 0.368367262751 0.642551873636 0.307600272571
0.773784434097 0.70322293742 0.995524432893 0.139048533361
0.663046500711 0.521861200158 0.532632581704 0.236934527617
0.202088102686 0.54770417858 0.917765115306 0.355946652972
0.463520993223 0.160281589217 0.814423501958 0.238906438629
0.67280900027 0.333145393497 0.863874433839 0.277647092602
0.237401087708 0.455589544095 0.854953221113 0.123700676173
0.185393622448 0.792345150312 0.968472016327 0.15551716685
-1.0 -1.0 -1.0 -1.0
0.637939185218 0.695116711039 0.830027997316 0.276217664016
0.288088147725 0.67048525362 0.964939264782 0.219169752303
0.695517123988 0.410992646908 0.969491224862 0.33293723209
0.659457440829 0.812022097814 0.660188697784 0.22517655598
0.682764705744 0.668770186125 0.955021017519 0.281386368398
0.533674717473 0.334610133381 0.930532487573 0.0670085345695
