0.313690816478 0.536715717218 0.784896394808 0.537881025422
0.0315582176574 0.0927804312156 0.990054594871 0.100245090949
0.754281599412 0.321852903986 0.999797609707 0.226967708394
0.389682231826 0.419473010558 0.999813427049 0.173168013905
0.123244813682 0.75537429645 0.783149499751 0.120110442128
0.354882427159 0.463166325943 0.715985604642 0.374671995713
0.370748124262 0.711929858476 0.991975472747 0.461608091357
0.219988989609 0.348887110961 0.566329490789 0.331318817001
0.752913654225 0.389433563505 0.994724834613 0.430492887887
0.824592029254 0.616069303712 0.841544445361 0.321674857594
0.283822735082 0.359220831085 0.993226377943 0.190583304651
0.857370555632 0.176066253129 0.946657560555 0.231846352779
0.533491208326 0.711870731657 0.99999770567 0.36438176062
0.562665245767 0.299167089798 0.999672781542 0.187159807213
0.428112005591 0.613350218731 0.863710259392 0.396085069541
0.270307841318 0.162183046211 0.609813155102 0.268167324219
0.257410693591 0.519045502344 0.999999994537 0.278939254973
0.138584942714 0.708728553859 0.882992618924 0.147895361203
0.559085790718 0.817262483259 0.979792380104 0.510602410404
0.415952829717 0.670710358555 0.788530405211 0.504392107639
0.58793110654 0.417237751301 0.916930445325 0.271623434464
0.550333697983 0.569751960337 0.974398367245 0.397826581631
0.429085164249 0.629945829255 0.987257576626 0.236290103868
0.0483931456426 0.864074395124 0.653233185021 0.104186838985
0.568806920996 0.445613396987 0.789677867555 0.220862564888
0.371687082967 0.617255781881 0.991732504077 0.239792348822
0.413591243901 0.381064072197 0.996441667752 0.205762105343
0.529340750686 0.649596307308 0.972087582373 0.330759302312
0.307319942331 0.197379549346 0.970555477895 0.413413900925
0.728526626917 0.79294666154 0.881670629738 0.124043900335
0.491027468034 0.237413221635 0.959712118277 0.138642131998
0.319645894322 0.200026242516 0.743078899956 0.369813794727
0.501401193021 0.626630626528 0.999827689276 0.256311799558
0.198040852409 0.378751860421 0.999996865911 0.244807991642
0.266373972819 0.246241564193 0.665068475299 0.250165822037
0.748720591116 0.448633638309 0.99997248998 0.317436021593
0.256781479911 0.771888170009 0.845423415199 0.397249269591
0.354152094977 0.259228544581 0.995067374196 0.134829231237
0.468542968174 0.471859482132 0.579483573889 0.202258317315
0.706685885267 0.556694795035 0.961062672648 0.15300546677
0.309922151186 0.130242857278 0.89254539906 0.25861258444
0.402760213774 0.46789177727 0.894774942563 0.390428746245
0.312022165962 0.457462972256 0.946884219075 0.144895304993
0.350226379802 0.253054014171 0.824265468151 0.262968454483
0.45744102568 0.539598389834 0.974832534898 0.351334644377
0.711709767211 0.786316881748 0.995452159736 0.214206859322
0.265408844179 0.731648654792 0.543921860551 0.354508559938
0.660301975126 0.553932622993 0.828769913535 0.271769648571
0.896636263818 0.637490770545 0.950182085027 0.0495499200457
0.526742522419 0.534847944451 0.905807808416 0.432555733365
0.174927691456 0.388135532203 0.891027761015 0.223791962034
0.730076346421 0.267630089572 0.986185262922 0.279703656178
0.157608393487 0.878476401693 0.815198868576 0.229620317526
0.456980684955 0.39705812236 0.999481328339 0.530181141319
0.170786479252 0.586493907234 0.993573291026 0.717883562412
0.212450655514 0.225097892448 0.993128892747 0.538306890966
0.491256086409 0.504486143267 0.999893504136 0.382763112697
0.862753724413 0.441151328989 0.871520620455 0.114070665028
0.688519049292 0.515279693928 0.986770822839 0.30210924166
0.442578907849 0.594000336274 0.945940435656 0.420899193543
0.411074071861 0.60806492924 0.98999498694 0.250408645633
0.453145822579 0.518442378399 0.988437123251 0.462540772269
0.543877796275 0.209900702671 0.999933411347 0.253620089049
0.517827843965 0.140203456787 0.997956421574 0.431143052218
0.639691540297 0.455226361472 0.992701432723 0.40854967957
0.704878331464 0.772992017289 0.801409602896 0.305157698293
0.208656069623 0.515263521946 0.840269200874 0.275912574673
0.561737582593 0.625414295248 0.946780125543 0.327814794773
0.743881500579 0.737107568567 0.998471311122 0.212321449255
0.789014850164 0.641785168463 0.976344410049 0.347183611667
0.337491856846 0.635153392665 0.966376090148 0.378706607492
0.741225406799 0.400592271541 0.999964431046 0.371433531854
0.0990414027885 0.168919584965 0.895033257373 0.0714741283624
0.851169326847 0.588455146974 0.984672596267 0.299085797689
0.651935776118 0.602721071025 0.562667027031 0.437831296239
0.744911381002 0.351204321982 0.868411843856 0.510800711748
0.133168835033 0.825687997441 0.911953080538 0.368873431571
0.575798592954 0.595466614819 0.748248838501 0.347476589689
0.608824137368 0.133656411989 0.898673498966 0.451025406838
0.714140859294 0.972631570613 0.982562506443 0.319767098908
0.278419227139 0.622684892075 0.998005775964 0.372228036844
0.615815359971 0.404030487152 0.994976046335 0.348825355668
0.409432283497 0.669254493664 0.988078664901 0.0834472043238
0.331578884845 0.688754646387 0.952836996919 0.402569468571
0.900451864209 0.718341621847 0.792216793826 0.198554778095
0.583697172631 0.265401891032 0.994170105905 0.385877342206
0.255118634552 0.169473392731 0.710856681558 0.257656013682
0.540382235173 0.394194386533 0.876364548391 0.297477049174
0.2677233049 0.501500173207 0.965913371674 0.340296759766
0.796377181748 0.342080486044 0.995730416352 0.875454924321
0.32492745984 0.618945649164 0.89839712215 0.466479811854
0.272337684205 0.106274457778 0.87950718522 0.182713350098
0.879457514553 0.544835350685 0.976331442766 0.343424069502
0.305930804704 0.534629842291 0.923816039294 0.303015398533
0.448233765916 0.428576592612 0.999174606422 0.0844798807102
0.666914102846 0.707994204924 0.999956605506 0.494989561733
0.837103306753 0.548507341849 0.999864971055 0.41734237954
0.314430976565 0.0625875958334 0.956718373824 0.32708291026
0.329252339081 0.656776128713 0.873080952639 0.390498023903
0.219289751912 0.846432063096 0.875417720432 0.53623879011
0.793962672771 0.568078755524 0.993081735723 0.523042733165
0.538399644255 0.350437163703 0.993590040511 0.69373190752
0.477711256923 0.307334359885 0.997343638101 0.0897073576564
0.264213290329 0.611428279397 0.999999844538 0.54298512757
0.583682600332 0.569734594349 0.992947058477 0.418779050445
0.292972541686 0.658010856221 0.981147035869 0.201594618969
0.582467853544 0.518300136042 0.997902315956 0.387225386604
0.258084522217 0.384529824285 0.961276012174 0.221466747846
0.315233785908 0.404300888751 0.999123866259 0.399270118617
0.382568555265 0.18682409329 0.98032308775 0.418491244421
0.24304056993 0.200459597949 0.918088560932 0.476032831827
0.628621067042 0.54416793886 0.665894805143 0.237493616493
0.37007756822 0.505534012464 0.999734428422 0.30866885811
0.374889642625 0.652259088575 0.998696883613 0.301994068564
0.645082349119 0.94211257237 0.990848641272 0.195437907533
0.458389738454 0.336966368602 0.744287305859 0.304803900443
0.595023704268 0.473551759163 0.999578983452 0.474072972025
0.330984155475 0.500188063961 0.999968438971 0.431852195726
0.643782015177 0.443827010256 0.986528649396 0.412027446278
0.719266092716 0.254843244601 0.996569870927 0.126294706186
0.407895444874 0.574100772922 0.998689748434 0.445836723343
0.334477762485 0.406709588577 0.997621174739 0.191979997979
0.654424044454 0.295406110752 0.999865615056 0.311405978961
0.483405073232 0.55961915754 0.996745138733 0.603880748569
0.686688832051 0.24226858848 0.760404749791 0.26022343493
0.110031403317 0.732932010612 0.945264547506 0.127805784985
0.169627036107 0.546275080721 0.849528703382 0.0880682236012
0.0384857016157 0.416600920518 0.987757331571 0.412377644461
-1.0 -1.0 -1.0 -1.0
0.298947406352 0.686081329292 0.999336511848 0.231254707413
0.572654236112 0.684437852626 0.995886800982 0.43949133085
0.150411846059 0.738580632489 0.889179568235 0.123920557184
0.89166182047 0.248222397406 0.924710714786 0.108588318177
0.87633052109 0.435008342135 0.999793819901 0.2635793777
0.920954905318 0.372617542754 0.999999827368 0.0347922740067
0.581645751726 0.416395754743 0.976051101114 0.289409079922
0.187172711358 0.594310392783 0.824816367314 0.359841714733
0.682829310735 0.536279220351 0.999458098923 0.38173688523
0.268818373253 0.904361706211 0.722702387715 0.171127405688
0.286061247522 0.304270407439 0.604402036033 0.266122545911
0.582535835547 0.687932900389 0.999984052678 0.389367224564
0.698914722084 0.731324056969 0.997249220508 0.141684570248
0.616668037187 0.294230072328 0.956339545145 0.252046138877
0.221931701809 0.636787071026 0.987320690653 0.532761268083
0.913358334972 0.7625195074 0.907757576086 0.174486586447
0.551613267057 0.230097868936 0.991214076863 0.396577653803
0.496303752412 0.806291933186 0.967952308861 0.277152441392
0.564965220885 0.293742246148 0.984690729602 0.391967377084
0.245240716515 0.524291657939 0.996367783896 0.417316635478
0.690105772985 0.423708844928 0.999973395081 0.297181450781
0.582119817235 0.238147925214 0.879341389707 0.513829505527
0.270841615876 0.868947214449 0.977275915748 0.153549053337
0.77401309473 0.529547081718 0.999966285622 0.363759388001
0.202077841587 0.216995024217 0.920728969167 0.388261449073
0.399866932859 0.401744367975 0.968969944917 0.32461399421
0.169914153588 0.79256805835 0.786175181 0.159989035789
0.350540487358 0.775995964924 0.86683767888 0.311587275418
0.611508768752 0.647950706543 0.84160448087 0.162371892583
0.531378656125 0.251511343849 0.907274962167 0.240001343535
0.586638764243 0.58166428282 0.994896624974 0.406095842174
0.331699917278 0.597108499018 0.997941678635 0.2453411615
0.674357095853 0.705933318874 0.999999620347 0.528567121698
0.49892832439 0.659500187401 0.935097550654 0.383734465135
0.351100092863 0.404806775033 0.973241017679 0.331699597577
0.262668598467 0.250505094522 0.999999997689 0.481472275076
0.832344920996 0.652362170898 0.983658145295 0.493640810295
0.742350557528 0.638305449226 0.901808800788 0.222861442239
0.338662295728 0.715754803718 0.999999989594 0.514262387377
0.390759072988 0.448770967057 0.999620819182 0.265505038063
0.536973845477 0.810644372615 0.943939603922 0.2313792978
0.321227060295 0.49425317993 0.989860720628 0.394928085679
0.513067887663 0.591854274243 0.998058082878 0.408729009221
0.789286403827 0.620930762268 0.994110162803 0.540520785888
0.208929655501 0.684027587295 0.998756784744 0.136860513968
0.724929981786 0.400620683502 0.999917396438 0.190898319709
0.701289175572 0.219198869979 0.898984309087 0.506435343463
0.106270516311 0.258491243894 0.996896837516 0.628064838551
0.35352340969 0.920733943952 0.903955071235 0.0823263080182
0.260147340013 0.356116973673 0.958401230409 0.435752354414
0.634542222067 0.463498440877 0.95245146464 0.393766199045
0.793468467162 0.423183617217 0.846692003973 0.397012208982
0.640923477451 0.585918099579 0.909019794419 0.529624736318
0.5855855294 0.777794307903 0.999201669824 0.460388414085
0.905809906857 0.468440712201 0.921422664381 0.126841928119
0.553253785321 0.747086030501 0.632162796639 0.215288603594
0.619789366104 0.518546996679 0.905181441698 0.322347549853
0.558807861159 0.846602995074 0.95275955163 0.148980765489
0.394805159947 0.426730015589 0.99951678632 0.3388044343
0.685621795005 0.362657600968 0.999370264128 0.257687944527
0.53262029926 0.421987503152 0.992194493028 0.368954165022
0.700621999545 0.542367570019 0.973114141425 0.443000531596
0.480714716479 0.544703826431 0.884804097546 0.326158362269
0.171041143009 0.390684053713 0.91620392882 0.464973619358
0.44456853233 0.291435423815 0.929149292168 0.281682586423
0.569191606191 0.42540507098 0.999827056964 0.546130811509
0.511696640212 0.417924166236 0.82413099539 0.221931632468
0.413698655449 0.817086844835 0.998040532321 0.311159841491
0.465897000525 0.214787462976 0.908951018634 0.292741961992
0.332747307042 0.586231453827 0.998131663205 0.230551586135
0.527464123352 0.523055894174 0.999834204281 0.276642643121
