0.707698344228 0.631809650261 1.0 0.28416547282
0.562047774565 0.265079673196 1.0 0.285310626755
0.627133498722 0.441841534469 1.0 0.406493017868
0.61408017274 0.531939705667 1.0 0.305975317035
0.809729813044 0.377625099274 1.0 0.323206964207
0.462644597492 0.282997246587 1.0 0.237614916241
0.594669358622 0.346157324457 1.0 0.131749475822
0.348452804472 0.700349831947 1.0 0.348584943629
0.629533125352 0.58447596576 1.0 0.374925822648
0.672572797201 0.470595117529 1.0 0.296470429615
0.562099942525 0.49371287533 1.0 0.248344820503
0.359221182596 0.69121852125 1.0 0.138285060595
0.413802921841 0.877727387282 1.0 0.0779357677389
0.855640224376 0.634371480921 1.0 0.142974612154
0.666345475545 0.306157353875 1.0 0.221357233047
0.608454824312 0.499330428693 1.0 0.353372470978
0.458271866608 0.646612231236 1.0 0.311046696606
0.511356744785 0.504972402306 1.0 0.117666118462
0.466494675441 0.616510976561 1.0 0.147788599523
0.765597190283 0.453881144084 1.0 0.0965188272896
0.245264247155 0.667879298769 1.0 0.0941266559857
0.508977728587 0.619898114799 1.0 0.384729335841
0.61592006586 0.249420085747 1.0 0.204292149874
0.571683090671 0.252652173383 1.0 0.118016732957
0.432280792317 0.758089158549 1.0 0.242465121483
0.24503385281 0.470040626507 1.0 0.154107370029
0.564958142237 0.703033167065 1.0 0.356170295724
0.825300483083 0.314973437198 1.0 0.264245967643
0.478314654554 0.594146655959 1.0 0.133311414874
0.324672858965 0.279516789957 1.0 0.353981823454
0.599668451176 0.638612807824 1.0 0.362285209624
0.356601427257 0.647727537559 1.0 0.0559664482179
0.55090890301 0.60414019221 1.0 0.0566148837522
0.405241646723 0.902536913195 1.0 0.0991668822734
0.285305092288 0.508395223844 1.0 0.176409059262
0.729479099802 0.471151786714 1.0 0.300996452716
0.293978699237 0.682603549757 1.0 0.424545728152
0.693410474791 0.364480650745 1.0 0.227185712285
0.718759184311 0.573213865729 1.0 0.326698292188
0.389709112715 0.393933284996 1.0 0.234844011915
0.439850228602 0.194175555451 1.0 0.197034544966
0.238132729866 0.501566942159 1.0 0.0674209784427
0.664506028052 0.687187342359 1.0 0.377104608052
0.649484300707 0.561155961115 1.0 0.151596225018
0.32477335356 0.419555235394 1.0 0.248972828329
0.388476438647 0.428300105769 1.0 0.394075947166
0.784021645408 0.562239627494 1.0 0.21287154018
0.277904514419 0.511154169046 1.0 0.304895441086
0.300599892293 0.628826442106 1.0 0.17480393356
0.542282324512 0.288013167325 1.0 0.255229228653
0.46829989791 0.639349490185 1.0 0.216067247214
0.261235325143 0.543041380705 1.0 0.210522968433
0.27690981053 0.613731141403 1.0 0.232075486011
0.642943901303 0.638252988142 1.0 0.282959499019
0.774635716104 0.277299310992 1.0 0.464222978179
0.671654677071 0.653719304157 1.0 0.0768088557133
0.459989047618 0.209744998154 1.0 0.264305868057
0.607633877581 0.473479608312 1.0 0.324084158616
0.399322945577 0.655574585439 1.0 0.236431659835
0.470138085183 0.321253823516 1.0 0.351658158724
0.494467457682 0.249092236056 1.0 0.266210489624
0.809754461846 0.784628916635 1.0 0.15675833282
0.561672668633 0.663627739364 1.0 0.265165702491
0.409890920664 0.52618102234 1.0 0.384326426452
0.573566609344 0.76030180334 1.0 0.271674019816
0.622165120943 0.291583768779 1.0 0.0913472523635
0.424544949051 0.762098278083 1.0 0.313380445485
0.339571364747 0.290112444984 1.0 0.261514136382
0.370563313523 0.2548494915 1.0 0.396605647029
0.319824263359 0.431114532139 1.0 0.368625265116
0.50240369185 0.566366616304 1.0 0.14881850983
0.371944569285 0.343569341778 1.0 0.259047146838
0.59087470889 0.317701415178 1.0 0.290838275395
0.662737520887 0.813013025759 1.0 0.162127273223
0.61476854086 0.216759489957 1.0 0.356105310016
0.488241338049 0.626418810112 1.0 0.241300559143
0.494972750002 0.489045731864 1.0 0.302520902922
0.269313200699 0.550576648104 1.0 0.384142337299
0.581864559827 0.402409376788 1.0 0.390952002709
0.507333904777 0.540450417852 1.0 0.269689014824
0.477824200288 0.34442137364 1.0 0.100530109932
0.625861214111 0.256558083111 1.0 0.157211492426
0.379257301594 0.552972247648 1.0 0.301131799863
0.279751264458 0.579927742336 1.0 0.351622984023
0.34031817326 0.681885444263 1.0 0.346825731635
0.570174617605 0.784304979021 1.0 0.12979894964
0.573420267843 0.575737747041 1.0 0.441468349138
0.709026020255 0.348560699012 1.0 0.403605079702
0.436608155359 0.398011084602 1.0 0.266243838279
0.402947360134 0.34418231665 1.0 0.348022574586
0.524105505262 0.596104173028 1.0 0.333365681952
0.481554372754 0.687431187328 1.0 0.363143888517
0.203190851545 0.572479759228 1.0 0.315764807227
0.554384279568 0.356951164351 1.0 0.402834673568
0.203083400793 0.385824196359 1.0 0.430223948524
0.597533503238 0.714947852789 1.0 0.437719358056
0.273318898382 0.37172259642 1.0 0.126896165047
0.347121286943 0.505359691332 1.0 0.361971409505
0.362708343794 0.390131080969 1.0 0.417398489868
0.100846616695 0.307521869482 1.0 0.219667842596
0.662192630855 0.512022324445 1.0 0.325794582926
0.706758912554 0.738264989122 1.0 0.370319405135
0.589870990816 0.768882286161 1.0 0.3394655478
0.596203187839 0.635768601238 1.0 0.182240193766
0.377391213195 0.452140052167 1.0 0.373638071837
0.777236929727 0.574401045459 1.0 0.279472748561
0.503562732758 0.723097667046 1.0 0.413019362614
0.448745261864 0.630240480773 1.0 0.377009901592
0.422609659103 0.235214313735 1.0 0.262585600614
0.545520244596 0.32015131284 1.0 0.236519161467
0.614968927126 0.719427350161 1.0 0.24109363199
0.584589489087 0.245584537715 1.0 0.112392998646
0.678395508598 0.43265528516 1.0 0.486317376383
0.647922252574 0.402171173007 1.0 0.21178434209
0.759672926964 0.645496299101 1.0 0.277417677065
0.601827531904 0.226959406341 1.0 0.0183961871668
0.502194506675 0.729038223766 1.0 0.307416217994
0.383912853253 0.424710913471 1.0 0.315876023362
0.755586346581 0.597335872151 1.0 0.475284418392
0.337748839361 0.739539842456 1.0 0.22438801113
0.864885024489 0.325420446986 1.0 0.186693322548
0.323383955585 0.36360061875 1.0 0.148988610936
0.237193168645 0.283033107636 1.0 0.132665747986
0.755689648014 0.351652271071 1.0 0.381013823005
0.531945593044 0.269123506028 1.0 0.360734788424
0.351504933519 0.48564243003 1.0 0.342386697077
0.668501662529 0.44025227822 1.0 0.374164006887
0.704651188876 0.812424739436 1.0 0.178249947981
0.608853017916 0.292501036641 1.0 0.161631689673
0.756353066108 0.42812903779 1.0 0.33028672944
0.252319004479 0.489576392196 1.0 0.336121858225
0.45794337014 0.678282444446 1.0 0.262236660674
0.361149661885 0.152302466757 1.0 0.337617050004
0.634654305632 0.479678424421 1.0 0.159801635782
0.433389977864 0.581964253919 1.0 0.258780704387
0.506750852265 0.555554745085 1.0 0.216414230656
0.380100615292 0.471659333162 1.0 0.367521065456
0.708910339165 0.447946624869 1.0 0.316817362241
0.673197992586 0.261095678428 1.0 0.0710500528715
0.255173329274 0.414446824448 1.0 0.463735478427
0.575229734458 0.473908101823 1.0 0.256114445019
0.707475240842 0.538743156093 1.0 0.190136939255
0.376259672633 0.326953415951 1.0 0.132050516178
0.32848497567 0.386810673079 1.0 0.372828292871
0.205768489298 0.602739140676 1.0 0.283727951279
0.48176900441 0.798014046272 1.0 0.192169010597
0.247969524385 0.416685347754 1.0 0.336073063941
0.733068394756 0.506789789186 1.0 0.0168306932685
0.481149522993 0.323880043179 1.0 0.374653552871
0.567517865215 0.667220052206 1.0 0.452504493455
0.736025630409 0.354715514446 1.0 0.245725027236
0.790735624867 0.718936207644 1.0 0.387050879871
0.611588839614 0.420777445162 1.0 0.381579872536
0.493257910329 0.313359471303 1.0 0.17177602091
0.716178602254 0.511957631925 1.0 0.261361864218
0.347163805505 0.243338982056 1.0 0.284879497495
0.605673441328 0.508837758711 1.0 0.320030452814
0.643346875664 0.268463929182 1.0 0.261716583642
0.210630373383 0.539073225129 1.0 0.226770053008
0.726148630924 0.559277155581 1.0 0.311771846293
0.59907943802 0.314258451665 1.0 0.326272591042
0.567371540991 0.232009221642 1.0 0.271482982741
0.807107295226 0.527636253438 1.0 0.353226485602
0.685071778468 0.569501679997 1.0 0.123039672315
0.398904648387 0.329777042484 1.0 0.209355991308
0.4566952434 0.630514974944 1.0 0.409896550577
0.579053598973 0.548662895131 1.0 0.462548935239
0.676219371088 0.656496069502 1.0 0.185058997629
0.814530922611 0.513026718181 1.0 0.214931571269
0.497709337825 0.461277962812 1.0 0.376509311792
0.329317362743 0.315997258045 1.0 0.300320810167
0.506179738317 0.28170552067 1.0 0.286964440281
0.566737311668 0.738596745101 1.0 0.36665756623
0.324085980576 0.450395667222 1.0 0.36916136779
0.756325852864 0.486070826649 1.0 0.337377762774
0.587056987924 0.231163894665 1.0 0.185228621615
0.725335977731 0.273299057793 1.0 0.0536726600672
0.700081911466 0.153101459602 1.0 0.197606198879
0.225551891167 0.38265489938 1.0 0.294558580765
0.563357753277 0.638645663244 1.0 0.537193594956
0.555631347998 0.25295587277 1.0 0.142521607352
0.3250486264 0.774215414778 1.0 0.372118536916
0.246446510632 0.534042134744 1.0 0.292633985972
0.500639713182 0.769212662272 1.0 0.268592054458
0.29353897313 0.420909229857 1.0 0.32475254551
0.407838192499 0.374889856694 1.0 0.136451673235
0.34084045309 0.709842089425 1.0 0.339742132686
0.434996746469 0.66652821824 1.0 0.379185569777
0.726190993919 0.631947481186 1.0 0.342293636503
0.692813549468 0.389072446628 1.0 0.397361319265
0.71953509236 0.26216976953 1.0 0.354780292883
0.710261746635 0.334512063656 1.0 0.390508009324
0.694397613287 0.469992664919 1.0 0.135512127834
0.429691580522 0.569658520343 1.0 0.140109302588
0.542420509701 0.281935044203 1.0 0.459072360753
0.603551157628 0.40077380479 1.0 0.517014502424
0.240491215184 0.469515778511 1.0 0.267490358527
0.345059121413 0.359937275932 1.0 0.405785807089
0.695576042863 0.497522379578 1.0 0.0809514637684
0.375672523138 0.572879962351 1.0 0.188979518824
