0.663034234215 0.969375775091 0.973348880529 0.142379889799
0.301784284638 0.440468094409 0.663764943666 0.17865191288
0.365053341607 0.69880247343 0.979217180784 0.222502306751
0.383571482709 0.477630470354 0.878712157957 0.275062309406
0.884733273003 0.454347615376 0.926160273286 0.128056168178
0.334783374316 0.388105217983 0.885586849801 0.245661479417
0.363525169566 0.352591681079 0.875855866512 0.136041132899
0.306746166103 0.0775949238471 0.819095411212 0.266453922127
0.395941289968 0.37906464763 0.997504914017 0.226948508344
0.759036818296 0.667121714966 0.52278454007 0.328343750163
0.201042772492 0.683258724854 0.943614045422 0.245423382867
0.259015090954 0.830109672009 0.814733663974 0.283984808478
0.458991859853 0.608723586643 0.993021443395 0.334273707481
0.389125843954 0.570571814211 0.586879892363 0.243581618837
0.718262756229 0.671459739364 0.940748165285 0.303394118825
0.565307270501 0.419119863977 0.901815550954 0.228454248517
0.415655173842 0.888600633273 0.981716273022 0.248134274412
0.286665493744 0.417673369422 0.917892049984 0.215034032459
0.341736064741 0.434161082392 0.987705462083 0.279414759722
0.829109758926 0.625958253652 0.931923783385 0.172806118019
0.666811635642 0.545157550325 0.913496701448 0.23388245378
0.157786364519 0.692807785081 0.882566902975 0.181125179565
0.365257194308 0.139530533834 0.61069386514 0.104072710408
0.911514698359 0.60558518482 0.60442249901 0.222652923801
0.720801847822 0.575636884571 0.994232861593 0.090453417647
0.788825765536 0.144386338286 0.659658655304 0.257663251537
0.594164637937 0.551776736509 0.915224906819 0.209212987901
0.759366665294 0.372233935743 0.561595807367 0.272149973498
-1.0 -1.0 -1.0 -1.0
0.646051295753 0.139009796343 0.993306880917 0.0979177590313
0.789971376491 0.333939876409 0.719824001612 0.337340583497
0.103122925283 0.575530342194 0.755285487189 0.197533407921
0.271054057975 0.672371772406 0.966736765151 0.167069102799
0.731759381975 0.776089500732 0.623068156355 0.110280252339
0.492822740889 0.650664035863 0.978786605487 0.232751938099
0.687200799509 0.572108938752 0.899670312375 0.15638253332
0.894676206325 0.5642638474 0.513703822397 0.262335224425
0.45345405569 0.637086797013 0.932018361438 0.17215689654
0.221254891149 0.604550355256 0.993064837042 0.251368252284
0.243306081902 0.672387177972 0.567865924592 0.132414761659
0.676677242088 0.737703604967 0.508738031253 0.286299829961
0.318467991742 0.55892784038 0.991208467771 0.240255568832
0.347457657097 0.63261270021 0.906374042666 0.290220750086
0.359013391993 0.273110634308 0.921503142688 0.183492644666
-1.0 -1.0 -1.0 -1.0
0.647047153055 0.752375354236 0.723876029345 0.162882525561
0.309096918265 0.386995424027 0.70632488155 0.200079957035
0.873051341212 0.0776830833839 0.88312651154 0.0702144464417
0.388845664401 0.654936527692 0.768285556714 0.355578612099
0.673607689595 0.814164625944 0.772388838838 0.298917310222
0.78174690526 0.524547438534 0.999990930127 0.241873280819
0.277638115919 0.683067977314 0.633813816605 0.234342483979
0.589802779386 0.175527725067 0.893712317537 0.317271513693
0.51903039135 0.14772169961 0.856203576677 0.250401896235
0.382541747499 0.658152101627 0.999640705955 0.356462419714
0.204577749606 0.870891890736 0.628562991465 0.239143879034
0.243796446564 0.31209143303 0.793803892836 0.260117520735
0.671098503383 0.841282217934 0.512292109236 0.305328106229
0.676349101126 0.3455555063 0.940433311526 0.333343988903
0.812538276347 0.336659651173 0.7122119933 0.143106411178
0.760933210053 0.217538982555 0.581070782107 0.193982044055
0.250137797024 0.800436107255 0.865573522773 0.227584274895
0.554288825464 0.686212340192 0.590313118468 0.194121102346
0.463524122078 0.127297960972 0.676297500986 0.2715018889
0.181528439136 0.722311746571 0.502798599993 0.265942989492
0.693117361795 0.742147303705 0.704101480113 0.336443612656
0.702729363313 0.05140168007 0.643232120339 0.240982087883
0.417716803275 0.170624994343 0.939533985951 0.208174132533
0.367090728137 0.496916467816 0.913834596874 0.108792931533
0.550693560395 0.170726078178 0.585783917072 0.226784647778
0.875059741261 0.858508580101 0.748186588551 0.188776742945
0.572140062417 0.749921363089 0.643367917787 0.180986370168
0.719650877401 0.609411156853 0.96527880603 0.266611888627
0.887501612509 0.159677995899 0.590303909644 0.288751266173
0.555805606119 0.560572658626 0.916083590482 0.137816479072
-1.0 -1.0 -1.0 -1.0
0.375455662724 0.34147138848 0.941851856694 0.247084913243
0.766505357136 0.663439767321 0.651317024887 0.175611826886
0.482691062429 0.235554995911 0.997154317892 0.170286143884
0.211603705372 0.188444103945 0.991807918344 0.208753128141
0.550585703691 0.477411075109 0.993449194981 0.219816529116
-1.0 -1.0 -1.0 -1.0
0.601092786657 0.456639773602 0.747918989076 0.384089634462
0.271795749687 0.364530094099 0.536819401586 0.158173549063
0.592282713015 0.296561721786 0.786764223837 0.246025159781
0.546346437288 0.338529408585 0.983667608388 0.260643669006
0.777508148325 0.26101588456 0.875451704684 0.170120097038
0.330541602412 0.188679029686 0.979672100548 0.239679910697
0.545070369611 0.352114950391 0.99579311424 0.263384236875
0.254319964269 0.647327046356 0.978604664997 0.0604860795145
0.720243778173 0.267632199232 0.985149480116 0.170237629493
0.353105773867 0.166156415155 0.877674893223 0.232668521419
0.783369664893 0.729455251054 0.920158438779 0.255520244389
0.255375174627 0.82375075521 0.51460749756 0.387127424423
0.812428876913 0.487390879112 0.92626771199 0.285158085774
0.515197925053 0.289327782524 0.903493634032 0.24044087412
0.214371016371 0.781630785785 0.667217056025 0.378088005663
0.678435846177 0.19665713437 0.930885491621 0.270192070858
0.345865902643 0.779391225427 0.985599111106 0.165349427083
0.678003647104 0.561245310408 0.982524189823 0.34032097972
0.424215609863 0.61840667214 0.998797605465 0.186537322638
0.43847875429 0.76235264906 0.834573976795 0.242384556056
0.308823214812 0.739881109633 0.660585115936 0.237061266307
0.582691714897 0.79951384571 0.589590693637 0.356657978205
0.575546831925 0.753666355163 0.806431163443 0.164106196449
0.740947616959 0.327317976174 0.682008678699 0.290270339774
0.602715095158 0.33924437126 0.882213604977 0.21196077083
0.137999772966 0.326765156208 0.687419190536 0.337802217004
0.0837793548995 0.237240057228 0.5336718915 0.213048078365
0.357428831289 0.482383921944 0.972128979919 0.147174291614
0.449645231093 0.529840431274 0.933465574543 0.140357977884
-1.0 -1.0 -1.0 -1.0
0.424086853938 0.696218420627 0.970264089275 0.306635018253
0.722580985777 0.334647943191 0.613658933834 0.18320220844
0.1182884369 0.845814449218 0.584315857709 0.27478503965
0.497995806083 0.223280904015 0.511726709106 0.261290376651
0.272272880757 0.502219120685 0.902472525205 0.1514777773
0.381934440248 0.517363677828 0.849212780094 0.280432684386
-1.0 -1.0 -1.0 -1.0
0.689674344819 0.506989076459 0.609619583926 0.138565652961
0.822914919951 0.311273848221 0.939040525397 0.118991697571
0.546351659121 0.250091894483 0.969949675414 0.103865446646
0.635212308115 0.438153804743 0.995928829693 0.337380341288
0.304122092806 0.758621621598 0.960059019713 0.191203366695
0.796686894293 0.626405497507 0.830115618001 0.255811077798
0.695993411969 0.296884875231 0.573985282913 0.287120564524
0.627768314326 0.862653870446 0.790292159201 0.220557407659
0.440409946993 0.520185244558 0.504700149096 0.221883218552
0.710275043876 0.885773881394 0.547911192272 0.342581979464
0.61683684715 0.1846343675 0.631464684337 0.360631888047
0.444884879643 0.265579075858 0.576723097159 0.24892726594
0.306785726428 0.581947506836 0.929754168663 0.34751300381
0.928739505301 0.266928862582 0.640888052519 0.215979141129
0.762387162998 0.548982631545 0.592346909223 0.281606646575
0.403871955944 0.661831536313 0.944482456965 0.15666850405
0.541933217542 0.545891148855 0.514540481908 0.258243019795
0.375912528825 0.158815423545 0.933496730255 0.288208746819
0.447567343066 0.482471688078 0.991370217304 0.354144190462
0.614191702405 0.319135402713 0.718887540829 0.210959285731
0.642616482552 0.286385799593 0.510119418869 0.321666684904
0.408883798125 0.503184392624 0.809262804748 0.226873379262
0.145725631393 0.718263703547 0.708439258356 0.250855257154
0.106555867633 0.560790287384 0.967914901913 0.109226412296
0.604771969932 0.371026905112 0.602562795103 0.309377962661
0.448198221084 0.467962417542 0.945839179795 0.255954971982
0.430230445202 0.428041550827 0.575009999414 0.207038500079
0.505171213086 0.294052922988 0.617660575917 0.169073102367
0.213174676087 0.729926696094 0.947550694469 0.299794412238
0.274512220654 0.375503413205 0.967583452405 0.340459112973
0.520535456652 0.583883110399 0.870752369255 0.26365310355
0.247395893047 0.623101810247 0.789367799375 0.262632390703
0.533311015985 0.366521489566 0.962416012893 0.257005564728
0.385690106755 0.686316072302 0.664129972481 0.155887769677
0.461944887073 0.800945332824 0.852097378056 0.180781422774
0.57823977523 0.188627304177 0.524959269367 0.297504695788
0.388127313156 0.49824383289 0.842098182178 0.120854310021
0.493581735849 0.741608870284 0.957999515781 0.145916757039
0.816329703181 0.400993764898 0.969135087382 0.133051810733
0.652568396534 0.471029774997 0.999981806765 0.221514777544
0.297451349446 0.189760658468 0.775633246618 0.183297732225
0.481822530062 0.72289384552 0.633259686416 0.203367199327
0.544079755768 0.544841639186 0.999199032981 0.34983272613
0.238983096434 0.370314954636 0.99224368106 0.251176935524
0.642006992468 0.747598357948 0.711485362817 0.326079414633
0.76497348137 0.599091217573 0.664985084388 0.32771939011
0.247241788895 0.239396673311 0.589914353041 0.334363231668
0.778338432938 0.732303580118 0.953635317424 0.133937362786
0.418025012503 0.710928090149 0.754913783672 0.207074477773
0.608797213102 0.826741842973 0.857842818091 0.179035393858
0.590722351778 0.130676218694 0.809670936062 0.130267946198
0.795353393794 0.146664545139 0.541176271147 0.456042505564
0.809355454625 0.620333361896 0.89345915777 0.261211423973
0.542764623114 0.183694873846 0.7452543923 0.229289585529
0.589421216655 0.534422105162 0.693332411791 0.112371789184
0.552176305339 0.502187172067 0.9027003749 0.210077376193
0.529279907382 0.677086316275 0.595210163707 0.252057375249
0.389091015834 0.386968116175 0.953597966145 0.0892258531813
0.184950092164 0.721284769701 0.996153463574 0.362507237901
0.29375826836 0.676084267539 0.667224338507 0.138066723222
0.42977093891 0.711847077493 0.729222545645 0.333800831725
0.664910797424 0.446661416582 0.969114876706 0.281122901231
0.681749862302 0.466673550094 0.835068688309 0.29126530816
0.126564740953 0.552891522968 0.779189577359 0.182663296017
-1.0 -1.0 -1.0 -1.0
0.472508802257 0.715937368019 0.50402823457 0.263639268885
0.660715388323 0.474837197043 0.988029163033 0.24386219041
0.155785063362 0.245353416776 0.741798559109 0.173003104182
0.268217987255 0.260304154323 0.964137046299 0.125976962477
0.165910536855 0.254460026389 0.693559347515 0.232820158897
0.450832886378 0.106469294683 0.832985132457 0.211820765605
0.641840281499 0.276152163712 0.812329597861 0.243149584013
0.777862258227 0.421778662232 0.998665164289 0.118601955929
0.667189329142 0.67860831476 0.52831350466 0.157057062697
0.0551795940347 0.153054500773 0.781435225257 0.128428856655
0.560705085246 0.511103550694 0.772631687184 0.135247076296
0.661134721017 0.314677863215 0.70177913109 0.185320846715
0.423305103978 0.830659842293 0.702406415792 0.113952575726
0.45197655487 0.265742961472 0.662786100263 0.307463976509
0.80251789014 0.21007813118 0.569414983644 0.273215291945
0.548118958878 0.741841675779 0.848494202073 0.287850540878
