0.42708301568 0.677389378849 1.0 0.350782056475
0.834652768882 0.457657253625 1.0 0.147649664613
0.224205834966 0.530220125452 1.0 0.418106533551
0.775223283701 0.331859662897 1.0 0.120965278699
0.305534661115 0.274229112061 1.0 0.147715052754
0.610911254649 0.389525506636 1.0 0.293875288081
0.519091055606 0.476874350053 1.0 0.299002282059
0.619274709537 0.608694650737 1.0 0.341810445835
0.381308993438 0.266276092954 1.0 0.236975004279
0.52275129286 0.66801918824 1.0 0.328164522916
0.705266531804 0.757655351671 1.0 0.285336612007
0.837039716499 0.60803577705 1.0 0.278384027439
0.478895376555 0.855951186758 1.0 0.328301863457
0.285615818699 0.498225414864 1.0 0.0345371930998
0.672855660441 0.434950856848 1.0 0.304445855622
0.486712398825 0.449799274565 1.0 0.137098886282
0.329860954385 0.686988495048 1.0 0.268131515157
0.568756330053 0.609755558322 1.0 0.0854089109068
0.141581386422 0.541745754491 1.0 0.163642971104
0.794236000207 0.603583726813 1.0 0.342124970742
0.435497206677 0.344447722775 1.0 0.13139322264
0.630969524633 0.117463936735 1.0 0.333595517105
0.566934107425 0.714612116571 1.0 0.284589034958
0.657041913831 0.677283880526 1.0 0.0882230222267
0.322874752989 0.578669726067 1.0 0.278990051956
0.668439598197 0.691462618564 1.0 0.319370112304
0.262750942036 0.633199585462 1.0 0.261277254734
0.402270202219 0.597202468598 1.0 0.410206064478
0.475602339677 0.372685693147 1.0 0.416618479977
0.28397225553 0.431550602212 1.0 0.191737894258
0.852827577722 0.317159442628 1.0 0.165014460461
0.670581471258 0.689324664624 1.0 0.240209943024
0.47907487635 0.33220511629 1.0 0.411698111964
0.56186522613 0.598204255205 1.0 0.240168749878
0.243414491671 0.527883409182 1.0 0.237773513097
0.356441759548 0.566402214981 1.0 0.365683649552
0.686409863363 0.389165946003 1.0 0.186904644848
0.741582540786 0.629629891048 1.0 0.231750821842
0.666223840597 0.430910284098 1.0 0.192840050953
0.659478845882 0.307296897922 1.0 0.257315021516
0.332627625081 0.79779909521 1.0 0.379589008876
0.486325699854 0.837660337297 1.0 0.247559028678
0.485563151027 0.422922806609 1.0 0.0933253185213
0.879992995619 0.430467555969 1.0 0.329863744334
0.5238046998 0.284674504971 1.0 0.25790558509
0.716989865513 0.549299590849 1.0 0.280654280358
0.413371879452 0.358418246642 1.0 0.274767529362
0.220658116036 0.460232909136 1.0 0.450392553794
0.731358584869 0.419197054931 1.0 0.263603644728
0.801388644303 0.410155114503 1.0 0.150145795877
0.320159602121 0.433027508634 1.0 0.300897842698
0.368828605723 0.290503103352 1.0 0.346361262048
0.735525133476 0.681397276281 1.0 0.209254118737
0.245824231807 0.41684171418 1.0 0.221306222165
0.490490004207 0.459746373129 1.0 0.145424007077
0.618808487004 0.638832028786 1.0 0.36161408137
0.520385316822 0.447819328686 1.0 0.475300296025
0.381151828548 0.748130722719 1.0 0.274244902977
0.849442335794 0.678139118937 1.0 0.100269843718
0.351893135265 0.140915197616 1.0 0.0464805761911
0.255848622528 0.25240862402 1.0 0.475103531669
0.47169548445 0.521001717349 1.0 0.114114819581
0.584464969163 0.773897427547 1.0 0.359518227446
0.520095484296 0.2078486548 1.0 0.113861695903
0.739908397638 0.566674113947 1.0 0.211009390268
0.569420690053 0.325264808208 1.0 0.203185926988
0.397846638782 0.670586023168 1.0 0.110369184976
0.238174525683 0.67803839416 1.0 0.203528664442
0.682397741943 0.543478601978 1.0 0.311211062371
0.310309357068 0.622454789901 1.0 0.0705858802748
0.788568729264 0.706620187456 1.0 0.27154321491
0.109346461013 0.718808316821 1.0 0.127476226895
0.490536120255 0.340732764773 1.0 0.0676782604251
0.766061577178 0.655825789146 1.0 0.421564199768
0.455632977886 0.262499290572 1.0 0.165041295692
0.502267987673 0.6454092585 1.0 0.141699785425
0.654092815172 0.42928336328 1.0 0.324889497205
0.290666205661 0.593737555891 1.0 0.323821929408
0.468898746241 0.329325856902 1.0 0.0677686208358
0.292850074907 0.668949750238 1.0 0.230957818211
0.651357631322 0.383347040099 1.0 0.167469853016
0.251439271687 0.703586359394 1.0 0.333979022672
0.704441541918 0.346628399908 1.0 0.197296745244
0.405378667812 0.692415940454 1.0 0.26886150438
0.801715423152 0.28927633034 1.0 0.224226351539
0.628868522231 0.387224183197 1.0 0.0266999013424
0.415515964424 0.407504578795 1.0 0.188270647473
0.700946846399 0.560702215266 1.0 0.20967357688
0.587251376107 0.670982117744 1.0 0.324682930386
0.358055574239 0.423958853024 1.0 0.391087838587
0.566066239017 0.168156444502 1.0 0.222760152677
0.576040848443 0.620929735772 1.0 0.14449544232
0.597271529701 0.252838859561 1.0 0.36953154326
0.720652528685 0.467034955761 1.0 0.280942721585
0.592212859634 0.338472996132 1.0 0.317862941618
0.542215872735 0.422592182054 1.0 0.175004465967
0.708769586317 0.491319005672 1.0 0.197873738011
0.220923920286 0.656226389937 1.0 0.24494844425
0.663112360789 0.55070444732 1.0 0.28418248463
0.810397233149 0.459423497174 1.0 0.238307165687
0.592759957212 0.730092016361 1.0 0.2664297058
0.306908942159 0.793683913976 1.0 0.261195593864
0.352777867862 0.553925210347 1.0 0.158597381446
0.8230179615 0.323512054719 1.0 0.31694763297
0.227634806979 0.828021927411 1.0 0.307320489853
0.415717009283 0.256108223072 1.0 0.0723770954205
0.692338033784 0.57718176152 1.0 0.0709106949403
0.238763889352 0.62276787267 1.0 0.190943415031
0.40253179482 0.313489260195 1.0 0.16431198003
0.753663760728 0.43449317836 1.0 0.271286107372
0.689690669023 0.346598643399 1.0 0.290660620431
0.326511774287 0.516587619485 1.0 0.0375924327242
0.640623841259 0.432892567445 1.0 0.323207204303
0.850492232362 0.436546292556 1.0 0.132241577478
0.489713273378 0.392412430222 1.0 0.228541370739
0.526828166322 0.302004683754 1.0 0.464354241158
0.499682552531 0.612005254439 1.0 0.332119522239
0.280043841424 0.48781527959 1.0 0.305340333539
0.524043502049 0.624809584886 1.0 0.226959093801
0.221556300799 0.670912054743 1.0 0.151390266592
0.645601678944 0.734913295786 1.0 0.263152339919
0.762799472351 0.565913104595 1.0 0.261342640885
0.480946258276 0.55963542038 1.0 0.169144494754
0.374070444957 0.284027193112 1.0 0.185107458658
0.780446564032 0.806053713 1.0 0.249925056675
0.389883768549 0.413671258224 1.0 0.14286391092
0.250999077736 0.641553624163 1.0 0.294917284302
0.578182887967 0.548163442738 1.0 0.0551627105236
0.560405123701 0.20283008599 1.0 0.375064422953
0.719768400659 0.328249165927 1.0 0.109064335696
0.17204921405 0.658743848507 1.0 0.292425760281
0.439087670386 0.679265197356 1.0 0.182362721855
0.568079091399 0.824224867093 1.0 0.294336595383
0.585972742618 0.561059472604 1.0 0.332673737844
0.330694517968 0.425640093234 1.0 0.234654992573
0.426861256615 0.408492245022 1.0 0.270116266242
0.514583322475 0.493014607963 1.0 0.444613244219
0.55356899179 0.141746782854 1.0 0.197865585187
0.349647955683 0.688699869386 1.0 0.298652929048
0.823243579241 0.464383993061 1.0 0.0730461790309
0.324735074037 0.33751258045 1.0 0.244074957447
0.357470159617 0.542932020759 1.0 0.294157505884
0.314027309219 0.542547236435 1.0 0.398366650288
0.527961197968 0.342626032044 1.0 0.2063549074
0.6549015085 0.538088430511 1.0 0.0150501050237
0.390379709105 0.536142340962 1.0 0.336990085698
0.275554810495 0.463800015937 1.0 0.184963155954
0.302912165761 0.269299272161 1.0 0.191710390285
0.257146191595 0.690903343272 1.0 0.426265841182
0.633352814524 0.434971327973 1.0 0.490990687913
0.652655954029 0.558902302055 1.0 0.355604708942
0.341881295911 0.511906940146 1.0 0.149414317598
0.511738491227 0.556296403093 1.0 0.0237695346076
0.298557825143 0.530849888686 1.0 0.36601769502
0.190545871319 0.643708476664 1.0 0.126010268299
0.271416604843 0.237541313794 1.0 0.457949706955
0.717384965866 0.657272416888 1.0 0.240437326129
0.155011460192 0.45624214442 1.0 0.128491275339
0.667057802294 0.330178139021 1.0 0.382319157404
0.480369990899 0.465421624879 1.0 0.494733569305
0.337607290223 0.521877130001 1.0 0.429666508103
0.704977938472 0.417283381977 1.0 0.0438398340535
0.300509631111 0.733235663224 1.0 0.388917308106
0.585542340391 0.368244996943 1.0 0.34732225695
0.576299351958 0.571100764277 1.0 0.231247992626
0.375310880821 0.688714314286 1.0 0.105523148662
0.877883501146 0.440122752876 1.0 0.29010148844
0.395206312259 0.501071982146 1.0 0.385619662538
0.326271597272 0.456006480319 1.0 0.417462127014
0.282095602064 0.721850562094 1.0 0.274770958579
0.745247412861 0.510844491629 1.0 0.238635493312
0.793385389376 0.539275645174 1.0 0.198774185413
0.651769497534 0.720057594687 1.0 0.266811828141
0.293924196076 0.371381791417 1.0 0.151843999804
0.68366828081 0.573253537562 1.0 0.0744066064118
0.210245638061 0.59504666319 1.0 0.01617686271
0.355012519275 0.309741435827 1.0 0.404133847335
0.740347537136 0.67662413374 1.0 0.169468864896
0.513021472087 0.719541452191 1.0 0.451060063723
0.549486199655 0.252466637578 1.0 0.0908667060977
0.70958858713 0.568635137766 1.0 0.406530959508
0.517763861263 0.264628275058 1.0 0.16381032132
0.644422987942 0.4912895767 1.0 0.193413932332
0.587179890269 0.322309317774 1.0 0.235266785583
0.491360402609 0.651646321715 1.0 0.368003563848
0.325686002675 0.466415959638 1.0 0.281003379995
0.330554451051 0.113792788484 1.0 0.103496889642
0.739206120392 0.315075428955 1.0 0.279553211263
0.269032382991 0.568808820401 1.0 0.156428200752
0.316529274366 0.495820319486 1.0 0.207470394621
0.70966918294 0.639703287556 1.0 0.26108720769
0.672155912444 0.526965851441 1.0 0.367906801733
0.312329465996 0.330425242155 1.0 0.419780999506
0.288056119523 0.311032265112 1.0 0.072607530214
0.8405751465 0.311414422787 1.0 0.0563383451428
0.681352275057 0.629212222067 1.0 0.226205618039
0.672852031671 0.588032913518 1.0 0.403132365907
0.411056870224 0.464716594538 1.0 0.389097242324
0.444011787118 0.408141274297 1.0 0.20927671217
0.668890370534 0.403929762148 1.0 0.287630171826
