0.0971146588739 0.71142591617 0.993415572338 0.23981288898
0.105915516558 0.462825428117 0.971491464586 0.109782430043
0.685058607072 0.491690055832 0.999999925645 0.395792237411
0.733661814544 0.0358535074996 0.691131879736 0.0592748136946
0.197533489545 0.779413550037 0.999286945739 0.304814959511
0.472349669562 0.626643115721 0.999999999476 0.203156055174
0.475908887415 0.84473840185 0.852315116164 0.279954356097
0.637862061451 0.74751541563 0.997322869272 0.352461521754
0.375361422475 0.857340093024 0.779746235035 0.348196898127
0.471061750819 0.656839354339 0.734608991914 0.279252140981
0.521102540756 0.749773719439 0.959168256168 0.341905374808
0.486682612682 0.543272412552 0.981004230487 0.21758747218
0.688581802048 0.537319138794 0.984899401944 0.440778661152
0.244227425568 0.729603727688 0.961636010253 0.326330548096
0.843190444 0.672123926732 0.713174421695 0.248954419327
0.123733271889 0.775554366627 0.980261252458 0.499051727425
0.609220813145 0.280790773334 0.560059449797 0.266484187103
0.683482677333 0.847934699713 0.660436370691 0.467669978966
0.786406940614 0.420263422688 0.996086346997 0.589364239791
0.418263037969 0.578333655506 0.933937391174 0.373375513978
0.622357429389 0.161603621576 0.972863876315 0.252091938704
0.617003383419 0.462408715856 0.911344360003 0.35757503508
0.619681504549 0.559739323625 0.999185023615 0.245206494946
0.379965545939 0.503634602932 0.961547744127 0.345292860723
0.864000969456 0.88305887188 0.993850205203 0.549886427632
0.651370441807 0.171063357586 0.940586089319 0.308073957667
0.287295939054 0.96159898986 0.879086960154 0.127870862104
0.567731850088 0.107125417941 0.945711203679 0.139044340738
0.756475090723 0.418292284679 0.997651955267 0.231822675264
0.779265881521 0.221401631301 0.854340033421 0.437447347875
0.82006633036 0.517333062322 0.964632644115 0.154712280181
0.772107394196 0.299141036727 0.999945358862 0.183475965703
0.35560551055 0.781228467996 0.818257475121 0.311558822404
0.523509224785 0.625683150992 0.997684519451 0.32695463749
0.581236563833 0.528888096426 0.528981859655 0.315286472929
0.25182889922 0.835180200639 0.999997319271 0.456660512528
0.671160732645 0.527072152226 0.997291596273 0.309488648894
0.354867231628 0.592727756949 0.751404088154 0.243242347082
0.459351030632 0.218846523896 0.987774112878 0.561862426906
0.221525459756 0.61203190115 0.996125250095 0.34962318193
0.64815357295 0.521470381354 0.99972984405 0.448562565875
0.218204795594 0.356643340341 0.767354847469 0.373121126075
0.708804566763 0.0939223772359 0.824357212392 0.0909586841727
0.39487904929 0.25106328296 0.995129702661 0.34305484477
0.492336202073 0.58034883608 0.997548625089 0.382933931133
0.648996464358 0.272009230984 0.937201468093 0.421195515969
0.513625906742 0.598762347399 0.982307410699 0.17613360157
0.337746838575 0.556235292471 0.9529694866 0.289172117775
0.363435996837 0.286118718732 0.532258257621 0.258778785061
0.369241579838 0.364578380359 0.999179290685 0.316348708729
0.741959910658 0.68336624555 0.970801717835 0.0557430802357
-1.0 -1.0 -1.0 -1.0
0.723930729605 0.424970793202 0.986691299972 0.343244352446
0.566595719856 0.228659980919 0.977050035345 0.270367875872
0.359982058482 0.32360492593 0.999802640396 0.312638783503
0.0975654854934 0.322919813496 0.711142619982 0.174959841988
0.564089702016 0.530404040789 0.761559775647 0.218787077823
0.444705194333 0.0621127652142 0.576085626548 0.34090575437
0.298554067497 0.39569846212 0.999162052418 0.444712677194
0.685360136142 0.412391653197 0.9919568188 0.422710604529
0.663449153627 0.329117111885 0.740579151723 0.167845791903
0.36969478104 0.395100392785 0.999942956119 0.287977458667
0.0978153629552 0.216420655867 0.671204462821 0.183192337703
0.391945802306 0.390475154288 0.991387049292 0.446287555978
0.368793941143 0.280152683797 0.995006440817 0.633706638262
0.521107982275 0.163562356084 0.893313898031 0.21542607852
0.352142194214 0.828992398499 0.945537023973 0.104796538643
0.1532754592 0.938291212542 0.99154608203 0.106215197872
0.780768273751 0.623521314639 0.879935542563 0.328506155713
0.75432684782 0.163290523111 0.991281075004 0.22869552589
0.646403496608 0.92762883265 0.773175612247 0.50976533208
0.407878522229 0.333691451161 0.999913530599 0.186257703543
0.276274604743 0.84526099571 0.885529429234 0.113217265387
0.724008020749 0.871572698623 0.882364833655 0.157845077331
0.726257680028 0.247313785526 0.986057754047 0.499124496407
0.372136751924 0.210448923636 0.743363355384 0.211540921912
0.254072246248 0.589741990904 0.78235743869 0.381656632949
0.582108375607 0.711005523715 0.999760310458 0.364853250841
0.322933433768 0.410394708154 0.945406171838 0.203632240533
0.466862418026 0.516501319049 0.979641141606 0.359879519121
0.527605066166 0.779199318844 0.994471827369 0.239086358479
0.38111564208 0.329311266926 0.999999999985 0.566740214696
0.419289785975 0.236591009567 0.999996655984 0.0633666239555
0.439948256185 0.410404688645 0.884470236892 0.647530051903
0.712823230391 0.509336170956 0.997399187873 0.291555299597
0.413786853201 0.139963267406 0.971007564168 0.360288319316
0.506132386355 0.285977016421 0.988273861631 0.172284523346
0.26652741147 0.479077532734 0.962281993014 0.139299623893
0.456057294258 0.588542241346 0.959067293265 0.41232484396
0.438912229629 0.772877864561 0.999461277665 0.345264507706
0.597827303251 0.288476202458 0.999993222454 0.289504589977
0.27863577205 0.489436515293 0.868702202909 0.445992786946
0.653677083457 0.509278986673 0.60030296921 0.404278072475
0.356944441358 0.815682022394 0.917370233807 0.232342633629
0.603599135011 0.524006698073 0.99946414339 0.330710253086
0.204448783979 0.850778863339 0.556892304203 0.105611177451
0.381277245507 0.294648297163 0.95476287624 0.139139955497
0.475424886696 0.503164548259 0.589148559371 0.309142701902
0.586312103909 0.321291373873 0.999988055863 0.301954708794
0.610020037224 0.463653440575 0.998554737025 0.633888586208
0.246904158008 0.598627941468 0.99998064512 0.463178395475
0.683112052902 0.693321621316 0.975519008478 0.373019231249
0.294960204265 0.654677966477 0.995506832648 0.208680430835
0.516413867832 0.677247434258 0.948437531961 0.256605956937
0.523650387439 0.576670287741 0.99963503224 0.221688070576
0.593879293512 0.386224466417 0.995855948488 0.170536505198
0.459127147661 0.175243445186 0.97598130644 0.490442650779
0.72688955556 0.723535277811 0.78853568447 0.331699382441
0.574066160103 0.461212938243 0.516487765777 0.354946084894
0.381584511375 0.528912124475 0.759821076852 0.260887724684
0.540928666982 0.667903206813 0.99994261835 0.543841030049
0.702900630275 0.447421355667 0.997647260765 0.413380629392
0.221068706405 0.455833767451 0.894704538119 0.237825829255
0.505354967362 0.404984287022 0.965601369901 0.396319611567
0.374215378545 0.363581804879 0.998682715983 0.158271347201
0.0769700281656 0.237955073033 0.774565320902 0.056354251447
0.207256826736 0.563249963644 0.974308784921 0.314560340848
0.105447970874 0.824601931096 0.997924542175 0.097990192978
0.212945429474 0.681139014011 0.892305739634 0.160008048304
0.517081803724 0.584218510616 0.998295568244 0.509307892326
0.477536677981 0.546430369488 0.993571810022 0.256009770072
0.411997356491 0.759535397339 0.759218209026 0.283381883602
0.212488218715 0.48411750025 0.959088932342 0.309774076514
0.766378485511 0.117965961325 0.970048219582 0.0259068525544
0.189731582721 0.458318452899 0.64592261851 0.0818673806252
0.544790233142 0.279111288269 0.999876867007 0.51731294018
0.393818148387 0.239933389761 0.999544494357 0.321038066306
0.380107240813 0.53150468506 0.999999916355 0.429231365414
0.61537684796 0.788607573177 0.754375264986 0.337019201335
0.546921879901 0.510338033828 0.957197648557 0.29471759599
0.372037583951 0.535697636512 0.985348213492 0.428306069173
0.508176517895 0.319898087249 0.99999561285 0.418609476905
0.726407948928 0.327856317093 0.87402840999 0.35228503366
0.553699057991 0.429524827704 0.943163340126 0.406726173422
0.56010240431 0.194113391171 0.987857461568 0.269425246202
0.844640516928 0.777362223953 0.967023895032 0.353741539226
0.331487386827 0.821805743177 0.965083386284 0.304037372949
0.34169296129 0.802410467388 0.989436442236 0.260872453
0.48880683335 0.675344780281 0.991894825468 0.522447795463
0.626395865194 0.0816054207617 0.839156027099 0.314726230675
0.514685503112 0.601744539114 0.986713815303 0.471014452644
0.209758559728 0.421861938161 0.995593302781 0.216804356895
0.826202105015 0.226380969991 0.846049480538 0.371171639752
0.650773990738 0.469845681887 0.961357344067 0.223826011305
0.387089652493 0.5626069566 0.999214937286 0.334664033653
0.604569669451 0.588913155068 0.842519506206 0.510336961632
0.141695561078 0.197264514434 0.992826717135 0.208296441865
0.285943755731 0.662288773191 0.999998674646 0.201936592114
0.201295220641 0.050954732472 0.907603845536 0.184808260667
0.66690863996 0.81214163074 0.96590601734 0.136137250468
0.383129436342 0.654081420667 0.894563920815 0.365086271184
0.765181047051 0.454482523825 0.956913628664 0.301202180955
0.47819909039 0.40482630371 0.995640979147 0.491867608852
0.720078369259 0.390352585107 0.999245643375 0.400560269959
0.293241517715 0.548746193886 0.946521939609 0.080615783107
0.41532321231 0.428961884461 0.992011353087 0.471188260823
0.391788561983 0.696078306325 0.970784027317 0.173161213543
0.56663336385 0.865978696609 0.84891328739 0.159664864946
0.308318374883 0.611409869191 0.54340083586 0.502785340521
0.346847883401 0.231481635778 0.744499195101 0.291765319303
0.870176910248 0.672512171842 0.999827377567 0.0993361475402
0.752848188618 0.768684041777 0.98955814795 0.404173092531
0.445037198171 0.659515175755 0.898127654217 0.155204403876
0.428468065678 0.526511397099 0.99999954219 0.171599795022
0.430609969875 0.544526256462 0.679926712246 0.337347683727
0.372697238397 0.415736256017 0.990428243157 0.245770955566
0.633191306448 0.363140135439 0.947402804668 0.380670553527
0.538865453231 0.267689025433 0.999970502052 0.207807350517
0.761224991464 0.805403386302 0.994205492208 0.236470774385
0.492595738008 0.444728926461 0.975764405458 0.392785392192
0.459313187678 0.450267650005 0.943634149263 0.398199533066
0.564743377543 0.601068885439 0.959146690336 0.289183595739
0.570193388642 0.627945160282 0.876775805047 0.23842933483
0.850959358124 0.968756756044 0.947090665442 0.183351392287
0.730543093479 0.674445867564 0.997352003184 0.560307627612
0.566303555378 0.55360037413 0.644241401492 0.247682928255
0.38641803642 0.282899565749 0.985711611889 0.38449423
0.714151175303 0.147132385242 0.720161126989 0.360597080954
0.244225895233 0.750420612325 0.987333131198 0.509228981473
0.200108465269 0.77171185863 0.915884714682 0.21878731799
0.194918088988 0.287369266306 0.950965580755 0.341636961013
0.502853537229 0.0844531973797 0.997826817971 0.537455976683
0.708356685226 0.933538137771 0.974153721753 0.385970584376
0.719765091186 0.230144890317 0.985389676213 0.405944612177
0.305166529162 0.510706280554 0.851142909935 0.284784441028
0.28329392426 0.678537620605 0.845217893412 0.395937530776
0.582373958331 0.620825214677 0.976164881807 0.328258822544
0.618393576393 0.0886152581147 0.848904723417 0.211849075798
0.200242554367 0.822840796053 0.876422558008 0.265289138984
0.631944230252 0.178230100099 0.994904218554 0.462282445797
0.130308326903 0.934407470141 0.90921064053 0.0836223487961
0.618942570883 0.839355266912 0.996201997816 0.423162570376
0.465424490763 0.648082305773 0.897816881859 0.100015123237
0.215257179812 0.482989537811 0.958056137942 0.134068590582
0.192323654711 0.545433021671 0.847777022735 0.194432443295
0.544008138735 0.482961152268 0.911748856104 0.354555170212
0.641432941373 0.495347951541 0.782948323706 0.465129087391
0.412739339271 0.368870208885 0.99999999065 0.265321297381
0.555596884584 0.335863364793 0.93678498138 0.266009379559
0.250231501388 0.906115684131 0.844040574005 0.173109631554
