0.829734218943 0.442302418985 0.520742737701 0.193831248439
0.973516655019 0.475827711819 0.986563065616 0.00162344602299
0.703804441674 0.159845620904 0.537230022348 0.201557416365
0.775223283701 0.331859662897 1.0 0.120965278699
0.305534661115 0.274229112061 1.0 0.147715052754
0.812950751935 0.131144243572 0.829383167346 0.0983356152115
0.0892849660325 0.446659581919 0.654939910009 0.209231203328
0.427979417296 0.680046669454 0.757930565323 0.171478931029
0.370211649502 0.0652204617069 0.982927504638 0.139330456573
0.233212058301 0.96640925023 0.805886183451 0.188187475697
0.778187953903 0.75209667676 0.829942500882 0.223735674786
0.619644022138 0.959146648717 0.582663731606 0.185949168223
0.176178063461 0.954022466101 0.610704474912 0.144633349665
0.281782677712 0.499685504821 0.999999929869 0.0309657788235
0.900030654088 0.257395512353 0.883878829966 0.146740622251
0.486712398825 0.449799274565 1.0 0.137098886282
0.106478006158 0.837230098774 0.999998870911 0.0405513023885
0.568756330053 0.609755558322 1.0 0.0854089109068
0.0707938471691 0.524642498686 0.875456363038 0.0239843892204
0.921001609496 0.0544923339154 0.53170973202 0.160263344711
0.435497206677 0.344447722775 1.0 0.13139322264
0.0742729809688 0.553667768521 0.552165271901 0.269276994687
0.649833055286 0.905712180287 0.735842050457 0.0892343410301
0.682215371289 0.71942337879 1.0 0.0473872879143
0.085792502266 0.714479217221 0.993723575325 0.0264969063544
0.859918262932 0.999287150278 0.799614175513 0.14609668745
0.0946439544345 0.761996414885 0.997019566519 0.150651641044
0.0446266942606 0.862375386631 0.85424435475 0.177251459693
0.250641916838 0.0239503193052 0.99890338304 0.00716118989551
0.149401183021 0.330994766644 0.989734466338 0.161165154408
0.932496250322 0.271038194732 0.917245172834 0.054593632095
0.769255260506 0.777718393764 0.999994937739 0.202267129017
0.734509758671 0.00198562529009 0.81063918816 0.0513492966293
0.903041623054 0.654655577951 0.645583749309 0.219705832233
0.139611531454 0.519885163434 1.0 0.189656258719
0.160999476748 0.295059907033 0.776013570113 0.23359732613
0.776413752979 0.317151943289 1.0 0.125417933205
0.89901554191 0.743307354806 0.999963283492 0.0928179325727
0.706224831811 0.381923921967 0.815015001914 0.101577149104
0.868544510276 0.150205388634 0.998097997513 0.0463510250571
0.100829478628 0.976258957035 0.521554793048 0.102543584928
0.590563245179 0.904711369121 0.987396735148 0.189503596791
0.485563151027 0.422922806609 1.0 0.0933253185213
0.805068727109 0.924739865769 0.523759550029 0.20362318307
0.565239363806 0.100619040077 0.997526763449 0.20332247001
0.95275044036 0.641219104389 0.770798476831 0.208549324316
0.00467957110689 0.0354662866681 0.676477122515 0.207534083979
0.207164379999 0.464450172105 0.649329163131 0.203400631566
0.821702962683 0.494545699097 1.0 0.239221761868
0.863027383475 0.371647968472 0.990539855923 0.0967400548445
0.164687232426 0.339698281166 0.791997670261 0.0185083580126
0.617203764886 0.919785844598 0.555094496294 0.142922275938
0.86211010749 0.762647455463 0.910430146829 0.0587492470345
0.156880647281 0.304633580489 0.993408329313 0.0785037363858
0.490490004207 0.459746373129 1.0 0.145424007077
0.911384293964 0.956149993827 0.586307232164 0.136270397051
0.871029277098 0.146756666357 0.870439270739 0.0459524542269
0.261086672842 0.916295201164 0.998575979663 0.149034904902
0.849442335794 0.678139118937 1.0 0.100269843718
0.34689029666 0.12114645397 0.978605864988 0.0108028002886
0.0884152075267 0.215844035114 0.546035222581 0.0780377693584
0.47169548445 0.521001717349 1.0 0.114114819581
0.685065274374 0.998230440395 0.577852794311 0.139115119167
0.520095484296 0.2078486548 1.0 0.113861695903
0.888786950092 0.660190158351 0.995511491281 0.0836373139529
0.763054730062 0.238976899818 0.640018274725 0.140287624908
0.397846638782 0.670586023168 1.0 0.110369184976
0.167521396683 0.72305424756 0.999999999998 0.162819680174
0.883058854568 0.712324093774 0.999999961806 0.0511755769391
0.310309357068 0.622454789901 1.0 0.0705858802748
0.970787733408 0.923107362372 0.87779235989 0.0677154492581
0.076200824927 0.763060062304 0.999999992589 0.084203859911
0.509913002837 0.306955159973 1.0 0.0330608321676
0.958809545454 0.987828202765 0.827596667662 0.206093618176
0.438193852001 0.245462688018 0.978294162649 0.144555002999
0.426774604005 0.743464001836 0.999999999865 0.0360271372706
0.958966173806 0.556164041309 0.972724298093 0.0857390827911
0.167875592582 0.654150252489 0.72453412237 0.0918153472775
0.464923339035 0.315714654335 0.999999852101 0.0560260545919
0.292850074907 0.668949750238 1.0 0.230957818211
0.795460545593 0.348633870969 0.998783638916 0.1486975941
0.0065474382172 0.73784915919 0.881106687138 0.146784330958
0.772088997816 0.293339233094 0.999999999999 0.143238508884
0.309892867317 0.883439146808 0.954584011819 0.200301134556
0.986079963357 0.202192144091 0.999874916696 0.0757118023995
0.645345873638 0.369291521694 0.999999978009 0.00262769286634
0.415515964424 0.407504578795 1.0 0.188270647473
0.725818628459 0.547993496271 0.999999986712 0.20516685125
0.721603423872 0.982358021834 0.999494961378 0.072959975086
0.0609311549759 0.140228336213 0.965940327067 0.186390631773
0.612649600371 0.0101040311901 0.828000631286 0.062565452202
0.576040848443 0.620929735772 1.0 0.14449544232
0.985731551279 0.000341398750387 0.534884519581 0.21240565944
0.997923554224 0.884705969224 0.50888478316 0.212543110906
0.957863451831 0.31049366774 0.841028844547 0.198617564097
0.66815497871 0.236394648842 0.804323931579 0.172287281973
0.708769586317 0.491319005672 1.0 0.197873738011
0.0132385356391 0.735580707071 0.947122458037 0.0116975098284
0.906381393091 0.774861517056 0.758385897879 0.163242135791
0.983834706572 0.435891910058 0.993065512831 0.127604630633
0.468412305666 0.946650516022 0.994752790738 0.0446387602317
0.220392357344 0.913180074823 0.993539270405 0.249249419122
0.269916291621 0.68227605694 0.999996907288 0.141319338042
0.997550254974 0.232513289874 0.845393776611 0.063861580823
0.00481357363802 0.949737727172 0.749580870088 0.244203459487
0.415717009283 0.256108223072 1.0 0.0723770954205
0.692338033784 0.57718176152 1.0 0.0709106949403
0.180916789583 0.624625254256 0.999999973367 0.181427696905
0.42173705217 0.206053044396 0.999848139632 0.143983296615
0.108301299308 0.065594848137 0.526491830045 0.235678918841
0.877104310355 0.221720226803 0.896837697892 0.0756973896648
0.326511774287 0.516587619485 1.0 0.0375924327242
0.176911846353 0.786955918534 0.549691012901 0.212745133835
0.890745996209 0.432918838782 0.999999999274 0.104504306107
0.392304739239 0.300295885869 0.999999999994 0.157584490724
0.988324290278 0.486144378383 0.590363864927 0.246207777773
0.815571821567 0.828143397057 0.999956061485 0.214945571995
0.131396549219 0.512497367668 0.691143278156 0.0760932327934
0.656498701916 0.804313565438 0.999997252405 0.0213958694802
0.136412362904 0.708533638834 0.999999999968 0.0749930348974
0.733995801389 0.999043551408 0.998069871878 0.0539655392803
0.970765665264 0.713496443103 0.999935372689 0.190007639029
0.480946258276 0.55963542038 1.0 0.169144494754
0.427600472291 0.154812212616 0.999999999968 0.16291941134
0.785214405336 0.809810955616 1.0 0.249929277761
0.389883768549 0.413671258224 1.0 0.14286391092
0.0671728319118 0.773077255256 0.927344251965 0.225608652712
0.578182887967 0.548163442738 1.0 0.0551627105236
0.951072446375 0.430091968109 0.530762699648 0.137514342212
0.763788441154 0.268025269547 0.999991801544 0.052292223152
0.0239654527901 0.659874295892 0.864662863578 0.102452370659
0.439087670386 0.679265197356 1.0 0.182362721855
0.520513961888 0.862556107279 0.810377251559 0.153594391225
0.0247288714297 0.522935077445 0.621469072915 0.191375428152
0.123368800247 0.322315226842 0.999998637107 0.0244217311391
0.467375670484 0.267313488115 0.594934100594 0.118823477358
0.974942478863 0.469425098542 0.63467531343 0.140754464185
0.570180022169 0.117324149536 0.902355601228 0.142921863946
0.242691823361 0.956268447847 0.661843632925 0.183964370735
0.841813235633 0.458260779879 1.0 0.0569618814259
0.324735074037 0.33751258045 1.0 0.244074957447
0.18043037399 0.261723269106 0.999819750586 0.0589946630281
0.0487819353228 0.747547576285 0.72018393449 0.0948497210325
0.397273426304 0.196075805142 0.892762944296 0.174670336066
0.6549015085 0.538088430511 1.0 0.0150501050237
0.278515179773 0.694366552529 0.999675599066 0.179623466943
0.187334747324 0.37599516452 0.999311813906 0.0976969725571
0.302912165761 0.269299272161 1.0 0.191710390285
0.470250783043 0.240004065777 0.573944578233 0.161505450515
0.872556019907 0.00663436795291 0.836464251654 0.20940547938
0.913169249164 0.781899042741 0.996938133228 0.193746282172
0.334881807978 0.526797796122 1.0 0.142054770073
0.511738491227 0.556296403093 1.0 0.0237695346076
0.990385863294 0.499505399797 0.510504986798 0.215194740659
0.0724203631242 0.603486564598 0.999999999972 0.00184596567709
0.0275527049297 0.0724737645873 0.606662835975 0.102149659916
0.996795677087 0.294407469877 0.500937633634 0.146888160606
0.155011460192 0.45624214442 1.0 0.128491275339
0.887549746653 0.215033519015 0.69700060916 0.112514744961
0.138144955464 0.744713569534 0.567136540109 0.110669681216
0.00584445643838 0.807032762632 0.936123701729 0.11475201158
0.727034061841 0.400801885911 1.0 0.0176438404327
0.107357405163 0.903946659575 0.764480241426 0.0835789555892
0.570678592256 0.0627609086973 0.780448496824 0.0839185391638
0.662550965948 0.655690419024 0.780169496975 0.159985417006
0.375310880821 0.688714314286 1.0 0.105523148662
0.993503954998 0.241113366311 0.644594429723 0.150394155575
0.121253356867 0.23022015667 0.99866227116 0.00777824484994
0.0118608897993 0.430954519278 0.7083204831 0.20266001511
0.0659614557719 0.652500988654 0.940428658766 0.197119495822
0.821083802846 0.494362144791 0.801264286658 0.0826302289881
0.944459091058 0.543079828599 0.998041765852 0.0828550398338
0.658500394081 0.724057652683 0.788993899492 0.103005647988
0.154825101257 0.34753053508 1.0 0.0355747573562
0.68366828081 0.573253537562 1.0 0.0744066064118
0.210245638061 0.59504666319 1.0 0.01617686271
0.185178499392 0.0617201300883 0.668768973103 0.134926064561
0.846946450621 0.750678334578 0.999999995953 0.0705564445879
0.433819667902 0.978259313973 0.511663823189 0.028129617785
0.585889601183 0.200367445035 0.999999113258 0.0352557194145
0.907962704909 0.219057057475 0.650472329054 0.237419785494
0.668727124815 0.17869118696 0.999994616586 0.137425531972
0.644422987942 0.4912895767 1.0 0.193413932332
0.477701495678 0.158502189664 0.992442020008 0.147017935659
0.935707459487 0.797200641359 0.592522855009 0.140118333143
0.145073074484 0.230097306377 0.994540184592 0.143600238053
0.365092569866 0.030414903036 0.999299144137 0.0232885931394
0.926578047689 0.120494512668 0.999969201528 0.165484909714
0.173755196818 0.660771001104 1.0 0.0812350412462
0.316096890959 0.458565449803 1.0 0.208107360414
0.970162689017 0.730929139835 0.848208638689 0.177494844515
0.961373462465 0.541154351829 0.755705635746 0.173106080825
0.00680833402924 0.0406222437033 0.864014584517 0.090789995287
0.258679915118 0.313369338952 0.999971012459 0.0476552863641
0.8405751465 0.311414422787 1.0 0.0563383451428
0.728550127384 0.725910326735 0.979312569687 0.138122426435
0.997763044494 0.825552008326 0.934790301317 0.0488509769283
0.0569905699336 0.29467514372 0.944111231889 0.140512009445
0.420516501265 0.408353941619 1.0 0.209702598021
0.940764534051 0.347917234056 0.712567997584 0.140159730356
