0.528361220038 0.973637757542 0.96097091491 0.0105361294197
0.246843725323 0.363172997006 0.663659359761 0.147143990428
0.15229286385 0.76335180224 0.978776396469 0.00798190782526
0.0995621520398 0.440126021628 0.601596096218 0.0959909500933
0.937799266682 0.563374787293 0.926159609014 0.0275986663076
0.0873672246022 0.334302888319 0.767430862746 0.0489193965103
0.266402792947 0.355801686642 0.87585578692 0.0479468373137
0.615871558107 0.13005160702 0.673195731486 0.127457950378
0.396788648747 0.378799358956 0.610033549255 0.106589874897
0.889005891091 0.641025434962 0.522784335885 0.30180309255
0.103181335399 0.920970809577 0.895919054034 0.0591915599885
0.497637637884 0.891863705231 0.659073213257 0.0989027953683
0.181067804032 0.866093924279 0.581158985173 0.116484815315
0.389125843954 0.570571814211 0.586879892363 0.243581618837
0.567897153067 0.974544119067 0.739402137414 0.0966225003386
0.733092123364 0.305179559454 0.867266055463 0.0663959984089
0.524963829729 0.681299901261 0.847436692253 0.0353019200674
0.238143659502 0.555664083177 0.510947394093 0.0773511517213
0.58422540622 0.415557191291 0.655844328357 0.0699698648146
0.874041184702 0.451740402829 0.722758710633 0.045706015402
0.542562287179 0.762959915082 0.68841724424 0.0548161415328
0.111171718173 0.862279297415 0.882487244998 0.0482521980637
0.362665624109 0.128656418343 0.609284595478 0.100682713621
0.988806933292 0.654155718249 0.604422497772 0.191585005783
0.809993270409 0.577818734568 0.99412675873 0.00216261989964
0.787361352834 0.0199828946442 0.65911643211 0.225085099682
0.457091566583 0.438285558619 0.675463417474 0.0502298869811
0.800669675063 0.398948192693 0.561595752159 0.269794632529
-1.0 -1.0 -1.0 -1.0
0.71816962544 0.200113455967 0.993249781221 0.010338560117
0.465132205421 0.338974959735 0.675834958932 0.186802979007
0.208198233547 0.38982602739 0.544834114625 0.136052209103
0.261798588575 0.700193521615 0.58140319019 0.0229718440066
0.800983099549 0.778164935611 0.607864073528 0.088304136941
0.273580344685 0.695232970192 0.601500569663 0.0609047944257
0.799147311674 0.487847115818 0.896170096802 0.0741496229868
0.895541978426 0.529313443273 0.513703821497 0.258077101144
0.362734721192 0.7716106898 0.801661326412 0.0311820635566
0.152790266486 0.356765681356 0.926458066282 0.0232810357098
0.160203860458 0.777443147638 0.566563448545 0.101725101966
0.657442181642 0.742570463389 0.508738017375 0.279484267391
0.44549380854 0.350109887313 0.930507077189 0.00990742361328
0.481646548992 0.795697254011 0.906370957854 0.243426450496
0.392470106979 0.164478406584 0.596810881593 0.0659842827668
-1.0 -1.0 -1.0 -1.0
0.465473935823 0.74923579352 0.512634748723 0.131446438973
0.409802043204 0.42459108934 0.605610489985 0.117273499206
0.856844420664 0.0600686471952 0.88311443912 0.0483517925333
0.686269586166 0.915527822093 0.690371025127 0.148656156755
0.709063474075 0.713151267915 0.763343721116 0.276365141026
0.815302732956 0.271536620927 0.989379752992 0.0164740878026
0.406793105468 0.728239743514 0.62171879956 0.190521646432
0.937963738189 0.116544058897 0.818571025724 0.0636695583536
0.318720431981 0.198211722793 0.853880834025 0.0606788257033
0.757244905812 0.674332062431 0.806245409304 0.0646356887644
0.155599836555 0.954204216726 0.628562991421 0.204496381828
0.376439671101 0.233564771595 0.554070718543 0.141758981729
0.675050154243 0.970728290747 0.512292108649 0.297810038764
0.855599314521 0.0495744586926 0.866712013757 0.053299298072
0.867623996508 0.273688738517 0.711683649858 0.132914420527
0.923690097005 0.0348890788122 0.579890891849 0.142385862187
0.0785101515159 0.964060356106 0.766403823305 0.0704331298628
0.535780083763 0.779389372737 0.590208412246 0.172550061608
0.602705009554 0.00633082714975 0.66468699949 0.177058491151
0.0703833482746 0.827919424161 0.502798599885 0.264303093809
0.859258735077 0.766632432333 0.516106592878 0.299142198732
0.751324860159 0.021852579165 0.632090078286 0.218385408709
0.255968224378 0.0780496312832 0.531947866168 0.087796762309
0.459921015195 0.493966502433 0.912307344537 0.0163449652077
0.516478515618 0.076564503668 0.58575241566 0.198799435399
0.96979255331 0.872554354164 0.748186588133 0.156331931495
0.461916853884 0.710387066546 0.632693589175 0.0834776737616
0.441911999123 0.633227992483 0.87723291731 0.0224178478466
0.901337772563 0.172426170352 0.525979771132 0.275081637684
0.46232275506 0.589024728271 0.874700369241 0.0492514834822
-1.0 -1.0 -1.0 -1.0
0.112453644628 0.225987241626 0.715079097908 0.0593604212751
0.800780377435 0.715464752414 0.651317022891 0.154926165983
0.479885769361 0.241191281596 0.629511306955 0.0317892688036
0.374973731745 0.320137788437 0.942284132531 0.0141010331821
0.60023839264 0.677566425842 0.576041480118 0.0786179218721
-1.0 -1.0 -1.0 -1.0
0.993653339684 0.445936303187 0.703169832317 0.203023853729
0.3432229939 0.377855199323 0.536734375088 0.115954135511
0.808136595783 0.158848432106 0.766155044272 0.096099867208
0.600975922109 0.601570024708 0.762807273223 0.0622451729931
0.72578453343 0.136837279558 0.678012038187 0.0851492078666
0.544190712608 0.288806956552 0.938241136309 0.0184825781907
0.87319604625 0.193394887089 0.636995152875 0.0147511573392
0.208452820508 0.62677757388 0.97772946085 0.0124396426368
0.739736197782 0.122554402355 0.810593658765 0.00621412601741
0.0924982018377 0.129680301106 0.698942957615 0.0830778038405
0.554796247964 0.803479709153 0.908701843963 0.0462759489176
0.070352214893 0.993727754728 0.514607387645 0.367287819631
0.803031422455 0.493196477933 0.52528243025 0.152715048107
0.690835223502 0.407165361992 0.530889289671 0.0693111008343
0.348841612917 0.701692951533 0.665971700304 0.31451272211
0.896349850873 0.0311859950367 0.927303396307 0.0338520731562
0.201581626238 0.724644880417 0.984691337678 0.0165141227491
0.725362428523 0.914194672497 0.820651954584 0.0583497797614
0.403050568978 0.799947206348 0.500829267181 0.0241783967
0.599186767426 0.751281337065 0.505055114573 0.157750706924
0.258172637373 0.71467707772 0.660493361615 0.228532200872
0.402361625078 0.688034991264 0.501025168723 0.271359254005
0.425152309695 0.790932453705 0.728215804787 0.0506702397189
0.679113479849 0.384995624728 0.666606594052 0.270047048125
0.477189483204 0.44477061679 0.524322447422 0.0293397028773
0.0835845189649 0.0723434107092 0.686997032597 0.239248738833
0.0966234575694 0.159176998356 0.533491000923 0.194450107294
0.38421676946 0.345776688383 0.954959965459 0.00890494849968
0.362179878756 0.438204798068 0.933465395857 0.0295642301976
-1.0 -1.0 -1.0 -1.0
0.702944417924 0.927194972472 0.553365201617 0.135016682537
0.743012985176 0.363067298025 0.613658591809 0.179519124504
0.0303819089754 0.984790317119 0.573808443254 0.245418333093
0.497995806083 0.223280904015 0.511726709106 0.261290376651
0.265770165562 0.63337396506 0.900483067319 0.0371421788233
0.256069033991 0.270837384416 0.63840018584 0.152473566985
-1.0 -1.0 -1.0 -1.0
0.697816999992 0.421146732626 0.609619583915 0.121556168477
0.748555504428 0.360349957391 0.928745950225 0.0307341615634
0.479897254888 0.197904808383 0.895267883858 0.0230182344611
0.806271475019 0.101027056647 0.846258147655 0.056326099357
0.0986002592811 0.730176467578 0.696827462808 0.0576587079512
0.72566585645 0.877545377553 0.500208568883 0.130411382126
0.669146110258 0.44224012881 0.570861658316 0.2402918647
0.705920769852 0.694226587327 0.704691345008 0.0829714856911
0.391300555419 0.432372942516 0.504368981455 0.198048844005
0.71069249133 0.886435139276 0.547911192272 0.342605174622
0.825849134015 0.0194947062977 0.628761048712 0.291961849129
0.417961567277 0.0704662360608 0.548723796874 0.215136666736
0.249382759413 0.223455483097 0.752784884922 0.0851012679261
0.97776936638 0.183560585826 0.558083576025 0.182627655983
0.995648569159 0.323020208685 0.592053713496 0.214615107788
0.397841930231 0.822760432523 0.940475618413 0.0422736679833
0.541933217542 0.545891148855 0.514540481908 0.258243019795
0.397332471307 0.112336181042 0.542146381861 0.149791183083
0.186599331598 0.242645321839 0.988735425445 0.004543515422
0.498966218952 0.278982676868 0.550540186929 0.109585579716
0.660903088088 0.412296483485 0.500763932846 0.25261530135
0.606737222657 0.69672946061 0.525441425351 0.170943801169
0.0639118091261 0.740912550837 0.53288476609 0.207103186254
0.0961490731394 0.461555649957 0.965508132719 0.014333618109
0.860099661144 0.317563434144 0.598218120398 0.260040579705
0.650643570005 0.315906373901 0.945001144747 0.0469211002643
0.43357963289 0.498266929029 0.57497173006 0.184898890012
0.398814935317 0.217437128406 0.616221171548 0.102968948222
0.0254655924373 0.967579640747 0.913419832633 0.0423266223767
0.00987807838327 0.0932239065569 0.947524352371 0.0816652577122
0.374837973125 0.70263330703 0.652258181099 0.174271869833
0.183443080601 0.830332415324 0.774749610837 0.144384315716
0.668909148137 0.235275304472 0.62381852104 0.0785551499495
0.27684649938 0.671239931034 0.554525115116 0.104880258117
0.389260417931 0.892966492515 0.824061326326 0.103955486747
0.830342506383 0.0170122349132 0.516719041153 0.229316492701
0.437599636748 0.521326578484 0.530940824316 0.074184345242
0.470746786352 0.680108718775 0.555033119258 0.0950977899792
0.831991624051 0.280442778192 0.969133780479 0.0203312980105
0.813324396184 0.45778493934 0.674767186946 0.025754420945
0.288298488943 0.0219094398974 0.510885086224 0.137027847294
0.482627256792 0.69380460039 0.632089644654 0.199180428755
0.321144070166 0.705221296667 0.542967276395 0.103517926086
0.100870169193 0.170516799957 0.992241763568 0.025256347362
0.528673811983 0.967735005986 0.693385477527 0.193287446566
0.535231835711 0.814834803268 0.648934007576 0.241668763634
0.24661477577 0.23953395765 0.589914353041 0.334398439883
0.656232583516 0.777350236144 0.93884115496 0.0649391651277
0.307459950958 0.835316710063 0.730368817333 0.117486203706
0.537097799535 0.949427755047 0.677089592788 0.116550152426
0.67453921641 0.117697915476 0.799899997248 0.115033531955
0.787868208452 0.13163083578 0.541176271147 0.455200708382
0.872593212731 0.885096736157 0.889838620193 0.0472724991257
0.468522866464 0.00170458143666 0.576754976821 0.124492707819
0.623887518568 0.605739445246 0.692648396146 0.0745730092495
0.453809153133 0.655935571428 0.90256051633 0.1054367189
0.239460437454 0.853981309427 0.587356214069 0.184480963167
0.382384909093 0.317537390279 0.948088620655 0.0285170505037
0.33610872082 0.391632862102 0.992457147623 0.00154618789845
0.249171810816 0.607925648342 0.666864428657 0.0783877140936
0.348908575728 0.963153146482 0.616395494067 0.234501341562
0.946841300848 0.487961749224 0.967909848866 0.0132357391565
0.609785182143 0.435749608237 0.832219750692 0.288389506839
0.0175363805038 0.492686374013 0.779189522447 0.103212738075
-1.0 -1.0 -1.0 -1.0
0.451552800541 0.698409311293 0.503959241926 0.254250630491
0.55307639046 0.662528828422 0.636986018503 0.00939826157139
0.0809366727701 0.0705573848641 0.741786259493 0.0802431567623
0.190511692318 0.178646066998 0.964116806826 0.0236984207142
0.0559318523658 0.373441326309 0.650585384565 0.112030188551
0.638461947104 0.0572587435882 0.746573888144 0.0915621170775
0.780687428966 0.0792369800886 0.812320890313 0.0879048196595
0.803071864451 0.342671445239 0.756181214004 0.00754083522675
0.667189329142 0.67860831476 0.52831350466 0.157057062697
0.0561895728751 0.188988884933 0.503387501182 0.119901730948
0.51786152158 0.557898300958 0.772629063862 0.0968583172969
0.71604546218 0.135751790557 0.594622322497 0.14393675504
0.473240807982 0.919835971093 0.702406396427 0.0695792059114
0.113375481025 0.477491162721 0.534232865986 0.16199995841
0.80959147366 0.0560353745108 0.51366138553 0.200714658778
0.354458629249 0.539217969167 0.570288023168 0.167740430952
