0.517428431659 0.0304852003207 0.706265644607 0.0660674560822
0.320533198511 0.468461205346 0.975569885349 0.0760182865445
0.560496724006 0.19371954175 0.776046826995 0.123993079491
0.791027326859 0.00701077634176 0.685501709399 0.227530978705
0.683758231999 0.784774418098 0.711333803427 0.0432737745406
0.683034295919 0.516498321872 0.808641647983 0.245300937029
0.140587726054 0.0152354662567 0.654968938929 0.223859633887
0.642260555038 0.645614158928 0.829508272238 0.0552306640909
0.40082357545 0.834897926794 0.758735009651 0.0310837875749
0.01648647087 0.69717279479 0.61237627271 0.159794137871
0.502591703288 0.807116609862 0.672857470123 0.145926774796
0.962186835277 0.0883348343621 0.737059392558 0.199097449326
0.58944730662 0.459528480033 0.688325985859 0.238258965605
0.843454578955 0.620178052983 0.848668804636 0.0347806066948
0.171098527745 0.498525584526 0.964524214641 0.0174476160406
0.96682810508 0.963627960103 0.546359577425 0.155046375139
0.330559253395 0.877750501062 0.999925731778 0.158698582469
0.579834011306 0.561064765583 0.721955046664 0.156311922197
0.281432829184 0.485578642072 0.541744045723 0.175936402717
0.633888534836 0.972667489059 0.999161774422 0.00642613666672
0.0145869750346 0.303707756619 0.827402150711 0.139525780699
0.535499863755 0.00457826975741 0.988271410982 0.0361159993962
0.191399986818 0.491403587821 0.92465527676 0.420103115485
0.454981465428 0.38106520031 0.994958518901 0.00947060286731
0.974874468645 0.298091417275 0.956308509644 0.0221110727464
0.0566122933263 0.946587399764 0.902406594831 0.0616487878552
0.294416223855 0.404717168193 0.788121127912 0.0844869287215
0.316557766195 0.210264824161 0.976374675263 0.191224498763
0.743499082225 0.0704143866943 0.919127907567 0.238320221561
0.846966119664 0.333077167084 0.88199628129 0.273648710367
0.679285413426 0.961301089401 0.768978605493 0.19876399151
0.152386635047 0.207265881465 0.552373450568 0.281911666536
0.446943702 0.548469722324 0.96711209354 0.0854211547368
0.394571676185 0.553142277494 0.831323927233 0.0596855860535
0.00214603908577 0.0907468987041 0.978013717318 0.00857491425365
0.158817768465 0.500723350942 0.522253280407 0.093156820126
0.533889530465 0.222714600593 0.55181216666 0.171396407915
0.688445486701 0.242979070142 0.876061172946 0.140240951893
0.230176302596 0.11700528016 0.506452143977 0.0684591376928
0.984367204387 0.630352217486 0.95110859702 0.0172819444187
0.66424949925 0.618610379319 0.514295662592 0.193517139759
0.745639708211 0.297791295249 0.960718468487 0.07893446928
0.458281873494 0.280372188081 0.98617115956 0.0796966540353
0.350858005128 0.228337061938 0.750366546991 0.121809186096
0.54094127317 0.68694535118 0.787033038237 0.0384192788407
0.358278274939 0.163065052483 0.707595160119 0.15604590743
0.260304189214 0.165922693741 0.591229243654 0.115721727458
0.698913369227 0.493626093518 0.720431656148 0.123978989061
0.403214603487 0.0113207847145 0.842504997011 0.146955087552
0.0818936839889 0.262246451055 0.858302360407 0.126330172179
0.582292871913 0.417823546544 0.960840315232 0.0468943662271
0.958476934585 0.532058225982 0.581060460051 0.181910492995
0.369664104901 0.303559214891 0.855239065645 0.062284596166
0.392975175374 0.985726673451 0.833725814671 0.140151642048
0.886857800548 0.656951684148 0.806771636389 0.0876911256136
0.330421698683 0.0200978724623 0.564437536704 0.148697507046
0.296635173779 0.598257591733 0.512506099069 0.276023025564
0.486243360239 0.693251604811 0.986479530709 0.12146558708
0.808512650809 0.855196611811 0.646847753573 0.180158207668
0.615612537405 0.1961902304 0.674917589658 0.350389738261
0.489841513485 0.385859069656 0.812460505176 0.131230308845
0.580530008185 0.440695784095 0.599575922429 0.0596300825781
0.874528679884 0.79172996733 0.841044128433 0.114827584139
0.751620012363 0.904944275041 0.555024366497 0.152546932288
0.261723799227 0.663450036286 0.63201496209 0.0195781964998
0.272985933198 0.641821985461 0.997811195278 0.00575321390641
0.192169084457 0.721262191625 0.930506809719 0.0537364547767
0.9061082218 0.733040392379 0.751522387163 0.0603343795099
0.224955952305 0.432749102989 0.974477790471 0.0162916209393
0.458750949528 0.285532595206 0.998536659834 0.114000918941
0.296063351769 0.616504016961 0.685025683335 0.101223531015
0.230328139032 0.585210994793 0.53079937698 0.256816415902
0.216072605284 0.497546925549 0.523373689118 0.0407815161738
0.436160064511 0.90034695768 0.697205733639 0.046514261704
0.84021274547 0.468925789498 0.677073386186 0.259755784588
0.535036377969 0.549631093412 0.829267862325 0.082145805675
0.14945927917 0.422596176247 0.53757409903 0.308632206788
0.451565537778 0.0481058163426 0.901714603566 0.0356585227096
0.503519729626 0.363110264717 0.55003922018 0.159261022815
0.280007056408 0.212272763333 0.910053915537 0.0836860849826
0.459718983562 0.499006047004 0.549460613911 0.223635156261
0.142373802493 0.692129987294 0.708919335816 0.0170574780558
0.554857406549 0.304230298876 0.983928388174 0.065778887212
0.758405796388 0.933784581936 0.805440888314 0.0682596409985
0.20578923915 0.0839320234663 0.988222205824 0.138178370034
0.952790941329 0.573213806688 0.740083493064 0.119293257374
0.591785897125 0.438465804061 0.653841534583 0.146372315652
0.237667037291 0.970672687518 0.603771280102 0.124631873107
0.482218722976 0.109265746707 0.825097312055 0.180010558999
0.0313379515329 0.553221078998 0.518948563829 0.051599296697
0.962639388068 0.0387698183775 0.981781239054 0.00875943692036
0.662587285006 0.0630831222032 0.994259054976 0.098073076299
0.755894534437 0.2989401999 0.702177500138 0.0560082873791
0.605282151656 0.352391781802 0.580235476374 0.245313787785
0.827253559077 0.583193649105 0.513085227058 0.144126529009
0.872874375069 0.871415530407 0.883030553534 0.106349069254
0.69440656042 0.699904139489 0.503026774225 0.0976110555122
0.259580399162 0.157952737704 0.641981098921 0.0882433381024
0.386561494782 0.513909852216 0.999185130802 0.00826242716876
0.199795752709 0.182985071702 0.664222127948 0.159644469227
0.681711837244 0.145803989918 0.985807348768 0.0180740865244
0.268020943655 0.0644036403647 0.55025335262 0.12639700834
0.264527097174 0.29043304506 0.779111994695 0.15741914561
0.244712897434 0.929386946107 0.904053354652 0.148503427057
0.120488373683 0.062225304004 0.695646227678 0.229539325045
0.00654546815562 0.276310910766 0.608860147232 0.225906285507
0.466695191573 0.0444634988451 0.957497703283 0.17389277763
0.519318078257 0.609876597189 0.727911302149 0.0756444251146
0.564806963312 0.141476868605 0.921071335552 0.00772809067449
0.350051215356 0.666043570391 0.913445539385 0.0747485949142
0.188516562123 0.209506541729 0.594181460827 0.108185522538
0.0795695031192 0.587106647676 0.88689861833 0.130969372416
0.554891176721 0.172675868862 0.984117103861 0.0424483631708
0.627269581991 0.699145201592 0.813332214072 0.0339565329776
0.416864859461 0.643170040715 0.531420207834 0.185173285199
0.107522616775 0.105891770095 0.655253978097 0.229125161767
0.748151076129 0.478679430807 0.510697639859 0.189073167305
0.494627485666 0.664852091022 0.797809044662 0.0685035870172
0.00763162932393 0.104086558624 0.974700482793 0.00967691201098
0.311676794482 0.534258087391 0.984892145957 0.0750374976216
0.382211787158 0.66430424675 0.945251277512 0.124208330566
0.825229480016 0.637011682654 0.501781439518 0.182726232788
0.300316445181 0.263930496568 0.619329851994 0.0464166894714
0.479840425857 0.38797327495 0.568101185653 0.107725771848
0.851372140656 0.441382343972 0.947282861895 0.0100268057079
0.420492013431 0.00908424556342 0.534195626049 0.259883179628
0.308890827373 0.118105528001 0.985760228904 0.121505356199
0.88845276906 0.925178276069 0.638805486327 0.232780175487
0.766208271062 0.858518593737 0.649628262868 0.168074900982
0.815184074678 0.87998517612 0.748831162108 0.129536837923
0.966532441409 0.0446062334642 0.548876533094 0.256980744045
0.252553235901 0.593368995518 0.789046793945 0.0577296964402
0.461661425111 0.0869559565615 0.977611647754 0.0390880515865
0.270384555876 0.257673897192 0.925711568496 0.0600672338465
0.557670215055 0.93975294231 0.821470730025 0.0461532589348
0.794979507395 0.550393559686 0.579692137178 0.163978025733
0.056498561661 0.576132097855 0.570064023733 0.123253236939
0.687038536622 0.692887590354 0.606576563577 0.0996239632889
0.533700077026 0.82201389515 0.85067288698 0.118196763466
0.213257265749 0.23701750237 0.952971070904 0.101370305022
0.207067235032 0.511227739714 0.842262480727 0.0191086045257
0.142882573597 0.945433266267 0.521902528523 0.241576334694
0.24740466625 0.01277695951 0.999872685682 0.151246103797
0.798180894663 0.347515711782 0.942922330057 0.122146158434
0.312920023218 0.254280446523 0.914254765668 0.0403608595546
0.836846982246 0.441658950028 0.815323439058 0.126058019322
0.417801726058 0.664169299645 0.795561958069 0.0755579108601
0.302488059377 0.972691453916 0.615285177472 0.22069813091
0.1816692035 0.29958698557 0.689347002594 0.107532053086
0.942994641194 0.0071749869278 0.860607150871 0.0462865277156
0.672721931548 0.617239926703 0.554895692168 0.267569930921
0.492017053335 0.356202896833 0.999824271322 0.00147311746174
0.388605425437 0.360714970337 0.668314984049 0.0852526775183
0.462842315322 0.480992980922 0.926017002018 0.0864616554322
0.692690900927 0.471989983684 0.982970430776 0.11141834118
0.883230612719 0.500435111679 0.731851382375 0.134760063948
0.805817276876 0.877024380171 0.999170589238 0.00389142021693
0.416625734072 0.640474862809 0.71271763254 0.0830504296654
0.0836595089382 0.224138630473 0.708252203245 0.167360088986
0.990861266514 0.298184068647 0.902291617862 0.0530145337239
0.864962196251 0.238590252107 0.563336229306 0.10453277689
0.0949684839783 0.659892994026 0.584498867631 0.117972122535
0.776019817284 0.0989720746498 0.831252156161 0.119706563972
0.0397726254207 0.73896209941 0.670247853931 0.138330320937
0.257866694929 0.227708123752 0.550913258593 0.153652594158
0.720818056971 0.997149248325 0.532766146895 0.131659703954
0.795239645194 0.195179908421 0.653480033006 0.108011459092
0.461656043357 0.658948833437 0.56009150214 0.25292716283
0.119895775203 0.87993834075 0.542018386006 0.0957665051717
0.422396279635 0.206709067946 0.991403197711 0.0216531253119
0.7782726582 0.858909764604 0.843270616414 0.035684488385
0.684966218546 0.477254002499 0.619532315798 0.223586948098
0.382537239082 0.881441107959 0.538683258959 0.265373875947
0.302187727393 0.867030951993 0.995628098082 0.0171977648171
0.199852250821 0.887298851795 0.952469496114 0.112007444134
0.35720631266 0.0455360557151 0.980383063483 0.029394660492
0.441562033167 0.474348105088 0.782277212922 0.081713595366
0.491306387996 0.484566509454 0.825802655636 0.105743216377
0.677178987522 0.54155596066 0.995174065561 0.101582924422
0.38483288141 0.815069689407 0.525453231183 0.144934916391
0.759239017409 0.509266927802 0.984271963895 0.00460914050652
0.2336173557 0.645232050422 0.846980489579 0.0544398501493
0.74097623149 0.296635415517 0.924043171036 0.114414836798
0.994100175754 0.486692038226 0.786389650902 0.0650655482973
0.574686323841 0.609228182729 0.955745216838 0.101377168064
0.949543827967 0.181769303174 0.602741423742 0.0839089242038
0.43476060537 0.619727157235 0.870858338821 0.130994969102
0.311255906655 0.115381764484 0.502837375976 0.189107943483
0.981852952784 0.201439845044 0.702251793473 0.087353915693
0.516431969888 0.0442998528913 0.637585490633 0.26701364588
0.337444057359 0.522855434864 0.82131366281 0.229979298828
0.9842771127 0.11022679947 0.713250696852 0.0306329926157
0.430410525356 0.584154991565 0.96629758135 0.0470448500185
0.790700498324 0.150950975066 0.811238868993 0.031139594756
0.602647718914 0.128363131677 0.976799408543 0.00466312218263
0.527296499894 0.662548921365 0.838413304068 0.152686357017
0.158827944814 0.0151444602422 0.591671616312 0.156695268495
0.613201810672 0.494708147008 0.611624375791 0.106960014988
0.417560184182 0.306313989751 0.832822095436 0.0363620140705
0.101275732241 0.224418464153 0.683741559021 0.0401342190723
