0.764143246149 0.600310829675 0.819543580508 0.126252876273
0.841519314315 0.504603862356 0.700064020967 0.0675246128695
0.1481968459 0.60177340153 0.620110222729 0.156184254437
0.595471059813 0.398692597646 0.641326324489 0.222541245307
0.282139375678 0.0613953242795 0.998170916129 0.110339010428
0.919662956626 0.699689598608 0.580869591184 0.311323377714
0.684056256519 0.0725503385242 0.928708743996 0.0349922151922
0.232538364914 0.747345450276 0.805401302948 0.146939542758
0.541463272538 0.967707518403 0.562736875143 0.138942571516
0.0841412603646 0.148936633915 0.951569240581 0.131743435331
0.872384434256 0.260209307982 0.959052611207 0.00998271012968
0.866597763274 0.81955299472 0.648856592965 0.200958810253
0.450941589549 0.785526115908 0.906966556284 0.0482400445282
0.811296126074 0.438701244764 0.689646174409 0.0956565334309
0.834665796871 0.523217761679 0.994735606151 0.0512532200853
0.325751526672 0.581171512399 0.517461965135 0.0935267167383
0.527823061185 0.459165386911 0.818388764997 0.192098202444
0.0910459143896 0.10695809484 0.568246248073 0.336857881197
0.478740121644 0.291340862082 0.983507410576 0.232682372184
0.267661941852 0.899111677996 0.54724809845 0.180362163449
0.962053800062 0.637694705551 0.512529996542 0.134613137189
0.679062773483 0.852174020624 0.923666284852 0.0179225668335
0.785870036573 0.81164607352 0.520808561381 0.258620303763
0.357713549037 0.480418183998 0.757464411081 0.176284296933
0.220193532216 0.38422647188 0.999920250068 0.0447598478904
0.751107428164 0.0793158904378 0.570463337833 0.11328188044
0.309169674659 0.346466613251 0.621895220208 0.229652223869
0.228594590554 0.402892754324 0.672348735688 0.0945571486438
0.955467078244 0.996456462656 0.646065669202 0.241947389864
0.27030537708 0.0819326738116 0.830610848238 0.116701270189
0.126203657693 0.714375270055 0.590664674514 0.223753943494
0.300847117402 0.668947280343 0.505812373584 0.233049867559
0.0720489305287 0.476183656913 0.810143874554 0.149147354461
0.451971622279 0.717955985167 0.552386683681 0.0794510802761
0.443685229796 0.286153155245 0.982805361632 0.141707181622
0.171278835053 0.134403142667 0.501817149205 0.131827022814
0.518732079377 0.651547837629 0.631134384408 0.209039916213
0.501564021396 0.641376823702 0.992093900802 0.00712795013256
0.879288155358 0.756265150895 0.988279725853 0.0466402219879
0.23621744797 0.458514937223 0.531432303132 0.254758199057
0.527826127122 0.827862622145 0.615046662627 0.028468546695
0.354467565386 0.397062804704 0.986416657444 0.127950298692
0.105476297605 0.322641433028 0.802473939586 0.106654553415
0.320578733217 0.913913405894 0.608657112847 0.349352097453
0.527838161263 0.0312427079271 0.894669449024 0.018003600087
0.0925452097683 0.751327972659 0.518071991452 0.12703855565
0.994543458555 0.954438579085 0.937989757721 0.0053047838791
0.795101459341 0.0566053677013 0.708783222301 0.16916084423
0.496736263761 0.216176420447 0.990495673578 0.0796850168519
0.808143481111 0.747936099775 0.834915344137 0.267435280099
0.600199106839 0.594419755072 0.999290314641 0.078691861445
0.784150872103 0.928868354839 0.784787277635 0.117057929642
0.155473266494 0.666709433525 0.54432001041 0.145809767426
0.986627150481 0.621188004112 0.557283517806 0.212982185722
0.0446767267997 0.981453758123 0.991991972269 0.02900552316
0.427937417832 0.863924452972 0.99905755596 0.0975786854689
0.101355061519 0.154388988764 0.871369575685 0.0220787621025
0.471905363416 0.0107541260956 0.997561304537 0.0293697003603
0.69876541664 0.512474149297 0.931084821576 0.193911963357
0.979501795605 0.645353396514 0.511604637349 0.216226588133
0.72316185159 0.0986454595109 0.863925167313 0.202949130579
0.237277251296 0.851799137101 0.536654492291 0.114232220137
0.548356974661 0.530313059079 0.993948657822 0.00149086610294
0.918748441736 0.712282576846 0.995577952753 0.125679657794
0.224001520301 0.806261228536 0.667347831335 0.229022399647
0.328900048465 0.481995104501 0.997024216416 0.00652883564086
0.429072300223 0.108524465194 0.852456730003 0.211111764573
0.212751897845 0.263663723661 0.964275726719 0.0765193869226
0.62363938291 0.801691964617 0.998813692391 0.0651170206589
0.52420393645 0.733154117318 0.999751171009 0.0461424020291
0.633183308092 0.44465089618 0.980583677474 0.123594713584
0.914769527666 0.888188598756 0.50791340301 0.158355878575
0.50406564109 0.499221228237 0.999959276871 0.00951112213232
-1.0 -1.0 -1.0 -1.0
0.227396876309 0.240086460763 0.615332570424 0.268957939656
0.789303483895 0.762816850504 0.572247148371 0.126809671251
0.204086408901 0.892507471827 0.60271536973 0.231274390176
0.408958234687 0.337177692593 0.991078400171 0.0903893535553
0.149906913154 0.120559893782 0.999423036608 0.161392076834
0.538808629652 0.148785223046 0.716473735018 0.34818304529
0.175672553676 0.740447117265 0.900477366237 0.0181026453927
0.494778068317 0.669266891198 0.624285149893 0.108420362775
0.374863311876 0.0591698373571 0.620229465321 0.0943375787181
0.572851685815 0.592623458129 0.991316035306 0.0456888886864
0.342847917125 0.621954221749 0.868592681049 0.0988040595157
0.503573433072 0.282438462702 0.716810844526 0.139425110576
0.216028785769 0.293543523363 0.509380904944 0.186227355188
0.243590410903 0.808157588114 0.997311587471 0.00203106614794
0.584755417337 0.806962052748 0.513812013184 0.114583125822
0.403587673502 0.479508179405 0.995215068873 0.193575406737
0.380327610481 0.248253881917 0.613986370417 0.201831853254
0.734334550409 0.367874851292 0.6156914683 0.0721127259895
0.139460713422 0.0726976261301 0.60682484884 0.28062374335
0.762168013657 0.199266231682 0.515823727501 0.106188753999
0.324916515308 0.121771841631 0.902700161294 0.0960855514771
0.691947463247 0.871162188526 0.703387872674 0.10656644126
0.487763209023 0.886978896837 0.994375064923 0.059362132264
0.641570928708 0.0738330035096 0.567190229306 0.17507828872
0.451924459697 0.44691334184 0.989216388921 0.155718516655
0.310502038976 0.520692789933 0.904891719501 0.123137015385
0.105361064783 0.951587188443 0.514648443947 0.217831512725
0.212319126481 0.0303207591407 0.815572367496 0.0335600726922
0.316072491583 0.768771265851 0.501743865149 0.268072025396
0.100439487213 0.131060623781 0.988146916017 0.191794614611
0.443876472061 0.373758521342 0.960237874599 0.0265143456517
0.403437870277 0.550583105005 0.922794710285 0.0889592755243
0.439979213315 0.46723980206 0.918637759219 0.0471682525568
0.208226498495 0.0147423436744 0.648031734748 0.157930827348
0.743838406132 0.470253124839 0.607512338971 0.139420385729
0.735133170866 0.529755705221 0.583519771245 0.191515513236
0.393535331892 0.459901601652 0.587806175239 0.282468854691
0.148388762414 0.00914066402932 0.928508311688 0.0613803144992
0.708817121487 0.303457880096 0.594734716044 0.14835706392
0.75804393727 0.294398660281 0.91694821563 0.111719058627
0.00334130343116 0.323939411215 0.96089309954 0.00586577592305
0.269461869536 0.25856265691 0.622762361473 0.221776313977
0.586889820548 0.227090176483 0.868191360666 0.0629497041309
0.655244004395 0.386955748201 0.935524497816 0.235080987621
0.663128210736 0.372056536931 0.833376763833 0.0537543421948
0.870696685901 0.92152199873 0.982614061056 0.156013907052
0.659531841816 0.836614635727 0.936304559808 0.0870711791086
0.862986522626 0.976628357145 0.833715547599 0.1318776263
0.802575293956 0.815612614259 0.998318098669 0.00936735510918
0.70511502832 0.772562246632 0.806766697352 0.0796207034396
0.61766867501 0.851109581832 0.746810679049 0.103176232493
0.212522716955 0.722737540929 0.875649776457 0.144303455444
0.0776455429912 0.38817418131 0.931694165242 0.182791559349
0.281464784967 0.743371742884 0.547870459288 0.0256262801902
0.677585690621 0.797518651577 0.611856661311 0.268326026111
0.317769029677 0.471044201743 0.915247400679 0.0420274827322
0.172645633455 0.722936850054 0.653138290326 0.0945140212375
-1.0 -1.0 -1.0 -1.0
0.397801057779 0.287790601351 0.682495476619 0.12366398839
0.207682477267 0.93458347006 0.607008389169 0.264311123639
0.164289102784 0.615362111176 0.791292020733 0.128523012203
0.0504923823471 0.685708826048 0.666665102472 0.199515523431
0.833826286719 0.432704403114 0.741069001556 0.0606050498315
0.238260939382 0.262220295688 0.862944715351 0.409892093229
0.961139768457 0.88303967085 0.937902354005 0.0713350764424
0.458466105822 0.156616411832 0.740574587933 0.127119906548
0.578516808435 0.0374494164156 0.981112408613 0.0447489100437
0.849031814434 0.971808944823 0.999801270303 0.00012173210492
0.00621369615241 0.507052172617 0.996236519984 0.0416149752646
0.67662226695 0.641151711555 0.689424848338 0.221765836376
0.846781726793 0.263233035964 0.891723693447 0.0651641637432
0.887066457029 0.369861387965 0.771288249155 0.158656412878
0.576010601416 0.686503258495 0.997188826847 0.203146606758
0.587846597661 0.333540761057 0.997462472719 0.0234679541519
0.610001507881 0.058853963817 0.66104315209 0.281447178273
0.489064237899 0.931836481561 0.675153395719 0.0700307867451
0.650161644066 0.7494562857 0.589180963932 0.214894083659
0.242544076909 0.957391395276 0.930342107114 0.0499521498879
0.429665791162 0.922598376637 0.525119638881 0.0736058799969
0.930241886428 0.891578040417 0.743316390578 0.205850263388
0.429534067118 0.412088063834 0.753735934286 0.187285930807
0.940737134998 0.172042821084 0.506456353243 0.110717914962
0.925851211542 0.368583654602 0.737691250106 0.112858768815
0.880721659258 0.913857461142 0.734918426081 0.175593462589
0.0067992813683 0.902950950467 0.765264420541 0.207187511807
0.620087873819 0.878439700331 0.514372839007 0.0630577573119
0.881410831309 0.0817424376122 0.554349669213 0.227506928046
0.129478465272 0.608130442928 0.953624336789 0.203232384036
0.736445822314 0.385613701433 0.785309589282 0.138173200795
0.997775980136 0.239870211164 0.764313116833 0.103168943637
0.378238203346 0.289244430085 0.756835091553 0.021580552966
0.569289931801 0.386137134713 0.891220305028 0.167428990698
0.826384598823 0.178198945357 0.982518572747 0.292052521628
0.347522856985 0.816025890262 0.865434987791 0.0530760838061
0.509069393534 0.681877237843 0.804871269836 0.0354318799089
0.516979449836 0.275058202597 0.652737851581 0.292431921466
0.238098478656 0.987488348831 0.908863851284 0.123951402527
0.532889070994 0.593469635945 0.947232821329 0.201669589051
0.249519327817 0.493082950405 0.63835949328 0.160372264962
0.448439153372 0.579215010508 0.978495934294 0.177250666955
0.455894592134 0.658194751733 0.997009751586 0.019378441888
0.497226161857 0.403359428605 0.764916215095 0.0932857544366
0.587452474832 0.407488716133 0.961135207334 0.05215393772
0.879761119786 0.52272976816 0.994912200061 0.191251801924
0.54813419671 0.122263995893 0.999704814226 0.0808814841119
0.277192578559 0.922206516764 0.727895400811 0.137428596871
0.249739838535 0.373499158324 0.7473207413 0.182224179408
0.573226626879 0.777702862562 0.620913975078 0.198062058245
0.209570196983 0.871978407279 0.961877994513 0.00883493801856
0.174659024449 0.360626368221 0.819295364555 0.167568788156
0.610198880327 0.558465330613 0.824500278034 0.173484087497
0.981048991065 0.897024310397 0.535934743359 0.196761465608
0.993394253325 0.479146242184 0.989135616912 0.100450331788
0.314138505008 0.477548566562 0.826103350437 0.0850444559298
0.197939665114 0.200096021846 0.77078437241 0.103853773698
0.336765298864 0.0560655253232 0.613691188115 0.170271948404
0.246943850007 0.784380490838 0.61762229762 0.107440619079
0.454018191846 0.0551897251787 0.99066586225 0.0704042971358
0.0867287095932 0.417493694094 0.892516802407 0.0289606280616
0.680332056073 0.696303638529 0.934591034648 0.139239331751
0.730009637568 0.0168313119411 0.996306888711 0.0344836507507
0.326690577381 0.00839117223142 0.724992271293 0.124490995509
0.0520141546573 0.386367857358 0.958043355918 0.133722476367
0.635074836216 0.224834636119 0.548269565881 0.34715788219
0.340005235257 0.301150129599 0.585420313414 0.131405033583
0.23605317496 0.842347158004 0.520385983979 0.127021383246
