0.817765950501 0.332063583652 0.510005234731 0.265769698762
0.00181386619411 0.721871504684 0.888047415295 0.127116596643
0.781287178302 0.471898359057 0.508938657786 0.27740457078
0.894004609114 0.640079926246 0.620945718392 0.0789946072791
0.823175245734 0.620172356729 0.704800902474 0.0718867519578
0.726113488343 0.248247852572 0.692905260066 0.0543895657139
-1.0 -1.0 -1.0 -1.0
0.0914108603032 0.951389684643 0.937514053002 0.036485303133
0.768613531754 0.177619344574 0.860330788133 0.0437269398392
0.145367535135 0.309360838716 0.713981215143 0.314525208265
0.731092530909 0.68861358815 0.753150910068 0.107376530466
0.679047596116 0.134294214222 0.706145122593 0.078838941237
0.224703533343 0.317893169019 0.945959457102 0.0744309289296
0.294245593055 0.495826303672 0.816996799014 0.108998915881
-1.0 -1.0 -1.0 -1.0
0.474287895677 0.400189932411 0.922087631524 0.063878917743
0.474849422606 0.328480339247 0.684708190823 0.053066034679
0.0427510987288 0.759125339475 0.969024028693 0.0514750584022
-1.0 -1.0 -1.0 -1.0
0.933240837212 0.816332620993 0.743341047402 0.178480176019
0.60405029287 0.306598483498 0.651375702233 0.394610502979
0.641105552086 0.460185029842 0.880228032868 0.291006468504
0.214442589979 0.424196709185 0.819448549544 0.0764461093373
0.483670665434 0.441697720801 0.938412699837 0.0517011058005
0.52375249995 0.112137714884 0.586523335721 0.290198941532
0.0917172536311 0.19775885894 0.906393774462 0.119724718275
0.386165901051 0.771239980697 0.648737744909 0.0952866357087
0.451274022415 0.237705586322 0.649930926898 0.2064865991
0.213597030839 0.314537525159 0.979742366854 0.00490289167242
0.576805786771 0.855921689451 0.52161405591 0.25736617744
0.533137238972 0.890105805557 0.598657041338 0.190296821374
0.112111810617 0.404150539653 0.646901528239 0.167535350666
0.564937152145 0.781096926485 0.909987622858 0.0322519368428
0.264987466288 0.818991362501 0.990273111468 0.00602275922325
0.723544794694 0.0678019358258 0.651421468333 0.269657457693
0.938111605922 0.774703112605 0.540091837292 0.169076378422
0.30347927674 0.769788313042 0.584591874952 0.165701032435
0.647152676432 0.365401481809 0.886557736266 0.0306492360617
0.852061342271 0.223088233396 0.610135094216 0.177908740911
-1.0 -1.0 -1.0 -1.0
0.629757937238 0.161794686875 0.538078674531 0.0829927019973
0.184703963785 0.452278387521 0.500366538177 0.10015225907
0.909300462418 0.756430701018 0.826628548414 0.167219853334
0.310623473864 0.726889653451 0.592240786829 0.240517598562
0.755782780523 0.841861979399 0.609927814007 0.187463569064
0.360815794743 0.149152287332 0.631338229658 0.173478978924
0.569612091227 0.449755472304 0.742712227427 0.131856182072
0.762682616989 0.971980212887 0.806585360824 0.141066028165
0.106206002426 0.566830255488 0.821131378532 0.0822762516854
0.836178816205 0.337651874009 0.50912415515 0.151780364551
0.778361987113 0.658582520472 0.690688583788 0.151186882405
0.92546147664 0.40080303622 0.611696983757 0.034974010727
0.671590880368 0.779677188613 0.544238597696 0.201025241131
0.386882789675 0.764417626163 0.849956301444 0.0631846817523
0.7198068384 0.66878228863 0.664788367782 0.226261899959
0.254411225695 0.865130919612 0.754535850085 0.065066774668
0.450750456588 0.505718313285 0.822719472394 0.0470768917339
-1.0 -1.0 -1.0 -1.0
0.746671284859 0.363630355285 0.723297072381 0.107611749481
0.0173007359658 0.361429119356 0.591738353364 0.162001382961
0.688369674821 0.359656287099 0.512607804582 0.158232892743
0.175136960253 0.70635494712 0.965149530228 0.0211121192362
0.570093601928 0.565462053028 0.78628293289 0.155011629221
0.602041906426 0.547654846141 0.954486460648 0.00212266733394
0.566314071902 0.485247843127 0.719887323509 0.110462184297
0.531161110307 0.420811818192 0.966293165421 0.053320209103
0.277431187871 0.30635986249 0.981323288072 0.200590907589
0.519845771219 0.756117249681 0.96181662878 0.0754098751009
0.860685826114 0.967106589469 0.981971046804 0.0346901161438
0.879829453474 0.442063542724 0.711539835439 0.0346277530047
0.137075168673 0.194354997574 0.586687484099 0.129609494788
0.597208596699 0.227882026459 0.886908482634 0.0620137521433
0.337753286215 0.449221636245 0.633863381624 0.229984188803
0.474154059329 0.93181674245 0.516766698918 0.171530004197
0.342958269329 0.214537456473 0.568479631078 0.309663823079
0.0539733681707 0.0962216470221 0.859468499332 0.0915767041438
0.848323325982 0.0851712332655 0.788819294868 0.218588467807
0.958659124202 0.391417904075 0.901614654816 0.0458839387392
0.528063046626 0.310027696972 0.658366111691 0.0986476587448
0.195114966971 0.743889718647 0.57459942271 0.308149850834
0.482870836424 0.252918289148 0.743456543321 0.0703609690977
0.316613048459 0.578597065956 0.86722250165 0.0289094248983
0.865314674354 0.143040731694 0.801259037816 0.0877636242544
0.53049628281 0.762223029981 0.559105456055 0.123043156336
0.675795597492 0.644752559571 0.710815980045 0.0889618529123
0.254479895283 0.642208155733 0.6713971035 0.0455909365995
0.920131243619 0.18611532638 0.614758761245 0.22982016632
0.270237277641 0.0840118479178 0.781165757318 0.0975885000362
0.774909809305 0.870100451444 0.507309109276 0.198237644158
0.759270243967 0.089898875615 0.975365370877 0.078514026657
0.808186934944 0.385971622823 0.688319851872 0.10638678386
0.196185604724 0.361618829959 0.595333218624 0.132765738622
0.111381312791 0.333887833921 0.882409858738 0.0550053109703
0.444660002912 0.355627103239 0.556968020201 0.0704596984872
0.257329015411 0.8644552431 0.586621261588 0.065167496163
0.294838264367 0.485510502305 0.523320098457 0.236846776248
0.427868515239 0.673561040786 0.606469634538 0.207331236084
0.678881023519 0.50472108966 0.982985127512 0.00500050727638
0.945349532194 0.410467021954 0.981694929744 0.00643964114716
0.891301561152 0.523606058363 0.766003965293 0.0243893301483
0.769542940558 0.405046401925 0.887230103576 0.239981696854
0.637575033666 0.254430015041 0.699533315182 0.131827390671
0.440138328342 0.702006096797 0.75293964195 0.122519731715
0.222790005941 0.663251721414 0.77630688227 0.0574936986503
0.364932158747 0.607602719272 0.524962754445 0.203385974582
0.303341827533 0.705530721345 0.687235154762 0.258236810681
0.39971827753 0.62580597014 0.540419653732 0.213805564776
0.310291274601 0.841054628346 0.758294177765 0.0476379423251
0.0956611906786 0.769572608898 0.555065477556 0.382122115323
0.892992278586 0.230351472084 0.598268877879 0.149141006898
0.295658778848 0.973039969551 0.547570024163 0.265395867447
0.00760748263409 0.0963294237356 0.90101754053 0.0514078276718
0.400127695923 0.234588563991 0.6070832415 0.0747881616454
0.627796717405 0.461365849292 0.76671092103 0.0248171399765
0.186192652105 0.650747315949 0.874433713562 0.0497706734009
0.540661852625 0.489663735538 0.940615004701 0.0749050124979
0.470582761662 0.452473502806 0.644199132402 0.24538459533
0.832681805832 0.526438124721 0.580351891751 0.298161197311
0.801929646978 0.620566166668 0.553420339022 0.0990073020815
0.324916854806 0.879796805237 0.767812564305 0.159447979575
0.392162782203 0.146113725923 0.695421283506 0.144890291866
0.242684704696 0.459140329871 0.937109174892 0.0256842881921
0.851513073255 0.204793263836 0.562898442206 0.214267576323
0.352310193424 0.128105064715 0.918873245658 0.0654339954746
0.275079492949 0.374851827711 0.725524701909 0.0304857150268
0.317084967073 0.992004248722 0.664878177123 0.138965684381
0.375164042341 0.574928561755 0.944376108017 0.0405886820307
-1.0 -1.0 -1.0 -1.0
0.13352468552 0.167387090358 0.624843316245 0.361972928546
0.703822250109 0.412834621363 0.86386289618 0.0361324479384
0.224483915748 0.0771108978719 0.966790226915 0.0862122375047
0.0477005783502 0.328140386146 0.809683941113 0.0375437162329
0.442575935601 0.843272610613 0.615214153216 0.253511294257
0.189327670631 0.485216870695 0.8741188401 0.0245994672539
0.0751407923864 0.73269571615 0.711901526474 0.0492915830817
0.771851128157 0.630516599119 0.79787225008 0.0789215540973
-1.0 -1.0 -1.0 -1.0
0.414133490073 0.400127507034 0.551445294426 0.0793641690334
0.672134420645 0.16673496895 0.572950116159 0.0842663764608
0.791864029508 0.888552520021 0.661695377929 0.242408015468
0.738002395332 0.197538866037 0.797520827221 0.0543397540182
0.670073014632 0.424973455845 0.861788525327 0.0141237170146
0.496253962242 0.678414954547 0.567282159099 0.166048711753
0.376178620936 0.219061899669 0.804170494486 0.225718851932
0.745408669187 0.830542591198 0.597021889711 0.290884191669
0.643263703558 0.298757469376 0.814552746668 0.080506982529
0.667674810509 0.488635503956 0.676348323138 0.314328177251
0.679310676528 0.842961366183 0.918056820335 0.0537586524069
0.647375630371 0.869159297154 0.539960546846 0.211193074788
0.480905025972 0.592445897577 0.630387785025 0.074090304771
0.281723399384 0.568464402129 0.655189611171 0.1557499961
0.739981828261 0.493922171893 0.758268023907 0.0759582253344
0.752313087408 0.00214749720693 0.952679218859 0.0110416855275
0.699061069186 0.718883707304 0.916758463251 0.0464687789248
0.656367861573 0.806675830661 0.520312363474 0.166509674608
0.8083727092 0.380170094789 0.534404335545 0.237188546933
0.390576836559 0.0528281822152 0.546492922074 0.175520439195
0.741331057815 0.342065541659 0.604639564037 0.146893933156
0.722975853163 0.81737281264 0.519917464096 0.299366146888
0.271708924901 0.420784395175 0.628934660534 0.246386966423
0.513049991659 0.58810686884 0.537185185862 0.122774787289
0.29471136033 0.329862457182 0.587197562508 0.204726429433
0.717779734749 0.764897288279 0.514530194471 0.0402523949563
0.0804884002098 0.335067226797 0.585774833941 0.133879123866
0.516612493363 0.462341012714 0.854432107924 0.081279286577
0.747276537494 0.340667230356 0.92531344539 0.0278326484824
0.273026884594 0.565082490797 0.864861192444 0.171119337343
0.259862922373 0.385990312361 0.508402332981 0.335850785327
0.827342215515 0.0260014761808 0.577153566513 0.290233926421
0.356080727564 0.136762181079 0.746112158729 0.136744157646
0.319368240391 0.172555490837 0.543825580658 0.0869895180821
0.890570048891 0.249576204587 0.78134656331 0.115271705155
0.469187112976 0.0420696490253 0.730547343923 0.141403793272
0.584816380467 0.659846889506 0.909355324445 0.0405816989737
0.29440022426 0.810281061503 0.986084921003 0.0736384120612
0.918003235487 0.237782317163 0.72251376563 0.2745755211
0.238193442398 0.489874230791 0.753642303189 0.147559881262
0.599562396124 0.449386244494 0.661860738114 0.243917837622
0.883058814644 0.732666841145 0.896403833205 0.0440379984996
0.124083238363 0.564470079413 0.993166362605 0.0828438349869
0.148497897302 0.237765124341 0.972419458549 0.0182454627114
0.521394767399 0.804636337929 0.615817173996 0.123837948615
0.383636831704 0.500808103456 0.720231096546 0.263830764384
0.737502523327 0.337182334543 0.50212898237 0.344680137587
0.760207336928 0.796579007237 0.899009914573 0.0508224912709
0.470607205187 0.347628773325 0.533222890626 0.274623138378
0.782468719601 0.841396395999 0.995523526168 0.0017409552507
0.663046500711 0.521861200158 0.532632581704 0.236934527617
0.298680395471 0.857396481375 0.835316098234 0.235053410814
0.479188849925 0.0317436424955 0.814394192833 0.163477998509
0.700413537566 0.603971413306 0.514253482271 0.121498534257
0.216230318622 0.503897677102 0.854953219865 0.076668270187
0.101373911269 0.719376900137 0.941812538252 0.0737445461756
-1.0 -1.0 -1.0 -1.0
0.59828097597 0.885309359638 0.71844890224 0.15298004245
0.127527196878 0.772102889413 0.799645053563 0.0711160256596
0.951203761605 0.300043003546 0.96678242659 0.234734570238
0.718546631624 0.889769091043 0.659919532452 0.19354639399
0.500082813278 0.883749873245 0.899681857278 0.0320722045751
0.528451110856 0.27921350611 0.792517315704 0.075149602477
