0.902248741801 0.609721306032 0.999851064165 0.27662661615
0.797067679873 0.106625661774 0.999782279158 0.218051573835
0.894432852269 0.207552669474 0.830457952325 0.0593288776185
0.374586492965 0.162635291142 0.567673965057 0.137723745644
0.963365815078 0.292219574414 0.861889081525 0.166708422132
0.365227094042 0.139472140695 0.999694688844 0.157408602371
0.594669358622 0.346157324457 1.0 0.131749475822
0.968252523207 0.335501213273 0.589359371832 0.248030863168
0.211960079586 0.866273878427 0.534289247304 0.157682180376
0.402999231497 0.0317431297815 0.619099160927 0.232445184197
0.694459657088 0.685488554286 0.988595419834 0.0949636644083
0.359221182596 0.69121852125 1.0 0.138285060595
0.406176532579 0.893272059519 0.99979415369 0.0684186664203
0.855640224376 0.634371480921 1.0 0.142974612154
0.666345475545 0.306157353875 1.0 0.221357233047
0.822824753434 0.312061398008 0.999968767629 0.250505577523
0.470787394695 0.819165525709 0.715990634144 0.187971093969
0.511356744785 0.504972402306 1.0 0.117666118462
0.466494675441 0.616510976561 1.0 0.147788599523
0.765597190283 0.453881144084 1.0 0.0965188272896
0.213587847357 0.63379175095 0.999999999928 0.0603267408557
0.152831848797 0.714629665456 0.820281077357 0.238742625011
0.620694664549 0.206492901945 0.95817843422 0.153281173853
0.571683090671 0.252652173383 1.0 0.118016732957
0.695463881375 0.88315136361 0.847215436276 0.217314461988
0.24503385281 0.470040626507 1.0 0.154107370029
0.623081440338 0.968332560863 0.763027282953 0.191935647741
0.888948003455 0.216132547485 0.999999928071 0.256419931154
0.548267333936 0.680687253238 0.999982934874 0.0381226073373
0.0142308234996 0.481546477499 0.536835406194 0.232853106949
0.973637721105 0.775726393913 0.850980819697 0.158012561775
0.356601427257 0.647727537559 1.0 0.0559664482179
0.55090890301 0.60414019221 1.0 0.0566148837522
0.39702275842 0.949357771709 0.984389041425 0.0451702364561
0.285305092288 0.508395223844 1.0 0.176409059262
0.99555109088 0.198280683118 0.707245622829 0.222440040605
0.304030371696 0.95527799007 0.582328261767 0.200804217695
0.932174041971 0.262778113073 0.823621756079 0.110694083637
0.942384820847 0.97890268847 0.587996141015 0.160861612898
0.35068617194 0.217974067213 0.999999592248 0.203505951603
0.521637260558 0.155340354941 0.99999973815 0.157291850892
0.238132729866 0.501566942159 1.0 0.0674209784427
0.562370983664 0.909055953821 0.582296550898 0.138439177433
0.686690961033 0.627500730174 0.998241150301 0.151132668336
0.272068231509 0.154659994592 0.999979999296 0.154922302073
0.643849343257 0.854378463119 0.655945493183 0.200832365751
0.877943639413 0.8168915862 0.988888265025 0.148024073437
0.0160206265161 0.623595400946 0.782643435377 0.251756702626
0.192217817123 0.526222836052 0.999868509605 0.0431915150474
0.405348307368 0.266400637658 0.999999594634 0.157652747847
0.644792179178 0.5886280768 1.0 0.181048197156
0.247306510064 0.462740156409 1.0 0.248637620277
0.236723444064 0.878453319487 0.669891785232 0.218017358102
0.9234073097 0.796791716182 0.723593071733 0.18727947472
0.839786534865 0.014147979418 0.529716837147 0.107906176241
0.671654677071 0.653719304157 1.0 0.0768088557133
0.804990754277 0.112332079975 0.733362097682 0.149129068158
0.997873507636 0.698433035404 0.550751777112 0.191339210383
0.175184950367 0.771888412086 0.999998071753 0.075180707285
0.250458795512 0.0793952284917 0.629840815322 0.166612114297
0.426891206575 0.0799223923627 0.969112812695 0.183648465864
0.946086522328 0.907314735229 0.995932046474 0.0936403082248
0.449440277718 0.827634466436 0.913539510331 0.0529878058449
0.261206152321 0.170113157128 0.999999996499 0.256199433306
0.323509797474 0.982452020595 0.69901267686 0.180095739023
0.623540750302 0.284765850522 1.0 0.0850759768401
0.173378491046 0.928147057304 0.861457165423 0.218178630977
0.0725612478766 0.189804270912 0.908287705824 0.190153366254
0.0532747480134 0.102699831 0.862840813569 0.116575935553
0.0612069042229 0.24865939174 0.942359770351 0.197473564995
0.610680530858 0.594902401825 1.0 0.050330426512
0.0974060182108 0.210861841147 0.892415748853 0.194327563678
0.225961808288 0.0946900449201 0.530067034706 0.219360524074
0.724762630408 0.947142640891 0.997300387038 0.0282112197423
0.661174480674 0.0349109345271 0.701806584141 0.0849075605517
0.329465721523 0.620399330037 0.999999999568 0.130400489426
0.620391940979 0.517020047065 1.0 0.281423387563
0.76225723203 0.30018234137 0.523057782104 0.19494814646
0.933764495628 0.556689293043 0.665497241078 0.272574503951
0.0521166211413 0.701756405697 0.545410393986 0.16821171141
0.463796949941 0.325225384686 0.999999999972 0.0833523319126
0.607982031496 0.175936543693 0.997627751742 0.147727467495
0.108222843464 0.492748307108 0.569503405531 0.150065617147
0.0368890308307 0.354870248159 0.782447345234 0.0535458454384
0.45450517331 0.14107655099 0.524232756199 0.14085380473
0.534467671125 0.881883442732 1.0 0.0890338344035
0.0582131764276 0.414297520778 0.508777508989 0.0802086100928
0.784116194346 0.159281301081 0.627438178462 0.0787985974076
0.210570793399 0.217275831112 0.767668747126 0.206988490449
0.495868600137 0.0337715761311 0.807264368155 0.247746297781
0.798141571322 0.213304891978 0.616518459204 0.165182009741
0.442866674696 0.946504131435 0.550547006257 0.104559842443
0.253806873896 0.98545295152 0.529230283169 0.10485350573
0.974639704715 0.37800605085 0.904362058543 0.209164128589
0.301357201123 0.946696816034 0.57464550025 0.0863173728052
0.919807601218 0.967614754283 0.784758632367 0.0232912691987
0.188210303299 0.288512013728 0.992611465089 0.00643882652022
0.67986958927 0.086276728546 0.503039737012 0.168283636994
0.0356894355892 0.767248532607 0.924020115142 0.246983495127
0.100846616695 0.307521869482 1.0 0.219667842596
0.803638451919 0.806798715898 0.998574977252 0.129903990421
0.959068389044 0.842690519885 0.952661766471 0.220888132597
0.64345951013 0.876980356583 0.683786094268 0.030192440645
0.667713813022 0.727244234777 0.999999894812 0.126546184331
0.085863861717 0.199599252069 0.999327696026 0.207354739045
0.837968669548 0.430522701293 0.999999651752 0.260918599177
0.66950362265 0.887486417929 0.654181491764 0.0807383092736
0.200664096554 0.724974563593 0.593813016643 0.193056288277
0.218527449307 0.002837574913 0.598646233853 0.213005905717
0.73404440977 0.227417652571 0.999999996255 0.0380735180504
0.99591108685 0.240131718588 0.528635699475 0.197921056431
0.584589489087 0.245584537715 1.0 0.112392998646
0.85625163304 0.116711299498 0.711945145178 0.047305170495
0.679456746391 0.216411863707 0.999999984854 0.063802380363
0.973603635789 0.556201422731 0.988755100513 0.126228282465
0.601827531904 0.226959406341 1.0 0.0183961871668
0.440974543727 0.946706725858 0.848602610888 0.203203158061
0.127897694925 0.190777241939 0.991332054362 0.138490399463
0.953557495203 0.46539140783 0.565759783 0.103690042435
0.479842938094 0.777634381715 0.999983563562 0.0919633876979
0.977377707653 0.334213630208 0.999955549597 0.0945010871179
0.193799200176 0.336839731876 0.999996526571 0.0825418732134
0.237193168645 0.283033107636 1.0 0.132665747986
0.974294987813 0.0523036593746 0.873445509163 0.121081920638
0.0524399778018 0.00782403304035 0.54552056211 0.243439055567
0.83213730891 0.271301525969 0.518847321069 0.218959402387
0.961842620568 0.148119390811 0.936902988811 0.137137236796
0.907055279625 0.781525640369 0.993814691225 0.128757679041
0.639798976081 0.255478113879 0.999879289783 0.13967848963
0.929343690243 0.405577546493 0.74268884585 0.187858324673
0.0423772742132 0.810865327631 0.656985824122 0.175832680877
0.175635859419 0.439207068443 0.736615931585 0.181413617485
0.300322495958 0.0315069729832 0.69254573943 0.0436546493919
0.641508659974 0.571220320204 1.0 0.090586493514
0.329638870237 0.599805630936 0.999999990785 0.229255168303
0.506750852265 0.555554745085 1.0 0.216414230656
0.147574403518 0.730678736328 0.999513294682 0.0411658352217
0.750260760321 0.686455396879 0.829494240707 0.276202026818
0.68512357317 0.233373942403 0.99999988741 0.0446230738764
0.78738356195 0.958125453829 0.519720716787 0.140638016035
0.772025600345 0.409157251167 0.527970529044 0.109870352026
0.707475240842 0.538743156093 1.0 0.190136939255
0.376259672633 0.326953415951 1.0 0.132050516178
0.790094468168 0.0702015904072 0.59139679476 0.1493437666
0.0795739178561 0.54280747027 0.988761119978 0.255778314151
0.316041415542 0.869003233193 0.998977036586 0.0925333737378
0.217228757384 0.122803543738 0.680447797043 0.220796644355
0.733068394756 0.506789789186 1.0 0.0168306932685
0.213814735598 0.100843277435 0.825981909282 0.195016253009
0.252753362512 0.986370446833 0.999235372192 0.0148082624368
0.709066224145 0.324808959725 1.0 0.239093857814
0.973813088171 0.591802125892 0.745963960066 0.134158621471
0.974238725929 0.454439243888 0.98687521037 0.0273640718315
0.482934315194 0.271118893577 0.999721851775 0.151968121561
0.85428202186 0.433010453976 0.999970826253 0.226351680691
0.312840396322 0.25301807915 0.796893525415 0.121087194531
0.564714667789 0.140479781945 0.520254364884 0.16045466321
0.862448067761 0.179418744498 0.686552830645 0.139225280553
0.014117463934 0.455967180845 0.986549301805 0.0365709338824
0.841643709635 0.654351802349 0.740231853979 0.199279218711
0.721127372755 0.0772677876805 0.803047137057 0.0901618898454
0.682563085369 0.0781436937856 0.99998386691 0.173365260064
0.976486106332 0.62460101981 0.793833389207 0.107755939543
0.685071778468 0.569501679997 1.0 0.123039672315
0.34904862925 0.229776996042 0.902529968942 0.0776967905231
0.929606097281 0.742291201638 0.970024119503 0.217357168785
0.731470320648 0.125625515604 0.500026751642 0.175940674486
0.841217528681 0.784705855814 0.924304651174 0.17227650572
0.963008283064 0.595869585068 0.993478500728 0.0873195662696
0.399942891671 0.0911714170644 0.999950933984 0.0178901779321
0.147905274079 0.00520511185032 0.984441548143 0.129343121166
0.540703236539 0.280509609891 0.883643885936 0.208565984753
0.0449085520721 0.989258725518 0.50029866593 0.202735755394
0.0534638837233 0.907201205562 0.674355163145 0.137327286633
0.972020865794 0.74430097701 0.923404152165 0.209241205042
0.567033025563 0.158262920633 0.99999530675 0.127787673569
0.732401339212 0.268481379705 0.999994285176 0.0526199784085
0.550416441856 0.0115545559593 0.999999941972 0.190918569289
0.0623515894024 0.372566299385 0.634711003314 0.112425390246
0.824811587396 0.953478115359 0.527008967685 0.136245931339
0.652538556125 0.143201161547 0.999993650746 0.0481872164235
0.0138204010165 0.880076523218 0.967067454611 0.269923589627
0.136893512946 0.457372769546 0.897744168777 0.168605328675
0.442401556095 0.99652282093 0.999260380917 0.195551916963
0.044568569957 0.626537210041 0.998074270715 0.101417292849
0.394383912137 0.347534660596 0.9999970472 0.123774527403
0.416434781181 0.968378444855 0.602073387533 0.122311133365
0.111150604739 0.891503097916 0.999973322306 0.024209258013
0.929226401674 0.770512147143 0.949158677808 0.181236120457
0.959470290994 0.0604997333668 0.999921633785 0.0685841042582
0.967313947209 0.0453918273834 0.98763890611 0.195581900356
0.729355063129 0.254095519311 0.535661309021 0.0452569694738
0.760298423322 0.394120588406 0.999979500011 0.0518647703535
0.429691580522 0.569658520343 1.0 0.140109302588
0.801789865183 0.0490653130712 0.635404915204 0.155562120704
0.046265903721 0.0445609499612 0.742821359244 0.15324529073
0.0425789658403 0.694083851489 0.999999995202 0.108383926485
0.445668813112 0.00427083274314 0.527341311604 0.0532234433657
0.739287377225 0.477799566626 0.99999999908 0.0381487990748
0.311277032965 0.679021808269 1.0 0.104063483584
