0.243074917838 0.141570500674 0.539384177705 0.15156401832
0.969701671334 0.859663449162 0.563064015694 0.06893886757
0.535555843496 0.636216756132 0.678357026305 0.0678820709276
0.428983343871 0.652105960108 0.74755302195 0.084947852509
0.349227974294 0.0929114256829 0.791388116656 0.0954211250174
0.442536462031 0.00978083369254 0.639491948276 0.214312067033
0.722477817035 0.754573747431 0.657411465008 0.0880724656069
0.561863502454 0.291686105798 0.76325400325 0.0744551940236
0.491148942611 0.331159225064 0.512545693672 0.104379239794
0.692403528225 0.108777986074 0.568407818155 0.265012970511
0.647942931443 0.530457087798 0.509685585765 0.0880765476487
0.341941184585 0.454341310243 0.588619347588 0.148466466814
0.460480941289 0.337669311522 0.754707677784 0.169463432476
0.720461097582 0.928339318747 0.635016801904 0.275223170241
0.222867771715 0.964090132984 0.984436085421 0.00797714876798
0.757669746039 0.167356829549 0.66041713029 0.0758019561552
0.55479613592 0.539096478952 0.919021797046 0.0438447036415
0.932174815891 0.339974480017 0.680465471529 0.209801525014
0.591981232741 0.882736557217 0.938809778695 0.0431463447001
0.736697153049 0.806776056425 0.634728269781 0.22777059083
0.153930239303 0.768095299269 0.720914907705 0.1647367648
0.658327077761 0.228616182595 0.603267598861 0.291390152486
0.035439212764 0.464534582903 0.848724629336 0.0975982271252
0.341292403766 0.441766696613 0.795364550713 0.0753332562256
0.453453651291 0.685908363303 0.557398233047 0.136233578452
0.376562212107 0.42614969391 0.671795158293 0.0373251236865
0.680858713942 0.9375366189 0.516423038475 0.222495606843
0.947064726326 0.25341179317 0.697215108073 0.199773923926
0.505565496591 0.535270586271 0.989482296495 0.0114817728544
0.724781173581 0.741730890212 0.716003926481 0.0545567789245
0.681904874816 0.284342567139 0.514991818555 0.146804545182
0.0917414796102 0.474373107058 0.703593377382 0.118579667806
0.827066986494 0.55979992035 0.62537267911 0.0978960847628
0.98605502544 0.0492913064899 0.752349010234 0.257337359171
-1.0 -1.0 -1.0 -1.0
0.465505347217 0.0589811657908 0.580289180552 0.0236304164391
0.662241827608 0.15999758002 0.54885864715 0.227342532217
0.97557071863 0.839242121367 0.986069114966 0.0866316041526
0.862292818556 0.692164641611 0.661263242345 0.103638494372
0.656352482539 0.538322268819 0.680855407357 0.045403390548
0.808167570725 0.357400368571 0.979147104884 0.065632949059
0.732755555577 0.186506157555 0.912827454139 0.0473463708226
0.966058771441 0.201261824456 0.5409342428 0.255713750862
0.239832871325 0.232207975312 0.628271175443 0.179959498645
0.432298895943 0.243257528606 0.999135908629 0.000713236240693
-1.0 -1.0 -1.0 -1.0
0.0657343238937 0.0725052968647 0.772353799797 0.166989496711
0.794262732085 0.329864787783 0.509124440486 0.295977852379
0.532392995029 0.455820322799 0.525582743924 0.0755504199458
0.909883811544 0.611469333777 0.868530308802 0.064473757721
0.215246494136 0.13165908197 0.539284382184 0.279525446365
0.227266885181 0.0729663321709 0.681631616145 0.226310586739
-1.0 -1.0 -1.0 -1.0
0.875221474774 0.199049357912 0.977971289179 0.0130087824249
0.275082484854 0.783168824282 0.900568044122 0.0444097349591
-1.0 -1.0 -1.0 -1.0
0.923759228217 0.230896710893 0.873988936155 0.0946942669344
0.560816978489 0.276234254101 0.549761439198 0.157765756534
0.0226130839409 0.237082557567 0.906059299591 0.0358383334204
0.446788480892 0.651817290284 0.999935818387 0.0370748907263
0.510349940218 0.577347723266 0.793839017722 0.0660829844941
0.587312107237 0.513390314833 0.62761282008 0.177737388209
0.241193348657 0.530670361797 0.732291654572 0.0327968793851
0.37602572581 0.74685499755 0.656964026195 0.215165392115
0.0263570546735 0.21010524759 0.941075508141 0.072786425832
0.0465982284004 0.946695454848 0.946757522271 0.0235956518754
0.952520021362 0.339125724455 0.522138701187 0.221048595595
0.673908987356 0.65435355787 0.515481052477 0.34215809326
0.13575927628 0.555989021334 0.958226197903 0.0238146939387
0.725255690348 0.421922164802 0.865884113135 0.0404328894871
0.642280674433 0.298581223689 0.506373194182 0.300511305829
0.351842356433 0.0241069691067 0.799137090681 0.09539605428
0.25271114615 0.295170335519 0.52682759517 0.282624429215
0.704483466591 0.227232068659 0.765963634095 0.0863025234067
0.726894509936 0.318769244344 0.555576903205 0.0279193739024
-1.0 -1.0 -1.0 -1.0
0.485369991276 0.905293463562 0.709722158274 0.0841905888947
0.455727578723 0.372257267796 0.879727290195 0.0656503948265
0.665139475553 0.627027348079 0.931098520936 0.04227772611
0.154539205086 0.43893584841 0.874156037542 0.0834640828295
0.589893868762 0.978405854821 0.956863692618 0.0446505054575
0.176414295375 0.157593584411 0.797229015039 0.057039370688
0.70704426474 0.281833043564 0.761469514245 0.0273007858842
0.96702567355 0.833366645649 0.622645955425 0.259568257992
0.93316237378 0.355776855674 0.975068654103 0.00869045720271
0.184878286166 0.394556246916 0.897919681772 0.00432135444265
0.375982626633 0.759722247559 0.746542166397 0.0950760540996
0.941284654117 0.451789544878 0.653042486982 0.132471136695
0.01089813674 0.899924106333 0.501925332254 0.271137657773
0.247862058486 0.0337328965129 0.59506290291 0.183351880968
0.507213699474 0.33988473201 0.600865538887 0.0476787747642
0.173803515399 0.824523668626 0.632268636417 0.134305569699
0.487595825072 0.3229863457 0.723687885104 0.10032063495
0.0684589372682 0.466827034454 0.513575553883 0.0177748146085
0.819403374993 0.295389622596 0.99800414438 0.0143661854543
0.640850907378 0.288133883962 0.586576684413 0.110546022717
0.567445570511 0.476930893137 0.500163186038 0.139965530453
0.275098344178 0.0297063058438 0.596742957306 0.177579376957
0.958592958847 0.657687706043 0.988005630505 0.00275051880701
0.649307545356 0.314753702127 0.64747763205 0.25748507638
-1.0 -1.0 -1.0 -1.0
0.594476551707 0.628884319675 0.808689589989 0.135568478292
0.833764028415 0.669453158438 0.649588679761 0.144266379624
0.198406444819 0.660405985312 0.501524989463 0.127909702868
0.219990291197 0.685633915949 0.520974497402 0.365688533478
0.4573839743 0.29956831538 0.600032307764 0.113574995125
0.933701316772 0.894525504747 0.901659773355 0.0401621159247
0.576596047425 0.280576909437 0.587416078758 0.152692913371
0.524526934754 0.525971668207 0.589980594072 0.121573461568
0.81424421012 0.68588803918 0.578449648118 0.134035017972
0.173801569877 0.711307509288 0.621971953406 0.0787620978568
0.923014089775 0.575970106789 0.749804720797 0.140955132758
0.798858025433 0.319087551388 0.578575762752 0.178888331774
0.361452172097 0.444653917331 0.843295588008 0.0592626929563
0.408937620016 0.405271993454 0.596729011159 0.0839979913837
0.528275694881 0.107923439637 0.789109327233 0.0674712979906
0.924337471693 0.733245428968 0.871319958578 0.0541354820484
0.775180387515 0.77862989433 0.922618047761 0.0757959288209
0.243110748673 0.835785933139 0.573679973274 0.247281104528
0.222497019946 0.981321811593 0.67411648045 0.0218112513828
0.646257340969 0.69611046041 0.724626900991 0.299142299032
0.836729422176 0.551602509224 0.816646936113 0.0279958377764
0.391469134567 0.857861234754 0.735647331728 0.12633850909
0.668232660144 0.38395928764 0.549768563145 0.065940761605
0.25397146124 0.207583828814 0.953654133924 0.0214428071208
0.269420172392 0.879414088781 0.794385762597 0.127639510602
0.414644377226 0.360766242271 0.680646667683 0.119640775183
0.294153081786 0.158711799845 0.558536058525 0.256051925584
0.909452051819 0.241592256354 0.794619595087 0.0718260641697
0.113710357173 0.0688305961084 0.655227487723 0.273072268184
0.624155922821 0.568502405179 0.597598485356 0.140174186015
0.0952131665074 0.0788795922088 0.692661206576 0.121390426267
0.620947684738 0.665060740747 0.887327775847 0.102636745481
0.707470404073 0.298914112345 0.509209697738 0.0955419839058
0.421810775455 0.611939455385 0.980628889053 0.0066700998311
0.55404848465 0.710361645047 0.755809620641 0.19030200794
0.879296887062 0.769961033705 0.586212697192 0.226925090127
0.750505988697 0.324868394324 0.783914628447 0.051222576138
0.747402712428 0.587653885641 0.549870139625 0.260237644038
0.648134756748 0.895289578305 0.515670214299 0.329234718173
0.320468275497 0.160838324813 0.897464894306 0.028056587016
0.183878410935 0.016911394702 0.633728490583 0.181651594084
0.635101580466 0.140229610834 0.591765239303 0.13125886411
-1.0 -1.0 -1.0 -1.0
0.428589238925 0.916804732531 0.996049474059 0.00596326813577
0.148307434771 0.0912616144002 0.743582672462 0.165603069611
0.637778698616 0.862739241545 0.604298007007 0.11792601438
0.909991526537 0.713708912992 0.880334574829 0.0753739617974
0.804937998434 0.400496673364 0.625398383864 0.214548814839
0.0361431333856 0.869020542616 0.639916826365 0.195364156763
-1.0 -1.0 -1.0 -1.0
0.30167113169 0.857584055301 0.531597066896 0.300475562517
0.515420275659 0.550444654979 0.52791226375 0.22687197556
0.0894405957567 0.654001483832 0.667942082106 0.215223528637
0.353238600893 0.0868053936523 0.879508802245 0.0289520014882
0.136236548428 0.0701234520302 0.863006210378 0.110642267908
0.794527928818 0.183788115965 0.53707123439 0.19206481625
0.368148605521 0.89586232178 0.841177165026 0.0678475477065
0.962973482034 0.698572195654 0.889647493567 0.063631944426
-1.0 -1.0 -1.0 -1.0
0.438087731225 0.286804799197 0.571547528203 0.212842329316
0.375038125291 0.320221314404 0.908835855344 0.0746256074851
0.606477679875 0.0830014453288 0.999993746422 0.00612878729639
0.228123041992 0.820777343409 0.81097987481 0.119528820678
0.0934329216539 0.609341177639 0.861308992897 0.0202177688717
0.559547708713 0.784963447378 0.525981454961 0.0536033051891
0.188577398339 0.318339115822 0.565053654243 0.300032657761
0.422433158346 0.825198285064 0.564119891386 0.33002188621
0.565407709979 0.148786010014 0.776275962914 0.0478029792198
-1.0 -1.0 -1.0 -1.0
0.182754543964 0.586998378454 0.859632096798 0.0758799240542
0.23656338758 0.183234882626 0.756588414074 0.0600509476766
0.287561012639 0.904390946783 0.857114241718 0.00642735039182
0.500880137426 0.15020653247 0.606112899571 0.226316917802
0.455179912186 0.623709679135 0.506666634681 0.0414129403054
0.75871844983 0.203882068358 0.529440428157 0.157779484066
0.314041969089 0.638353100666 0.682741010378 0.0622817033025
0.404991909047 0.31411036139 0.642885319664 0.0993122564608
0.589862158248 0.912260304274 0.649645517176 0.125377600739
0.143630849622 0.0232188433851 0.529497432824 0.152734006631
0.188935250783 0.156399542601 0.59626159963 0.0797297940342
0.0529692847061 0.624580880624 0.503782684785 0.252825310249
0.50735490788 0.207621440694 0.783764765041 0.107913082891
0.0468659871456 0.638411639603 0.710916220094 0.179472386859
0.580772053243 0.838661273055 0.626661004 0.0984280200969
0.550612501862 0.522807785852 0.724250038826 0.115741649218
0.960726804331 0.851589946165 0.875479699626 0.0985494539702
0.0665250588936 0.702308882086 0.514414877966 0.362473948415
0.688996535171 0.137613899176 0.631496640616 0.123753659289
0.406504932293 0.320183621412 0.883621260446 0.0245686569007
0.89770857651 0.181562741127 0.878993116042 0.131571688351
0.737235443366 0.216096018956 0.525516811403 0.283788712459
0.513443336148 0.386306394459 0.515659528615 0.21572536228
0.681816164285 0.609823216503 0.741764066948 0.116600400652
0.626565302578 0.112926602597 0.568007314502 0.235560860416
0.722185534895 0.913820584735 0.823999520702 0.122086358899
0.36049832945 0.682492696039 0.504940187195 0.219401093852
0.213976382072 0.569461414852 0.560054037414 0.120776109294
0.725854161966 0.00310726335418 0.783215591003 0.102561454498
0.756581946433 0.688970767773 0.885202000226 0.0597289431268
