0.835066402883 0.935403677662 0.557103936498 0.210725935148
0.820847402509 0.949663527725 0.984071587221 0.159471174584
0.177905696815 0.0314791976103 0.683630743808 0.0737503925643
0.360385713761 0.932004725687 0.940489705337 0.032354152505
0.045248998199 0.443192727364 0.835785258607 0.133069156679
0.285821726734 0.899022617108 0.969516607713 0.140594462501
0.318439832895 0.45934351917 1.0 0.149497927276
0.546152890397 0.962301120511 0.762943134917 0.0808782588312
0.433530808519 0.609645436736 1.0 0.240204382317
0.185089681218 0.120818667025 0.999932183728 0.221798570728
0.887796658575 0.0069553517919 0.686015095277 0.139845034376
0.956876292505 0.213922287782 0.951999132342 0.28832302182
0.87421611236 0.163616092827 0.99037093788 0.158843372348
0.250259195839 0.277944443925 0.776194358279 0.105459547336
0.846265309325 0.72122086455 0.670226165615 0.137628295456
0.462533865972 0.891117064839 0.845551950331 0.0859911655925
0.730058536933 0.0861203509199 0.999999999957 0.134645192792
0.862798660179 0.587441322789 0.987231956801 0.23988664785
0.504510149613 0.4652443018 1.0 0.108044588366
0.553886686399 0.875547941672 0.99999871028 0.127814666988
0.809214723284 0.690560862065 0.640321051013 0.236906194609
0.834435475717 0.826309706629 0.910226107964 0.109094263579
0.317070654281 0.930497445498 0.643062270432 0.0672838066891
0.573776743448 0.689764125475 0.999999997599 0.0755492969265
0.806444289197 0.467668423461 0.999965166412 0.0275318123221
0.663342769714 0.501915779298 1.0 0.159136537897
0.764761831693 0.107471777782 0.999528215108 0.21391427476
0.0150724674138 0.0412895509334 0.7177558222 0.170706180139
0.216317330142 0.90347262233 0.975766392551 0.117091364275
0.969159938501 0.428083014772 0.558378435017 0.111490789696
0.933676918609 0.0511765409445 0.522626664574 0.21932080467
0.0499491012001 0.948317775789 0.995023483004 0.0660628665671
0.0646042343987 0.0235380545124 0.855067470948 0.280127268633
0.718439129224 0.84424799452 0.907876877753 0.154766079076
0.146337530289 0.793879753242 0.885300789359 0.208983966183
0.91672209612 0.136018596812 0.724763696756 0.110896197543
0.710247733753 0.0841526043863 0.519505118534 0.163288894095
0.337427252873 0.431694896866 0.99999999999 0.162698521165
0.55203919988 0.272368753576 0.692863225627 0.182436986518
0.32837829762 0.373421566109 1.0 0.140348605131
0.0755208900364 0.295058946044 0.963198387014 0.109916924952
0.380275243917 0.871821558431 0.999999653001 0.129811269868
0.336499206573 0.266320052489 0.999999982966 0.221970172283
0.919576288573 0.416998152998 0.75873876697 0.145893632467
0.630856630937 0.0500707269311 0.999104411866 0.196298056305
0.930528514406 0.567772728146 0.892503035999 0.17203037558
0.897618960835 0.280108988698 0.999992577376 0.136654955018
0.917556964046 0.677435013531 0.724184574136 0.270265428004
0.352754091505 0.655066361098 1.0 0.171182538326
0.543693456082 0.252786338833 0.708009169812 0.0626939894436
0.99702870319 0.136337728262 0.574495886731 0.165427182328
0.859771894067 0.856802294321 0.918039396775 0.192046057318
0.316543462793 0.834247507036 0.9897152929 0.161715919143
0.808184109409 0.161075954973 0.987379282261 0.153422224402
0.641276462379 0.115614733257 0.999933344536 0.0665520246626
0.103636176853 0.0110804677923 0.995496199296 0.159731662929
0.913685889168 0.476270363706 0.626425206236 0.241034838199
0.092645051556 0.110123105181 0.923858213041 0.0386952451411
0.731863443735 0.264359586865 0.512326839989 0.1351104166
0.907707057573 0.000898055524424 0.968667538335 0.0509848483542
0.281188464521 0.887149052992 0.987714455084 0.207017307708
0.741288819248 0.354625294156 1.0 0.0531278952891
0.414798590551 0.204234641674 0.996197404825 0.0642607128396
0.501674573286 0.480928152052 1.0 0.105196461866
0.0088444790456 0.583171399398 0.596387301352 0.151621278436
0.725717226279 0.385316776462 0.999965211946 0.0516070187221
0.635923614749 0.248025757443 0.999999998857 0.0295991634121
0.646151785136 0.167016276925 0.996126857844 0.0954258738512
0.554208689479 0.0612227663122 0.999982306759 0.131845968643
0.475511631074 0.884581475835 0.674128437974 0.204813021214
0.0686544084961 0.605598373391 0.969836247006 0.190614448106
0.767175982297 0.0466590700681 0.753840591506 0.259263872338
0.00724518958872 0.150855538573 0.644625961983 0.12886410109
0.115246785215 0.15384658686 0.996172895125 0.140555069725
0.129740961287 0.00802309147381 0.553856287588 0.211797777851
0.811410333558 0.295201563606 0.715587098602 0.149580974979
0.848430454816 0.90981287224 0.999999999813 0.0548118146887
0.353186944361 0.562052074765 1.0 0.27362206794
0.372024710555 0.273211172902 0.999999939074 0.238109825892
0.248921768163 0.577490236408 0.593866037835 0.0809613961767
0.924137470338 0.398416618251 0.991304699313 0.106453573243
0.424382252865 0.162045136308 0.997817017994 0.182046765811
0.0285024738784 0.694832399676 0.849999414672 0.126019040594
0.824789501157 0.405712276443 0.999538063501 0.0516643834258
0.0960727893652 0.992815069196 0.999999665304 0.19534093769
0.55972226369 0.191807957958 1.0 0.122130291646
0.110325387884 0.80665885826 0.501682554947 0.147764354479
0.592927020828 0.510123491313 1.0 0.0873133975016
0.731977028338 0.977936967395 0.980747326322 0.107406265656
0.253508258371 0.604608250342 1.0 0.0510923864329
0.497078175785 0.999501882316 0.999977411344 0.126940567168
0.0143936980357 0.714611058491 0.696726452441 0.1882382379
0.750769051968 0.513874664071 0.999999511761 0.0354199630369
0.245446566956 0.722523950409 0.999830791212 0.225809040449
0.81516705218 0.136296225068 0.999996791005 0.123113478598
0.53169575484 0.562994896677 1.0 0.206277754022
0.958968928619 0.984164869073 0.836332000576 0.198139814048
0.262088752366 0.771663914744 0.999642639394 0.0614765040952
0.592538519752 0.924351228503 0.999714585822 0.0986191375285
0.511083138308 0.919552026859 0.999959525429 0.0220190418247
0.668770574876 0.154375700753 0.993024218674 0.102766961207
0.668027123485 0.83522838211 0.505160978411 0.26047375009
0.321013378374 0.400720495442 0.991479075124 0.0863117088061
0.641860818643 0.838591578246 0.999979952229 0.180907548176
0.299028281044 0.307779654657 0.849113339447 0.0546075170138
0.332949454357 0.873016380281 0.992973987972 0.268095455921
0.143268275679 0.951550954366 0.999867977122 0.000150120942182
0.333393974557 0.581468444956 0.666162757067 0.177889074315
0.122291140151 0.311231275008 0.563121304925 0.0862937712009
0.0204932407104 0.590034625 0.99551380836 0.198087207779
0.633274135051 0.188732557533 0.999999998893 0.100937468165
0.584738635111 0.0268498218681 0.999939083078 0.14412096431
0.475371692934 0.666965750253 1.0 0.114634927335
0.478656353239 0.136089430396 0.999161605291 0.21537921491
0.726785309823 0.606021681165 0.999389805573 0.147114797076
0.42533397728 0.0652442127966 0.542048641101 0.228803670427
0.491642390519 0.949689267045 0.998903747072 0.0840098524553
0.506836283871 0.665046438992 1.0 0.0414830831792
0.999014173935 0.903173858493 0.672037414483 0.246625588539
0.261806511389 0.236839305921 0.56739548343 0.0375788731945
0.00538850970107 0.595286501377 0.843628964111 0.152055635628
0.812293240636 0.0754162324214 0.927597730515 0.0233393908184
0.0567259927186 0.392391338173 0.608183695181 0.0473047089618
0.200831934674 0.978132263639 0.801943904544 0.110830584294
0.010811223886 0.450152859889 0.707353849797 0.119925386853
0.664206028301 0.816199581245 0.904184883262 0.0463405730159
0.338082764274 0.162487778766 1.0 0.0374967228757
0.496937226293 0.481006901934 1.0 0.0445439240102
0.611710421771 0.401168873575 1.0 0.190553478411
0.444407372428 0.499406424843 1.0 0.00831327862478
0.597407970766 0.450675971656 1.0 0.0473713120973
0.482269689578 0.754659909812 0.516490403543 0.036254451482
0.923779784519 0.844715877737 0.55270881458 0.220067615727
0.241995669413 0.617631386597 0.807766540005 0.0264611242603
0.134658673378 0.120150728076 0.623384786255 0.248135381503
0.394288584239 0.559416451063 1.0 0.0804019780778
0.421979358433 0.273538119798 0.999999999307 0.115892841312
0.858653402527 0.641923377029 0.740949547129 0.0848111711111
0.430278237699 0.963362006279 0.573270669373 0.23663717586
0.838730301707 0.835250452913 0.993911543151 0.0673764245999
0.059097521481 0.445992980395 0.988768254199 0.193927386593
0.897117546463 0.320803351629 0.999999865624 0.110288581849
0.897488518918 0.587696085594 0.99596611991 0.0811001148331
0.721102098212 0.952219533275 0.945223502897 0.206039000326
0.471409315472 0.301551954195 1.0 0.0540427640008
0.243006807535 0.76860605151 0.962215740623 0.117280014625
0.121807523156 0.21167034687 0.780090717121 0.235399631573
0.318672817813 0.172476453004 0.815431556362 0.0949274740097
0.845588476887 0.00944798676682 0.784985040815 0.129162812812
0.358445257132 0.111437587393 0.999999730177 0.149784124573
0.469559267751 0.390121729994 1.0 0.000681808836099
0.00660123703078 0.849293382374 0.976512079126 0.00438056958307
0.283094147857 0.775085488991 0.725236248415 0.216459412439
0.953782220907 0.906992104933 0.937211141096 0.151754694858
0.418126785556 0.52138223462 1.0 0.174221987813
0.0827445348842 0.55123901225 0.998043897263 0.0153508295512
0.179618009305 0.0578595635003 0.761591096964 0.140450469126
0.117261796301 0.711162925164 0.999988478705 0.0530692354739
0.392098574699 0.849001862075 0.970967560804 0.0155574900045
0.46445370672 0.397353091126 1.0 0.176254316764
0.960909750365 0.491958986833 0.988017254555 0.0991419533751
0.427797087015 0.513043057432 1.0 0.101383916505
0.123672917134 0.994012311364 0.625780979237 0.178033780341
0.946460507189 0.607315717029 0.99831063708 0.237874588669
0.492438005546 0.512181634708 1.0 0.17471350497
0.894710559586 0.906543769749 0.96109144847 0.255637153235
0.565039867966 0.519382280116 1.0 0.0148429512438
0.321592665058 0.835272079963 0.941539329173 0.106219584983
0.996909252579 0.0668080559939 0.588885788696 0.217960308326
0.703619315624 0.0890514894176 0.999999996367 0.164602146582
0.330121254999 0.990336651229 0.694012787558 0.248971928767
0.0827021239168 0.587136303012 0.933789851973 0.0271626965523
0.934893589589 0.967758316959 0.639048095512 0.183463370295
0.203954097773 0.030699668235 0.894602713288 0.100591674099
0.393572610603 0.983606799345 0.982510228526 0.216731502186
0.831374143635 0.436276986054 0.999999999642 0.0179522229951
0.836476780125 0.770806530989 0.696667494334 0.185650439433
0.827090057032 0.703679342681 0.578597727289 0.103721710367
0.358366846575 0.985520710415 0.998785958634 0.199265608861
0.0666321669822 0.0954158641757 0.512518089365 0.134398834618
0.912002767971 0.491666958503 0.955117917336 0.0834851620871
0.0259741679074 0.0368981077398 0.992950652986 0.11579325003
0.632093688054 0.13730520626 1.0 0.133344953319
0.202674261835 0.485499723219 0.717582571554 0.127516967875
0.112075730959 0.998638146599 0.999622041437 0.0803882041719
0.677051360289 0.697764982402 1.0 0.186860013407
0.486355362959 0.0589558238227 0.849675282058 0.0526057420721
0.701892947445 0.851458458899 0.882281010446 0.0760612621335
0.573774117536 0.298166424129 1.0 0.135350557848
0.113549518582 0.1195102658 0.990944854564 0.267780041536
0.780932009752 0.551258962382 1.0 0.188604171894
0.219919958661 0.295282432245 0.999999954874 0.0526376441164
0.861817403446 0.351966686227 0.99914711819 0.106328173229
0.632556221833 0.968458342928 0.802659310892 0.0155250751675
0.651412627238 0.7651079883 0.666277771223 0.215850210827
0.244199574069 0.322484118263 0.999877636483 0.0209113988278
0.00602974498054 0.262321052383 0.997838929252 0.0868985335117
0.577803504372 0.282263709156 0.936444743562 0.24507370591
0.834169116914 0.914769064895 0.998672438167 0.327759466979
0.329754840532 0.564282269382 1.0 0.0841567553834
