0.0852236711419 0.703930405992 0.869638263635 0.229356041026
0.0681622242591 0.503582746474 0.931757650755 0.0426137583296
0.781426499008 0.0396883275063 0.883019096766 0.178775416872
0.733661814544 0.0358535074996 0.691131879736 0.0592748136946
0.025788495157 0.993574438212 0.733875159877 0.056438695682
0.606391151949 0.474694909398 0.996246271595 0.00574282182234
0.754243618733 0.95586263842 0.849708023678 0.124731109794
0.321114071136 0.657023907343 0.976784284236 0.065692796557
0.459292236696 0.957642695401 0.539954278915 0.184527914591
0.698544022464 0.556805617242 0.612468997407 0.124745179504
0.234101753558 0.567515116336 0.950034395256 0.0492154255561
0.486682612682 0.543272412552 0.981004230487 0.21758747218
0.429935473211 0.752641022753 0.792549131635 0.19708279605
0.0977203830823 0.908423383003 0.661360050796 0.132317031369
0.886564149599 0.973344983133 0.712946445111 0.117956602936
0.51847593338 0.411489390033 0.954119627591 0.0549752645845
0.715728173599 0.162383404171 0.541444131233 0.25339898873
0.683482677333 0.847934699713 0.660436370691 0.467669978966
0.147663995072 0.186563567472 0.912755155592 0.20120919545
0.0920431183204 0.743859045818 0.806435653629 0.0990384994642
0.386143760139 0.324852860549 0.813045472356 0.0491074355038
0.714498382446 0.894955207038 0.686585037188 0.232072058945
0.746632351667 0.339895946666 0.589019936419 0.0656342765616
0.58114194407 0.171815510631 0.544399306572 0.158466236186
0.859375276687 0.13994052026 0.55339872813 0.220123196154
0.402933886274 0.112157380376 0.839879807802 0.0646846432036
0.22269518049 0.940648363548 0.879084232594 0.074048619192
0.617183039423 0.150847241272 0.722417188226 0.05039521372
0.760319182151 0.289620810237 0.945684395705 0.132973658583
0.199123797515 0.601065852266 0.576057808733 0.251944304314
0.82006633036 0.517333062322 0.964632644115 0.154712280181
0.852401821242 0.390184297249 0.77490678324 0.0908455772171
0.0392346423042 0.936304256603 0.818214309848 0.0832360027332
0.613212277257 0.585539555232 0.665610649096 0.164388198641
0.866542935227 0.566429165418 0.500413177302 0.0857158470934
0.550431949911 0.882629476642 0.858226476644 0.318693375012
0.947542466177 0.748219317069 0.501889826067 0.173500071494
0.563814217591 0.676652135212 0.510090186082 0.152251786959
0.00397411696173 0.440781443109 0.588121198764 0.165091923847
0.546976616052 0.806573988025 0.714095637768 0.0925009362724
0.510926758344 0.967960397823 0.86359454643 0.039782025676
0.0832603843598 0.544810202657 0.763326337869 0.274230523688
0.746586254922 0.0275832944268 0.532573965413 0.0426127255472
0.128497525445 0.042382122214 0.921852837386 0.0181770876535
0.49930854517 0.965051089767 0.919216433113 0.00582095457279
0.767295654078 0.203353201984 0.516864821816 0.114591038688
0.528472409254 0.527100846934 0.982307410259 0.172860579692
0.379316067785 0.298717209922 0.779001641883 0.0978336747336
0.391160739402 0.199742700449 0.532257706274 0.218093983764
0.295990150575 0.669861492319 0.99340513251 0.00953169089657
0.767951647563 0.70328274876 0.966825198781 0.0223228198379
-1.0 -1.0 -1.0 -1.0
0.257491647722 0.618325331221 0.590879886748 0.155869496983
0.242108430844 0.160120244365 0.659371117561 0.0714926178124
0.663325563155 0.329698792501 0.972131820147 0.00440317069861
0.064464538634 0.306372997428 0.711133130731 0.159066814927
0.312529497744 0.556039163792 0.611857861494 0.117969902105
0.396068825204 0.0676833257865 0.509058074275 0.281970120953
0.184479621543 0.967544033043 0.959096263043 0.172618811351
0.953311116337 0.0393123650562 0.752075727625 0.0291814523535
0.704205178956 0.271649361229 0.740579151723 0.135740213438
0.161436937208 0.162459306499 0.964425178786 0.108173123774
0.0451649033508 0.176337874324 0.671200089893 0.160699674855
0.105091848047 0.785118711498 0.988977383128 0.0521995776453
0.301276186915 0.347353674993 0.522385241562 0.20624561976
0.386405971637 0.190267594324 0.885300046565 0.119151261729
0.408168856153 0.902893291767 0.864610102144 0.0275964078108
0.123877176907 0.884995713329 0.95255636746 0.0687063622773
0.52328240194 0.643410135121 0.845757933734 0.210410522945
0.969152010148 0.231840922863 0.991275882259 0.00714029616303
0.275348386991 0.917570314005 0.765039804996 0.199752435216
0.329923165156 0.311061117828 0.732313647387 0.0500163604132
0.326578682355 0.855676975524 0.701983406102 0.052304826843
0.700898038551 0.854571724077 0.535021028056 0.111599865509
0.106277103488 0.439929792259 0.688967763836 0.110340040017
0.381011571254 0.189860061944 0.743363342542 0.200588083888
0.0785479565079 0.973946621693 0.782338156826 0.137063551122
0.697199596743 0.244769669691 0.945069723975 0.122007422922
0.476973492035 0.392833373154 0.944380129671 0.0730242685884
0.61100791608 0.137075600296 0.752991535474 0.0318632378273
0.357514238143 0.712843243297 0.584006447897 0.040554253541
0.778963386688 0.785558974581 0.719564356311 0.15406876083
0.385552463668 0.183105108746 0.99962894316 5.12899239124e-05
0.984157823992 0.97688069911 0.823104203113 0.131447056747
0.999170088633 0.581252110309 0.97170222209 0.00826941121023
0.918905184264 0.258376046508 0.711915015197 0.277004708123
0.353038945088 0.331851611855 0.988273861624 0.0327378920112
0.315339159015 0.386280435284 0.962269173582 0.0466860342951
0.248726607838 0.939067497597 0.638965437987 0.0993010772711
0.162461219219 0.990905993497 0.964756236626 0.0490793884843
0.923493260197 0.481663649153 0.673289054201 0.219186048569
0.468318346628 0.110733400934 0.582871952153 0.215901576353
0.618582331677 0.497968448149 0.600232394767 0.403504510769
0.171372544256 0.983059270892 0.877183477768 0.17490783986
0.675497828065 0.174836630337 0.880036868624 0.0622447562485
0.204448783979 0.850778863339 0.556892304203 0.105611177451
0.32009651476 0.181690015076 0.954457952649 0.0233561998845
0.792397329944 0.747568581342 0.550290260998 0.189988000631
0.676846228298 0.151300720106 0.780799653175 0.0809124139364
0.336376564922 0.0188582883289 0.739790625684 0.148385062892
0.705849854746 0.616101922427 0.999777199278 0.0681791994917
0.44996648022 0.386061037988 0.852826148781 0.0631831461637
0.376051316225 0.811506610628 0.957689274224 0.0543450243523
0.558838440098 0.918939443314 0.731122841062 0.122667042818
0.683466324213 0.669564407569 0.993529607781 0.0548750264471
0.628494979497 0.466840646917 0.993054078425 0.111037057953
0.395672514343 0.67158541934 0.971471106021 0.0570295634288
0.859139502175 0.680433599858 0.616824174829 0.222665567232
0.565462922549 0.49572258541 0.51648212493 0.351511068588
0.63987431424 0.580721442048 0.718311569797 0.140727409095
0.366897934027 0.0165079540564 0.87234942494 0.238032957487
0.177020030439 0.683008692693 0.503553323311 0.0821452131096
0.0831413809209 0.356573481045 0.886803968057 0.159603197483
0.920200783849 0.31044525375 0.878668630389 0.0543713056333
0.45544635343 0.338197126277 0.962024905028 0.128105904052
0.0769700281656 0.237955073033 0.774565320902 0.056354251447
0.0634294736706 0.574298855592 0.612193770025 0.0701441191849
0.00935387113602 0.81528532192 0.997924501707 0.00307308606011
0.189992843352 0.674448395695 0.82255572679 0.126187628908
0.812073669602 0.0106055764226 0.67225767933 0.120536723761
0.676598108247 0.708244620474 0.938865560691 0.0143140816384
0.327309804177 0.475631836088 0.588576805713 0.179928904126
0.637694006347 0.457421321773 0.511751171877 0.0361488336161
0.75677696361 0.12178065213 0.831954339768 0.00754257181269
0.133582098748 0.451298758005 0.640528205908 0.0438075435784
0.830052755588 0.572540202151 0.563759004436 0.176849247036
0.634332961918 0.546701738595 0.998634228579 0.161446534945
0.83771189861 0.476689985744 0.686804227559 0.126366867528
0.611823291932 0.78584172638 0.754375264766 0.336779683107
0.363321767244 0.887197398322 0.590354577742 0.167044587236
0.139946715359 0.138217156365 0.680088221848 0.162055097717
0.0183304526302 0.561308384938 0.965727318832 0.242591415268
0.48267118465 0.297184718837 0.86476103238 0.210010945266
0.854203318859 0.966072975901 0.549437465858 0.157378954568
0.458976663898 0.139057265801 0.730871725599 0.154978869412
0.462296222998 0.466605258268 0.644138597705 0.186715551734
0.35336102916 0.925560754514 0.506651958278 0.107758917263
0.18724001756 0.795196686563 0.886331286892 0.187218256939
0.00765922660779 0.961782656769 0.919129425815 0.110184878032
0.534046229736 0.0959655488934 0.648328728719 0.130097099613
0.0371374252383 0.826590253027 0.749217744703 0.201762480864
0.306452719807 0.552688623559 0.967037389673 0.154679201424
0.604068148124 0.587177652189 0.56739423201 0.141097706538
0.467775656154 0.308408749317 0.959144642239 0.0593382204934
0.536796810639 0.840452010547 0.570741040926 0.0757533941675
0.866083785174 0.0842410471435 0.81862690595 0.228001141239
0.148202706198 0.166890320453 0.531310999503 0.192167546675
0.151485324968 0.783075683338 0.887631905945 0.035484724076
0.315537735722 0.235497841094 0.673002503905 0.0669889800641
0.471486991445 0.818716415841 0.654957091997 0.0697579935193
0.911027287979 0.634660146059 0.591132650619 0.179518308857
0.476892353676 0.465455901198 0.889593952067 0.0355179765605
0.616264715941 0.885451780056 0.97468001478 0.0134498593259
0.987791142929 0.198947574141 0.635930311322 0.104101282795
0.269414823462 0.619853600401 0.946520279031 0.0135125698167
0.102815181693 0.77185439278 0.873193210415 0.0859025151634
0.286166377641 0.562233169575 0.96882718556 0.0201246460983
0.487119447372 0.969235131291 0.780597658272 0.0511086303232
0.0252012724966 0.661904350223 0.510654517961 0.463080763951
0.519270133486 0.0559951908803 0.636292265462 0.116494468441
0.961981170981 0.645863318019 0.999827266959 0.00727845595388
0.486984254293 0.362779121595 0.752056781081 0.190317531407
0.480974429173 0.792281382912 0.89812765316 0.0520083455484
0.425438158072 0.501759502642 0.683707646741 0.136226098041
0.566412998587 0.668178467605 0.622331692463 0.124520034104
0.534708788909 0.496739574752 0.61206521855 0.0796279712394
0.96307415901 0.324827485372 0.737537550636 0.180598763217
0.641079459815 0.437964959631 0.669635879119 0.0507005419793
0.689198615235 0.580806406687 0.990757563394 0.00214060067911
0.749197984626 0.198210030552 0.810442602059 0.124836320665
0.109665824371 0.407373275408 0.773355400028 0.241592727486
0.796896825759 0.708433375448 0.774471018406 0.177717772008
0.514525181144 0.520376053937 0.81863107012 0.13826658536
0.937760617788 0.995802074234 0.770745910183 0.0862206151601
0.723516683665 0.0318759233066 0.944928406439 0.112913212667
0.662286238803 0.495652605045 0.625337933267 0.200041791402
0.291313033179 0.312671155152 0.555822518653 0.206672537745
0.912595253387 0.115446962798 0.500202450467 0.27899087743
0.571993148384 0.288935447474 0.846388900972 0.0715863352072
0.200108465269 0.77171185863 0.915884714682 0.21878731799
0.268350368867 0.582328273881 0.513888835179 0.30254304857
0.0151125040699 0.384480619236 0.99478775838 0.0370245549483
0.942284487419 0.61175299122 0.937454944809 0.123072570203
0.572380913916 0.71176997467 0.702608252529 0.046826431092
0.100713191098 0.599222255906 0.760915220831 0.105196051336
0.557683704152 0.614708204496 0.750220951505 0.299759092716
0.628818420795 0.989409025639 0.589617164338 0.111304749858
0.561421685247 0.00267764518634 0.80993239661 0.133683930577
0.0242585095 0.765908828881 0.875633555798 0.154532133208
0.201989156397 0.416157130969 0.879610519569 0.0649427224257
0.134745223913 0.994249445311 0.909210366958 0.0535504098448
0.342124735549 0.958344843971 0.513985965536 0.0767183719415
0.414243858766 0.624289583864 0.820808660398 0.0471225153976
0.0979293180001 0.451734303488 0.953340995112 0.0249432648508
0.0465510630978 0.680840251143 0.56803130262 0.112651858067
0.852343569926 0.319375582041 0.890395991896 0.0976000168876
0.225794051812 0.667667624296 0.583084082531 0.235101367268
0.250688709884 0.191250058782 0.544970323508 0.122002845585
0.463236087149 0.506650502288 0.888172527743 0.230503341728
0.260384113887 0.812383069471 0.755306609327 0.0876328773055
