0.043777764098 0.12073621702 0.999952966722 0.0499219893535
0.778325854957 0.515983557489 0.999999976433 0.201212411521
0.94626890918 0.636135693066 0.999998946829 0.183773412416
0.93657681093 0.680417333042 0.99968682391 0.0749910968278
0.921884861117 0.316987002498 0.908547606048 0.0272000175755
0.99793669222 0.357728676315 0.588220223081 0.306885686913
0.771636716193 0.694083580311 1.0 0.0851815926176
0.806270566765 0.590884489573 0.726171891721 0.144076191072
0.732236353096 0.274364123008 0.9999999363 0.156121601082
0.244413040586 0.46659714562 0.599639147389 0.200731591181
0.550318871209 0.126307951417 0.893009115399 0.145948196017
0.781925818066 0.0412991851876 0.521100359197 0.145578554875
0.227796412806 0.903079935641 0.547075926063 0.113718059505
0.171964520565 0.0330364700684 0.671618172012 0.163732185972
0.0344694048375 0.404591817366 0.997158240549 0.00176404171703
0.964645022918 0.593641103276 0.719498833417 0.221462780645
0.542045737287 0.304100657634 0.992031592759 0.232881922552
0.702392557977 0.0748557639689 0.999985159281 0.0233534025152
0.700621739447 0.680874107151 0.916485392025 0.24622578267
0.599919648065 0.564081641121 1.0 0.00788467041411
0.938020156856 0.787115243187 0.953820141784 0.00633559694816
0.228405133405 0.488137567542 1.0 0.108699740994
0.00158411989309 0.649495000315 0.724004996896 0.160609294594
0.529506859597 6.18433531763e-05 0.925528734166 0.254088774564
0.605003767234 0.923047558518 0.999616931844 0.0782980012408
0.177044970188 0.97565209879 0.558746846485 0.201733536707
0.14910765669 0.627392926555 0.531398432585 0.202278547235
0.307827200716 0.869644659202 0.999999999989 0.193117055905
0.666524892837 0.316166684575 0.999999991461 0.178753923005
0.0506405938749 0.0270423695261 0.999999698781 0.186340621479
0.894345005284 0.663489357871 0.999944214238 0.109731986737
0.664730397884 0.675291670725 1.0 0.00920903656456
0.619674252278 0.452877202441 1.0 0.0207826550638
0.358523455587 0.00916049913135 0.98035854607 0.222673886782
0.0846799316113 0.000225352869547 0.530986306248 0.213272498952
0.086555594129 0.65731796222 0.999999998627 0.210251904241
0.99712237767 0.093050108398 0.602381402148 0.159975277421
0.380664553193 0.751962948782 1.0 0.0397367174482
0.2993110198 0.337815241349 1.0 0.0028017062419
0.0504432452198 0.0992234435162 0.515547194977 0.152756524497
0.0313866063106 0.454751833941 0.914922319285 0.0978357385083
0.881412182066 0.168448540312 0.999877331927 0.101224175529
0.372871718356 0.792961535027 0.613159030463 0.170184827754
0.868130140878 0.0610702294294 0.999999227361 0.0744181401421
0.223384072493 0.00629249192659 0.899373766679 0.0745756672842
0.494725041051 0.639591988695 1.0 0.230292242367
0.889217281373 0.942632257288 0.99999899692 0.0967648268246
0.655381137559 0.71155283108 1.0 0.0450794800322
0.368766030722 0.758594855603 1.0 0.195427925307
0.959433256318 0.17761680853 0.971619944065 0.203193357569
0.955475984462 0.483046994716 0.999996937463 0.0663601747256
0.865536503112 0.0808247074024 0.92071261883 0.0555480443253
0.0590621151828 0.29224486737 0.985514302805 0.0408578336509
0.613521299526 0.327196405181 0.999996626404 0.20185489888
0.966921017568 0.334109504075 0.999997259643 0.167200185871
0.738319741441 0.0942107858639 0.742370664937 0.237510006243
0.0243162850071 0.464818370664 0.963568382941 0.157978820823
0.511270571943 0.53425349986 1.0 0.131298446664
0.713734200434 0.066631599389 0.999857251068 0.0665740419326
0.0748003568433 0.537689018606 0.813617261166 0.054901374643
0.147649026445 0.286294964988 0.931976649323 0.205218563799
0.144026629846 0.00798231873515 0.883000263973 0.0853714826678
0.804589345342 0.731826628161 0.999999997414 0.0940543433597
0.961324947544 0.443563988894 0.734489318558 0.0688781477151
0.517473121935 0.383372149822 1.0 0.285325621903
0.927545262832 0.480186267895 0.605603007129 0.162688966926
0.995073183907 0.910683972362 0.946502808052 0.0871771257387
0.35248153414 0.0640227166022 0.661593764257 0.227209276998
0.087962554162 0.456896500953 0.827229388751 0.0742339097201
0.930005242376 0.185098646309 0.9999573147 0.00433906856236
0.728710616588 0.0303081845018 0.711122829228 0.189709891086
0.904576803784 0.879346759828 0.999999113995 0.0961722087068
0.483277005643 0.02869125968 0.669090131663 0.140812710013
0.56414549332 0.116413189487 0.999463640891 0.111393115793
0.393375483119 0.0693684442293 0.999583036742 0.0742857090079
0.255438454698 0.203257479712 0.506526064582 0.133135381877
0.547229832512 0.666251397153 1.0 0.258979169578
0.211898688503 0.428844457859 0.588827841096 0.107308704724
0.0242626251296 0.959673227188 0.889281708174 0.0401312380713
0.966943188566 0.288095294258 0.994035587903 0.146840310953
0.213153702939 0.229111059172 0.80229894815 0.0848370423423
0.70559980516 0.35544469133 0.999999976286 0.0232378099427
0.67229578433 0.671531769486 1.0 0.000980910503838
0.0247546584745 0.388590313951 0.573582169097 0.143428782388
0.566281254085 0.143833536794 0.999595235305 0.135737230054
0.508215583253 0.10721020797 0.552952523134 0.256543262793
0.505179664558 0.804383284975 0.581607606523 0.160338222947
0.289794544362 0.35736456072 0.989574660209 0.0737899548287
0.75033685517 0.749949964717 0.999999489533 0.00397459222177
0.869215057453 0.201200519701 0.581633506276 0.119312313195
0.645462658635 0.341179267819 1.0 0.105362617539
0.915276457801 0.815227254642 0.595219591181 0.25668001742
0.592754788042 0.851633011985 0.710201542863 0.0585334041515
0.25164162163 0.700338860491 1.0 0.0931634039057
0.256987089691 0.223382167683 0.996973525953 0.132133782374
0.468541632917 0.10354254901 1.0 0.132258638508
0.0176331521299 0.411276891892 0.889765081802 0.151676104017
0.0846765612089 0.694445634764 0.549687346359 0.0444306546656
0.608056516688 0.744336983129 0.999999996916 0.164579313104
0.0911052914671 0.180044064935 0.996857828269 0.126213178773
0.395279534945 0.308818538791 1.0 0.066544988161
0.829723084299 0.861111458086 0.61886267361 0.161205793646
0.835048063232 0.329381974438 1.0 0.0589527209771
0.382684785083 0.000214572640395 0.547370396883 0.168350310373
0.147199620831 0.65357285015 0.794596585301 0.176441520514
0.311351272655 0.43848860423 1.0 0.176123109728
0.547604631872 0.346773844251 1.0 0.19416922943
0.0919217437431 0.148219994945 0.999998762013 0.187113142722
0.644389800338 0.944301031586 0.999852628909 0.0884744602189
0.0422107244893 0.58753339672 0.507034811191 0.176095746568
0.23010793499 0.33904024694 0.999999999999 0.150246907882
0.25550968538 0.918550243062 0.53012814258 0.0935461085274
0.147035914266 0.617545880029 0.528744625611 0.223229628476
0.326830875915 0.861036310595 0.99996952204 0.0999547784575
0.885960172717 0.647905226986 0.998785193226 0.105106564905
0.397670336649 0.365275155662 1.0 0.0584126231413
0.359820193449 0.59751354411 0.999999999999 0.0277521288282
0.334915197022 0.156979125625 0.999385297212 0.0557804380849
0.296580794974 0.714223779038 0.746450707464 0.101671538245
0.769971222721 0.450664763866 0.852756114828 0.153091184399
0.55223983976 0.175230733913 0.998317728681 0.11909302904
0.7808771013 0.731471048913 0.988201446114 0.243761686399
0.247763993613 0.458597752944 0.99959710083 0.00218017950645
0.379589148081 0.237612724574 0.524736523231 0.147336471182
0.974600452558 0.210035435689 0.92061323085 0.0246429012249
0.964862571007 0.409415849 0.875595139162 0.154161114228
0.787856941538 0.505014402429 1.0 0.104977953664
0.164186747852 0.0347618947832 0.57367176144 0.092851871939
0.905248329241 0.118986962824 0.886947941558 0.138990960407
0.376244589922 0.0080025441618 0.979360128304 0.153512582636
0.581046114723 0.876657204293 0.999999999629 0.025637787801
0.0754348657588 0.619358252758 0.851045862652 0.154465007009
0.0569086797916 0.778368156338 0.802193930611 0.0710575524756
0.582013825875 0.479402200278 1.0 0.301832627447
0.361579072598 0.498253928029 0.999999991538 0.208705650124
0.265863478227 0.171801153317 0.969134994193 0.143670515594
0.832541544017 0.00523018266499 0.756897896479 0.0549574738039
0.686709332497 0.847098324098 1.0 0.197441204041
0.495830149033 0.673269913291 1.0 0.138508767872
0.108659605775 0.342006644572 0.534006192816 0.18251705162
0.600732364078 0.797942984234 0.524055556031 0.16300873226
0.613684929897 0.557331251432 1.0 0.0859006515425
0.867684659455 0.110337711113 0.593852367425 0.155853729944
0.870272227978 0.337204508976 0.633612098884 0.128590099399
0.278270054557 0.105494983602 0.998577666441 0.123074760061
0.151970902437 0.930184302848 0.999354374245 0.109931086797
0.294412514781 0.584095485591 1.0 0.00486165451343
0.175686494163 0.611893640389 0.999999969997 0.210933131045
0.279726168814 0.691786159674 0.995014892922 0.0824212028368
0.248846021115 0.213254734085 0.540001293066 0.18650845334
0.0475785124646 0.545635501875 0.999999828294 0.021641588853
0.404697771213 0.90898805992 0.610633338972 0.142797643624
0.580312620045 0.850308288231 0.999999446977 0.0742813105316
0.607908635405 0.769851484106 0.921122726243 0.176776086182
0.0632901912796 0.0763418599992 0.596116674439 0.107407444806
0.837839558235 0.0651320567885 0.747251218775 0.0722870635732
0.830795199124 0.947939137611 0.998252206438 0.0888768682192
0.981079380559 0.829700132339 0.998788331285 0.255955375495
0.790708837197 0.28565579944 0.865870126234 0.0579470419508
0.104321956631 0.987469392088 0.569572270311 0.226411804321
0.0647824815511 0.900669856733 0.693353009675 0.109214577454
0.950523026565 0.250017308995 0.819535343338 0.0887787427583
0.105657660296 0.704302031644 0.537179114679 0.181403746606
0.453816058627 0.0613247893894 0.723384928771 0.190606088355
0.0272018139986 0.829587703213 0.708328264167 0.0516999932838
0.521570751684 0.0661967997045 0.744602516169 0.115982953733
0.970474608871 0.288034884049 0.999999999166 0.00814049194035
0.191924737578 0.664976234753 0.553259122812 0.221012763411
0.850847557879 0.688068954701 0.999999954721 0.118118080829
0.979938936558 0.0966707328038 0.586121004559 0.166720917096
0.0209231822217 0.815362336395 0.744344251638 0.0324475794428
0.828912309518 0.783527701849 0.689943886888 0.172582874351
0.088861619169 0.508118981103 0.999971822516 0.139445933226
0.897409385166 0.183979968357 0.518366477253 0.210333269569
0.996178952463 0.31175541614 0.637456659592 0.157692218633
0.48885579777 0.59745765038 1.0 0.178066528751
0.0319957853474 0.199153449608 0.988459803112 0.176268543584
0.881901038018 0.94367750814 0.730356365813 0.0881061455317
0.944403732269 0.620125005041 0.833835606092 0.197769366866
0.742895350484 0.195874217658 1.0 0.168122473148
0.743320810953 0.017238098392 0.932620542304 0.116664910401
0.0992665109667 0.806250911276 0.533804379011 0.183838386927
0.626444084373 0.956480824535 0.819063826332 0.0379458394009
0.842193687004 0.857660251971 0.999974432635 0.0994702585846
0.434254594904 0.781494420316 0.999999961028 0.116939183505
0.952759119581 0.0553119551159 0.972572534299 0.216489196896
0.903341778536 0.567321020366 0.732287439468 0.0191612654873
0.0725172706281 0.134105067393 0.526132248617 0.138148851292
0.00416270674644 0.0115735453894 0.677387463385 0.254530486231
0.376109081511 0.297497918239 0.999999999941 0.133268075927
0.0757270182728 0.127064393072 0.89922400237 0.00601828136673
0.568280735894 0.399029584075 1.0 0.194092740258
0.849908132986 0.300819812166 0.529262741158 0.143982984176
0.446982450251 0.210824524859 1.0 0.103242224977
0.170503010339 0.230975600141 0.999985621661 0.198354838253
0.0594454064784 0.598826777836 0.998225021088 0.0581081711893
0.786207586048 0.958178975598 0.558433481818 0.217260257759
0.503977433219 0.851946177799 0.999999999998 0.157383052151
0.662917494406 0.576069136011 1.0 0.155737667492
0.565724711923 0.114583479947 0.602639033565 0.116625947134
