0.212221444775 0.70202552572 0.997489528308 0.00209057676659
0.0625311867344 0.392702063409 0.916735447093 0.0342658941487
0.00938481744861 0.572246644141 0.859935947855 0.0945371480884
0.145983297006 0.684003660697 0.545928555033 0.0193957051345
0.19934879427 0.695178763855 0.884726276165 0.0335034957083
0.278019847291 0.270882178237 0.566623818453 0.274952395242
-1.0 -1.0 -1.0 -1.0
-1.0 -1.0 -1.0 -1.0
0.727469868427 0.414261486955 0.650762687899 0.0948227052987
0.036630165429 0.99652547922 0.904475495788 0.0645982745096
0.646529967491 0.531108400291 0.506894154389 0.129052927702
0.739957337755 0.00229027103751 0.744353386972 0.0194022012388
0.225418050095 0.287240519634 0.965044059625 0.0142815703946
0.800020760706 0.76795596236 0.500081001913 0.0585184706748
0.414248637128 0.280153724638 0.825567478607 0.0162482783774
0.597884748862 0.590772480878 0.523849028851 0.213747719658
0.791211032337 0.587001727305 0.765101335186 0.0837100671187
0.501638502758 0.08361425124 0.939055271578 0.0158175669318
0.293282181117 0.31850712619 0.63994534453 0.0928989058855
0.50397199374 0.000466669919085 0.586097895576 0.289460313748
-1.0 -1.0 -1.0 -1.0
0.421336240853 0.26281885457 0.824977661895 0.0920006445393
0.696274478284 0.691096444977 0.96618400088 0.0143655006737
0.211421947493 0.186350652416 0.517416708465 0.166555307191
0.13732415872 0.430991980678 0.503003119774 0.342610135584
-1.0 -1.0 -1.0 -1.0
0.707978203123 0.083146531725 0.991544424076 0.00318544433763
0.291384558203 0.257003708839 0.8137638756 0.082337421208
0.727492347677 0.855312416601 0.92869921746 0.0475041674202
0.92922559432 0.187510370836 0.97203993168 0.0332776962152
0.560585682652 0.383641543637 0.564172729635 0.332176464282
0.920102564926 0.361912149966 0.67682719313 0.0551133579333
0.620584251141 0.560145637139 0.758470782447 0.135934168129
0.568029808303 0.250357292421 0.503602859822 0.148087936575
0.458605017258 0.29663165973 0.581024873665 0.298210726756
0.116793904188 0.641395598557 0.764505457571 0.0230370845982
0.674532198529 0.611456559974 0.654566773642 0.0797781959623
0.351995420994 0.0509906366081 0.526367350378 0.171611425398
0.222048409499 0.650076408161 0.700729072964 0.0956493084151
0.884443830702 0.931621575657 0.862906106038 0.0634986140237
0.261479638881 0.125710954017 0.833461960954 0.0842106664741
0.865078331354 0.171708455937 0.637033235466 0.0645460462405
0.333969240048 0.796473316426 0.707571357829 0.181432974017
0.959977041818 0.743450517466 0.814494035506 0.0899597186453
0.347389978505 0.703169350859 0.510380211918 0.120629409746
0.82582122516 0.846741658477 0.679963712708 0.217766396022
0.870513590888 0.167079275753 0.880013596424 0.0904818219963
0.910578324056 0.57872080658 0.881939736886 0.0677150479549
0.00206487581469 0.833288592976 0.612297553639 0.0997139836217
0.371482114562 0.317743353702 0.555882433574 0.142136489884
-1.0 -1.0 -1.0 -1.0
0.246596143866 0.414972738039 0.954169374648 0.0375068773245
0.861072360735 0.66631681941 0.522858779751 0.105746807229
0.516288339328 0.32301362692 0.548649033374 0.125866082569
0.306091996966 0.224554065034 0.823775268879 0.103468246148
0.77494535492 0.644267155412 0.568919854371 0.119399459848
0.284900497614 0.921113774494 0.671102978392 0.0886304764983
0.554618184323 0.655877746505 0.564260988779 0.329764562915
0.364912934402 0.216650924475 0.542453472574 0.271952072887
0.54848518635 0.310276846782 0.815159444308 0.0788592629722
0.742666228799 0.442921431019 0.624769691341 0.263121667843
0.959697436375 0.809850879835 0.722787969485 0.142110276814
0.741406252254 0.590813663843 0.694989692657 0.186226622112
0.0782010428502 0.906030611127 0.999347598942 0.000180705880235
0.179394357739 0.262317454017 0.796206140471 0.0624034370073
0.993517311208 0.823721260981 0.823256699893 0.125310440285
0.451885943317 0.0841661324531 0.659975438072 0.0581651888804
0.287861918597 0.476879871245 0.973360106172 0.0132592367646
0.953121279069 0.836343051687 0.566260139904 0.214645444997
0.63279775179 0.627187295282 0.992136298708 0.004866466338
0.0564585022957 0.21536601655 0.857933649598 0.0658153389203
0.916620264403 0.203346975598 0.536712055618 0.221697527176
0.29655442609 0.730575255222 0.526168371806 0.233488968224
0.525149950364 0.127188508543 0.793218385546 0.03812346178
0.841914430223 0.0992212984386 0.92516887435 0.0398087107832
0.733510261368 0.91931341317 0.950017415067 0.023250811657
0.768126119328 0.432925888671 0.634109741556 0.128587496863
0.120101916697 0.571764017718 0.657357500244 0.159232926113
0.880987091368 0.371711598516 0.59259769282 0.257292512382
0.242717683577 0.429123191921 0.828242553681 0.0124060763551
0.00742016422839 0.16347900449 0.501082129453 0.142725260069
0.899126159484 0.695898604025 0.520753354129 0.19086104393
-1.0 -1.0 -1.0 -1.0
0.351600335576 0.434976491264 0.877697575738 0.0361471448401
0.133892013204 0.156807532785 0.712937702048 0.180147704824
0.610745415934 0.434431519843 0.997586392636 0.000654274947302
0.238713979059 0.242725539027 0.577950768126 0.186584811206
0.411031961319 0.389456414162 0.706091745026 0.0856475182902
0.822948750115 0.748134537149 0.97856007133 0.04282418079
-1.0 -1.0 -1.0 -1.0
0.341405319931 0.670030048474 0.502900782752 0.0760599531385
0.433468471819 0.308402120552 0.531939825325 0.0327102120729
0.521503342006 0.222403052726 0.971385962417 0.0406752097629
0.802051865161 0.0656335011412 0.817569617662 0.0971621162332
0.531327546532 0.727343043752 0.616181892195 0.122956509726
0.408614574721 0.11826163508 0.998008545721 0.0552766499854
0.874558833819 0.105172097691 0.80416132754 0.101571223848
0.869780462055 0.936942094894 0.718053527527 0.195757693033
0.206699024899 0.287777986668 0.931856982638 0.0649862970825
0.0187410153624 0.843439097313 0.772879900038 0.0375749497725
0.39812696788 0.69035869374 0.91395967141 0.0155697463981
0.469601837223 0.481060062939 0.984156562912 0.0014789610869
0.534149456486 0.966692594261 0.581331734876 0.168152018088
0.982821447026 0.362083294172 0.764832957961 0.0551027926993
0.909603704651 0.156017185273 0.623314586263 0.120112250172
0.0147137128405 0.0986938238634 0.627874356198 0.0936746963482
0.824932885568 0.0928111326725 0.581313031322 0.0856337899247
0.0586879034771 0.0917372808995 0.786407301993 0.099744002794
0.0940796279979 0.497803837366 0.515254778728 0.137768091586
0.154667337893 0.53530482418 0.722941110028 0.101925509376
0.9879955381 0.355064903247 0.601760819586 0.0511532853772
0.0448966162589 0.274451405246 0.73379827486 0.186267412278
0.689081674861 0.750608586042 0.536667881448 0.210748327296
0.68208216646 0.549269706735 0.543264421995 0.237295874948
0.360644916136 0.299836486939 0.535778233669 0.211359232799
0.613266988155 0.236261936806 0.718502995862 0.317996641002
0.901104544207 0.193081106994 0.658588408928 0.12014391873
0.478631480542 0.78840980598 0.965656831874 0.0166423060065
0.876290451839 0.0507964095847 0.865365720783 0.0655277744988
0.681713232708 0.506362806322 0.620033404969 0.16013377587
0.467492199402 0.512813597076 0.58856903301 0.0909111290383
0.592148444992 0.776501138945 0.564871287008 0.308718470837
0.390770403477 0.818687644706 0.764510398115 0.203121211724
0.610621364531 0.441656354247 0.50935706456 0.134696561612
0.181422739399 0.338815448311 0.69740202609 0.172880668502
0.0831516032857 0.0133195663476 0.547456968983 0.105406368405
0.739118976471 0.44894536653 0.986331303375 0.0124893341184
0.384452051788 0.950754274395 0.628727738799 0.184644364338
0.251371569021 0.806432913551 0.754648704299 0.0745091047406
0.899113890254 0.539187893748 0.97549276377 0.0090240525886
0.527756490563 0.529425758444 0.510874353868 0.182548975807
0.417378649108 0.685982025657 0.796564331036 0.0198005184993
0.352446472508 0.29284400397 0.951527447265 0.0173820168604
0.143392566496 0.571411262945 0.599851993253 0.0170186680369
0.612119201613 0.482978711629 0.746811757632 0.0870331326001
0.518896208088 0.194468349105 0.619586904712 0.151032660039
-1.0 -1.0 -1.0 -1.0
0.642769789596 0.999592338738 0.860678451496 0.151919258924
0.296330380243 0.30579911369 0.555950202255 0.257732794895
0.760074677497 0.937743582777 0.58173231651 0.0613334698501
0.0261016960763 0.617813018213 0.609831740613 0.190718744394
0.0376259188324 0.150184059729 0.584563743395 0.10537049017
0.618153240368 0.615985284603 0.504534495097 0.15469972169
0.430356227275 0.37756098719 0.701685718104 0.0796630094094
0.840394211647 0.232159305754 0.655691933769 0.0278774634046
0.703546458363 0.315530530415 0.566416037966 0.20559267388
0.589571706654 0.487999207618 0.992138289836 0.0286948809798
0.921599313349 0.701856906319 0.797172575161 0.0855287856813
0.336353533221 0.285877408727 0.592174509265 0.0801318905542
0.240445453615 0.30211606219 0.682364707857 0.0717154299606
0.452257278137 0.342428746927 0.834738249235 0.0305543261614
0.913159561497 0.586589565107 0.869127206972 0.0254019604734
0.646082480791 0.0989691855355 0.911928633113 0.0444278268032
0.577656677347 0.909341145608 0.748508307299 0.0467694181078
0.754155694142 0.280650926996 0.964816724389 0.00642593118184
0.953711618097 0.122314317284 0.549694780606 0.156539850561
0.827824701252 0.831309348619 0.539195771559 0.246744740836
0.568793188241 0.0875289994958 0.593030690046 0.104435822243
0.664199233239 0.749817173837 0.609785723939 0.246827453457
0.00796250943591 0.252623574461 0.532893150516 0.102966904753
0.127996597335 0.639992971178 0.524211506843 0.105667335573
0.0737480118516 0.0990672814038 0.826194250744 0.0955788969815
0.491703993577 0.951517874941 0.803455053293 0.0808468339005
0.650275958088 0.406809481846 0.62898879531 0.129167868838
0.592930354558 0.266136433559 0.930712904718 0.00727369043971
0.619640292615 0.624483949769 0.719400338813 0.0929811699702
0.55441498044 0.978262493418 0.531153663666 0.0640600386416
0.599473432232 0.165725798337 0.557047246589 0.309418284253
0.755051971879 0.490555493085 0.707357056354 0.033256045208
0.0822732184225 0.341517210763 0.562274118533 0.0899043123333
0.296376421534 0.87284579101 0.677199743448 0.120429980261
0.111472621345 0.641312054234 0.519229203849 0.0924289600467
0.609342980075 0.15056638754 0.527165560767 0.156455246442
0.268964814461 0.723543281904 0.937523812789 0.0660126284958
0.219919033233 0.387384572758 0.977663485639 0.00562051022697
0.994016190126 0.559600563565 0.691419141852 0.15557159921
0.422070321381 0.440502820958 0.731269338836 0.0998957385656
0.70303984845 0.141545138993 0.967597347342 0.0205621997781
0.546672666226 0.525995105944 0.798383607464 0.116297089813
0.695300961854 0.13868185583 0.977898382055 0.0466825510369
0.1722209719 0.745447726576 0.779377391611 0.0904881501314
0.628618867697 0.69510492671 0.549376122513 0.12696518128
0.25095092883 0.714948965002 0.817779882724 0.0162857197974
0.795535791665 0.125571211029 0.921300086526 0.050120941024
0.989699287961 0.808970398114 0.712752988895 0.174952512132
0.182245739793 0.737768062184 0.702783526255 0.0672249497609
0.76820711292 0.328560966255 0.523265264579 0.280476447907
0.123298381545 0.223166093883 0.528296171241 0.0536965254451
0.71137746724 0.80152009347 0.763973752784 0.0305292102957
0.409486682656 0.761804060264 0.614202120046 0.127840149311
0.73339853617 0.375105857404 0.568785441421 0.212019493993
0.825613582701 0.572920965829 0.592798679167 0.115107073518
0.379872223357 0.404760398554 0.560803502163 0.257399329258
0.340486482269 0.0117884319388 0.787851935911 0.106511580488
0.239942994746 0.191109416057 0.985990143835 0.0207918408913
0.898011742797 0.647053967032 0.674126919438 0.0686559531648
0.623914169272 0.257187033579 0.640042311814 0.148455339136
0.986076163472 0.864270146818 0.873498596124 0.060626802381
0.229450205094 0.149822920122 0.621555166874 0.0432218456331
0.457919489523 0.280979504705 0.52711974533 0.120936745752
