0.26530731926 0.287585501218 0.648195849862 0.0568513815388
0.895557610165 0.28446235871 0.561343613696 0.203830050292
0.393342346769 0.779119704572 0.927589646107 0.0181165686655
0.99184733737 0.802250704048 0.992330050036 0.000854985962549
-1.0 -1.0 -1.0 -1.0
-1.0 -1.0 -1.0 -1.0
0.907082012098 0.66954204152 0.53284166519 0.151778990779
0.191238717334 0.428499032767 0.79786361479 0.0374807244095
0.995115287787 0.00981359292667 0.792962566046 0.163713428861
0.297682553999 0.666198117833 0.660293584864 0.166738758419
0.140305367153 0.164610794509 0.63031201434 0.102380383573
-1.0 -1.0 -1.0 -1.0
0.380316103052 0.160364833751 0.984515285836 0.00205539383159
0.702033238972 0.538867965968 0.580074157925 0.249126300531
0.448044512983 0.644602810909 0.680801549278 0.149577906608
0.011108920772 0.634028559284 0.686488596725 0.0903546108583
0.876185029165 0.282543081336 0.577664246256 0.205234974543
0.849908089095 0.362795141149 0.850251156866 0.0530138393621
0.309218089441 0.754193900099 0.500846366137 0.278740639119
0.43132361838 0.675676126245 0.559212361542 0.242358511319
0.289673445166 0.382058988532 0.528309942748 0.17048263871
0.840198624605 0.38740421851 0.654963458723 0.0548584278015
0.645914078167 0.959163849122 0.785217186884 0.142914934051
0.593885535874 0.889063047558 0.507616056481 0.138745913853
0.14678234332 0.823293058764 0.998027443713 0.0322152551539
0.986390706692 0.0649644058854 0.918091577556 0.0170814513573
-1.0 -1.0 -1.0 -1.0
0.870180462891 0.611943554264 0.960820489574 0.00422783649019
0.634200821636 0.124945561267 0.765510540855 0.0886508636891
0.195131339701 0.0401300556188 0.673825403291 0.114347266677
0.770111091358 0.733108504026 0.821624867417 0.0617215341666
0.0590460606659 0.120915984743 0.921895286534 0.0506067775878
0.398586108066 0.00432647188096 0.651551961625 0.103759941397
-1.0 -1.0 -1.0 -1.0
0.438406529982 0.81452707741 0.745182325393 0.119872006966
0.384648735933 0.381319474152 0.716087197151 0.0854813408871
0.440315507489 0.512591075385 0.995839931669 0.00138354337917
0.312096213619 0.347425368063 0.841082207982 0.0838794533305
0.689612082357 0.212712740014 0.821631766852 0.0514181627284
0.104925649685 0.728940804531 0.714694609045 0.138874057996
0.797304357602 0.237960128958 0.951243315338 0.0202270585331
0.192857611887 0.813464224472 0.624562448289 0.0844369599684
0.400232391926 0.543616316145 0.775888426667 0.0495128704071
0.774470574694 0.0233432838372 0.565799162971 0.217869770389
0.256561130952 0.0400081567651 0.925989776151 0.0319776943323
0.520527368237 0.42741474858 0.938547341249 0.0237775646953
0.49651605291 0.711043318698 0.729878968287 0.0658378679765
0.464630609663 0.386954779087 0.544269900209 0.190769797114
0.0689470673087 0.594864566069 0.638102007197 0.0912575851273
0.344851791213 0.265694549886 0.644530969344 0.0697336787725
0.093291833665 0.0269535490647 0.982252008644 0.00386766979312
-1.0 -1.0 -1.0 -1.0
0.372648708773 0.267783251189 0.769591897501 0.138674993114
0.626319081394 0.910119685803 0.915412051073 0.0834068947786
0.862431380162 0.740799520706 0.581374721756 0.11876938775
0.918703721443 0.532358093266 0.737207524737 0.0520244637196
0.0568880895722 0.749349285725 0.922483437851 0.0131993664046
0.398370932246 0.684614469666 0.999667849496 0.00549647578596
0.951624049203 0.749119493112 0.677235095683 0.111484078938
0.895338730265 0.669996611901 0.759206228279 0.0228592276996
0.58668698424 0.129713791644 0.509909559596 0.344153668315
0.0486868707685 0.125155075294 0.918396534632 0.0537352674313
0.303989437889 0.44239288774 0.928707166163 0.0611756823686
0.301962324429 0.255814614198 0.903506946873 0.0155826283272
0.848327871185 0.942339284112 0.933581492773 0.0489745030709
0.749502787684 0.847328114111 0.777940406558 0.0243584536242
0.28387266057 0.337034017498 0.56769195633 0.210940378816
0.767615348152 0.600588459791 0.705522622369 0.227959400054
0.922215337404 0.622828378946 0.817325793448 0.0253749359474
0.572156486268 0.135840278234 0.997336487575 0.00902455694374
0.861525706006 0.0762667718125 0.587205828937 0.192407906272
0.402899997101 0.753763078229 0.529556632548 0.0553418483017
0.0402787316439 0.642121296187 0.842481535059 0.0523489576519
0.131105316897 0.0923671506522 0.64644513753 0.258159810544
0.390533265062 0.198330951978 0.775768725598 0.16507868658
-1.0 -1.0 -1.0 -1.0
0.950323415884 0.363358566839 0.943170534202 0.0130197499032
0.946394898205 0.659825639446 0.66108436651 0.0755613321255
0.658192144068 0.543573023939 0.992905697415 0.02778747764
0.449175394561 0.424432233248 0.513275792289 0.134128353996
-1.0 -1.0 -1.0 -1.0
0.485820777536 0.772058485038 0.518760044603 0.100643204485
-1.0 -1.0 -1.0 -1.0
0.653443616905 0.951714955996 0.948179380971 0.0283344001174
0.90757657238 0.587050521215 0.944456754581 0.0120465484658
0.183606241029 0.866338696171 0.577899524924 0.116076741906
-1.0 -1.0 -1.0 -1.0
0.0991898550949 0.438148916809 0.872497701491 0.0460706750253
-1.0 -1.0 -1.0 -1.0
0.79044219256 0.38147448125 0.837620439545 0.0667538952451
0.272487415879 0.611070680565 0.802501562665 0.0605678617568
0.572187765351 0.017266469461 0.576786854708 0.209737895789
0.586051225363 0.909198818993 0.815846605122 0.0431059190112
0.188630620791 0.398568093751 0.793323941028 0.034168068739
0.425615465636 0.785065701661 0.578064339337 0.266857293174
0.666273378568 0.797244911449 0.516153796778 0.0520650144404
-1.0 -1.0 -1.0 -1.0
0.236439568743 0.151592479191 0.60148780574 0.0439076903221
0.720199393943 0.369178008017 0.556198509714 0.0313090411816
0.119014318241 0.283974812407 0.846146162381 0.131171677032
0.581762897009 0.308159254319 0.506898767031 0.285188522191
0.712588651288 0.365575245681 0.911151388525 0.205293601472
0.107334071747 0.471967638617 0.898885894623 0.0385665063088
0.892066676919 0.781735799013 0.701678927897 0.0788187116212
0.88002466684 0.746373612215 0.849650293138 0.0435460594585
0.775857467066 0.0311346625728 0.829241633277 0.0294663300013
0.540895360298 0.71713482077 0.738405260111 0.0540866229237
0.296057174492 0.666641169646 0.608857149009 0.260661155378
0.338745053702 0.875724890696 0.551797897164 0.202130545689
0.600759188914 0.356440075392 0.56308984629 0.198248269839
0.424255600311 0.296089828622 0.758222925702 0.114696891708
0.703836287182 0.84119436199 0.726674576957 0.0384251289494
0.0296514204134 0.959144319521 0.703013887994 0.148768501189
0.180702568178 0.700430168652 0.57796151514 0.132373711195
0.777873665407 0.166354732771 0.56122112317 0.236482971467
0.626692894598 0.937683879018 0.93775914575 0.0330873705682
0.668579000773 0.506013312071 0.641227154959 0.19889264072
0.881778763145 0.352191728335 0.752350007814 0.0976461476906
0.601013305521 0.72192079387 0.734928450438 0.237843112844
0.906050074721 0.379948910353 0.815652738241 0.0663524297636
-1.0 -1.0 -1.0 -1.0
0.841513456579 0.0593542133396 0.912701023298 0.0306141599924
0.506866865697 0.44834147869 0.630693565254 0.0901689053249
0.403367821718 0.782879443035 0.790469753048 0.0573187579752
0.97376979543 0.603834737967 0.685855093187 0.190586846277
0.764766038076 0.636646751216 0.831439252686 0.0373438796126
0.567319208837 0.764650429449 0.68030623957 0.115882236591
0.458858274316 0.394178298835 0.545365524277 0.0881253967806
0.853075371792 0.431025522042 0.7128441123 0.0515232088002
0.525252498044 0.953229546265 0.651268661265 0.0909594204857
0.427867925808 0.902653449942 0.562275068228 0.158996365971
0.755049257427 0.324460561421 0.93586151172 0.00835234846062
0.909630271765 0.24691581054 0.768577662469 0.0537199289521
0.909434523996 0.000163658370707 0.648605507177 0.127625460834
-1.0 -1.0 -1.0 -1.0
0.279989102836 0.341132973483 0.85861886256 0.0433866771015
0.187003909324 0.605573891678 0.612499766033 0.0924292009619
0.499995579206 0.366369954237 0.694831541396 0.0915341649442
0.726166164661 0.254120848911 0.518360488465 0.132623546802
0.302032308906 0.571924375221 0.639806931646 0.0946419305336
0.261595643686 0.303953431378 0.520721471699 0.359793355426
-1.0 -1.0 -1.0 -1.0
0.831389373013 0.31939012348 0.979695379401 0.0143909895972
0.616346260818 0.283549036747 0.868453818276 0.0277405669051
0.182314343196 0.512232307956 0.885510233572 0.0163480844796
0.71643355246 0.401578967406 0.676372959061 0.0939008540811
-1.0 -1.0 -1.0 -1.0
0.305639730092 0.769351902957 0.676750097714 0.113258104204
0.261963456645 0.954434088413 0.51553522788 0.305886715343
0.486837883428 0.311626890286 0.925600765305 0.0185663332583
0.873707850377 0.48464533695 0.689192026186 0.110291525822
0.527776581361 0.58655781293 0.586407730267 0.186904302505
0.193123192116 0.444697250267 0.672200215391 0.0707680352488
0.255426905332 0.565616974516 0.992706183652 0.00751019843758
0.72478479044 0.84859878662 0.589276470993 0.209404974867
0.932506636154 0.428712742454 0.894533261926 0.0333526190397
0.382962996562 0.900594652264 0.537832956723 0.139671579304
0.357506888936 0.908235107644 0.907220888872 0.0316738673993
0.475454641974 0.358580383419 0.565744258381 0.102637089707
0.242746487096 0.855026832084 0.724262683748 0.121349622153
0.922694105349 0.245976490525 0.552901973869 0.0867445225849
0.169135926888 0.44634486889 0.501941705059 0.115442870207
0.280183384386 0.555356017326 0.507515611316 0.127003216663
0.195786654467 0.585834092858 0.787345577408 0.0295154976642
0.0861958713121 0.965221778504 0.512050519174 0.243039522948
0.901563595705 0.0562937547582 0.882581751233 0.113066819025
0.393148935681 0.44637424262 0.571145817521 0.267615868001
0.902662853179 0.712325086482 0.768848540807 0.18683457398
0.997315599826 0.656099734443 0.522594533259 0.251260645282
0.0392751394493 0.875143670465 0.866378321789 0.0528547394997
0.140787168363 0.430657760647 0.631466720114 0.20173758932
0.3389721884 0.748053740802 0.872222945365 0.0239446279433
0.665234854333 0.0487630662642 0.589559656089 0.123621043244
0.587599767402 0.19600605716 0.654933396568 0.242858247887
0.512730613304 0.492879297987 0.692734241932 0.0689601519266
0.650180317688 0.786998178131 0.855278332357 0.0667606703277
0.348049805783 0.673122053789 0.718403563038 0.171424365074
0.0828879820979 0.982926498764 0.662656626056 0.259095555639
0.982639742131 0.915741574764 0.923598682129 0.0433071243023
0.868990256052 0.922917262619 0.880068851866 0.0756469133523
0.402094881115 0.164470994213 0.588018402017 0.159331170634
0.882772760751 0.577207627 0.540330112619 0.15757751504
0.546062185685 0.338471546292 0.535482227721 0.236002031442
-1.0 -1.0 -1.0 -1.0
-1.0 -1.0 -1.0 -1.0
0.627632869292 0.622048136608 0.806721880576 0.0422516144195
0.516524060666 0.87340055987 0.569324865058 0.109533790066
0.504216609824 0.015492854534 0.695072983495 0.153960694376
0.835405764196 0.148498563642 0.564206774608 0.147347007242
0.243292948568 0.30582119621 0.620297957926 0.112424996494
0.238428284229 0.475350562234 0.888522820091 0.0344173198239
-1.0 -1.0 -1.0 -1.0
0.644940004146 0.291903524922 0.679871963116 0.119731558526
0.741563674436 0.102956999854 0.682247658505 0.102208958476
0.361877010114 0.463510777964 0.511069986443 0.0526096154605
0.813398125886 0.591104219447 0.744547250056 0.134137436896
0.301082032552 0.746594751924 0.669810181085 0.0845264096324
0.241765451231 0.86482765506 0.718162381 0.163242710792
0.778230307044 0.687108709019 0.560597281443 0.155555010564
0.645525352182 0.0506771623329 0.804004069642 0.0958875716965
