0.703402058817 0.151675749682 0.663132308312 0.0566402820039
0.00766146501706 0.0798622615279 0.930950202104 0.0456851207637
0.984992629367 0.335059144385 0.999401680981 0.0174208155011
0.417784913097 0.184284478758 0.565035144873 0.0509936468346
0.110472976283 0.825416183448 0.783149454458 0.0836187155116
0.19308781112 0.594572471207 0.714996660585 0.355672073892
0.799475852669 0.91538234683 0.938528374109 0.109883339691
0.117448527919 0.229667319764 0.560605723141 0.314488349055
0.945138637689 0.851361880354 0.621066901476 0.123592786533
0.891131852917 0.245966703753 0.60731492711 0.13739442803
0.0957888509682 0.374499867246 0.982693615914 0.0166628203563
0.656754750989 0.0014678488384 0.758359892503 0.0620496158443
0.879138682314 0.823941018238 0.998723630239 0.0209335592019
0.623095875444 0.479874848676 0.998193789178 0.0167111632779
0.43510106415 0.29841116284 0.687670739854 0.212528010735
0.193273310105 0.0893103674385 0.590289171179 0.23936684035
0.352502637532 0.740720031745 0.729344459826 0.0183083036873
0.0395337207199 0.731968111269 0.866606263979 0.0653921710605
0.169498698098 0.380916695409 0.766674372244 0.101480987463
0.207967044932 0.180528060203 0.50384994416 0.234078643573
0.785716125145 0.378509068032 0.780570581854 0.128137151857
0.920330424087 0.542301785599 0.941820453972 0.152048081961
0.438918555453 0.675368342598 0.695683090352 0.0442096125933
0.0483931456426 0.864074395124 0.653233185021 0.104186838985
0.310824558642 0.161355910118 0.537975506142 0.14409593551
0.364269295614 0.584570192415 0.68046643043 0.195289830667
0.405206558842 0.359416104504 0.624702798299 0.102662564121
0.468679877014 0.861136630487 0.693884830473 0.200182369552
0.542037570248 0.876865329293 0.554565627073 0.248351264272
0.774018528901 0.814109836659 0.881666632238 0.090758547222
0.474163277441 0.183955274634 0.945768865869 0.101909208511
0.101490507815 0.344501705034 0.742520806104 0.291115155144
0.875476840877 0.430724962108 0.57455367718 0.207627124642
0.00677446576006 0.257500080208 0.96817605873 0.041566873521
0.44753031098 0.454334322836 0.646419288361 0.225319040132
0.715711186698 0.1173905259 0.934751273714 0.00882614118797
0.186407484555 0.907693513644 0.511805407347 0.247346689498
0.303645532209 0.162801520246 0.962196910952 0.0140820475276
0.607429710281 0.687049667974 0.522161470407 0.172003028297
0.847164158652 0.545494354696 0.960891232476 0.0380393291236
0.0574275556349 0.0077626909222 0.892312024074 0.047979040579
0.0471325504052 0.486304677798 0.607255542006 0.127070723401
0.315049154404 0.512239430836 0.946884219047 0.115769573561
0.41654715752 0.267138554667 0.531316716403 0.197328651873
0.131865791536 0.755051071992 0.673946162215 0.119079176891
0.924445171672 0.737546950717 0.982521644996 0.0201875450483
0.672683531752 0.646518769812 0.521022745778 0.322399447509
0.81302524473 0.681062254166 0.825233734126 0.221179960393
0.92493001876 0.636938332685 0.950182084707 0.0257455433645
0.074803383279 0.592148070728 0.811023112756 0.0761015114588
0.170962337724 0.388706052696 0.66472820187 0.0600193204112
0.904494896485 0.0962078668683 0.804055501883 0.0856460821296
0.129923438411 0.867160607323 0.815198726305 0.224861573679
0.0876106258146 0.0327975074341 0.502651901647 0.138457445563
0.787988700756 0.119054636466 0.831563551492 0.0125295096412
0.719047780489 0.0473554928572 0.9485297236 0.0181898582537
0.624094204896 0.67439554869 0.735536905959 0.166994597618
0.882595476288 0.441890951489 0.870490587978 0.100549917807
0.675778030732 0.813346291576 0.781411180602 0.0533659528959
0.451531973779 0.599862480587 0.579685858248 0.236918240658
0.404440858365 0.382669645478 0.987015626684 0.0965775269559
0.00331579020028 0.395982584952 0.970247283434 0.00589169725741
0.336905502944 0.352891869859 0.766598255574 0.105142084769
0.922153789119 0.3094743685 0.634670255641 0.167674022037
0.915376457651 0.76170253491 0.967079305561 0.00979532251295
0.941265782614 0.95164292503 0.799828305884 0.192457887194
0.316596129043 0.367085082382 0.560581090975 0.176196722169
0.420430284172 0.630958453114 0.510840044475 0.19039758543
0.908717871077 0.771281287241 0.996908948866 0.115366110461
0.440935358457 0.565542513732 0.950461678389 0.0157306493819
0.00347512353894 0.244962361348 0.538176440053 0.234248576122
0.995394142569 0.718716109893 0.807047831525 0.0704654184479
0.0713002408979 0.125572017203 0.895032880897 0.059856479585
0.665130756393 0.307693762148 0.853851689001 0.131805540984
0.551617328954 0.674260644233 0.522047951345 0.397042175646
0.102711562877 0.502225211327 0.733899619628 0.213238672723
0.108964634195 0.516328812707 0.704125175653 0.198611556519
0.127774857748 0.414888363357 0.737472189219 0.150509719661
0.525748740476 0.386648126024 0.558910213483 0.355226030033
0.490463318324 0.932748996279 0.823719135625 0.179348987782
0.00750748174319 0.859656017253 0.62046577866 0.155621073475
0.973599700075 0.498662088218 0.970225657887 0.0533232165284
0.366858616947 0.735627113803 0.986349587841 0.00553069724987
0.44292776739 0.303291654843 0.732255431402 0.159234659661
0.919096621962 0.842327804473 0.791808565729 0.128429814103
0.166759470302 0.691632307479 0.540317053006 0.10362832421
0.235857987654 0.158979394848 0.692012901378 0.23679279056
0.342529131525 0.681638769571 0.68610869053 0.13207842695
0.0429183642184 0.665781005913 0.692458843201 0.0814396334734
0.197377669162 0.992507695982 0.984071850319 0.00546525264777
0.940589463877 0.552517342334 0.536871622173 0.157641223729
0.38229968505 0.133464342281 0.804682766082 0.0827325156346
0.998261182307 0.633906828634 0.69071286213 0.131213023
0.589179513633 0.599542891086 0.736791638572 0.0311538739675
0.46458952217 0.377911888769 0.957162763066 0.0173998579571
0.825623095354 0.509640507438 0.522704103382 0.195741996056
0.422310866749 0.513928297063 0.911422486811 0.00393589178712
0.276206813441 0.0327282439821 0.507506332275 0.0333328983176
0.0345835653485 0.715930825175 0.623749926025 0.1029633577
0.927058841472 0.438254294831 0.621208555921 0.220758969458
0.559444859794 0.0585108838451 0.911680536921 0.0447110195043
0.129844538828 0.933179720342 0.959838873729 0.0135201189579
0.421361954615 0.283127598324 0.9967777582 0.0412108478507
0.755434601498 0.378572039062 0.991972109862 0.0471959886206
0.92249451878 0.855854006673 0.696678313989 0.133480006524
0.213732926898 0.514492471408 0.981146876702 0.0708324716005
0.79819106409 0.343005668812 0.685829757373 0.108087828865
0.192668558019 0.252896447172 0.866594873746 0.0699356890795
0.749678445265 0.24599122235 0.896671002038 0.116922075591
0.464811853364 0.621907303778 0.52723318983 0.134495789433
0.179209082935 0.76458954425 0.887781244748 0.209688009328
0.647695794245 0.407284644083 0.591205272956 0.173620968314
0.138866504024 0.717008688584 0.959819174935 0.00375529705442
0.373021676614 0.653116058356 0.508283536336 0.124360677964
0.645082349119 0.94211257237 0.990848641272 0.195437907533
0.50947747732 0.423908094835 0.537863953942 0.252104687723
0.0238066780747 0.936493672075 0.636766644846 0.208864070278
0.582579484697 0.866159507482 0.583655461276 0.135635196244
0.810604899832 0.591146455485 0.536262834905 0.158498202413
0.783057534258 0.245245933533 0.838626581805 0.0366584136285
0.560781072338 0.0628898218839 0.727653966378 0.0780447373501
0.253627150819 0.428903354996 0.781886168457 0.0853269408537
0.904222104738 0.107425674304 0.99111616139 0.00151543095734
0.950927822546 0.135006641223 0.899448097112 0.0868256274671
0.912079910775 0.143103071759 0.760182852427 0.130791794608
0.0602009252616 0.754243534064 0.912566653897 0.0859655514343
0.143290823413 0.551770371185 0.849514465304 0.0693732372701
0.19032570759 0.0229967120359 0.971443664229 0.0218721454354
-1.0 -1.0 -1.0 -1.0
0.18255841919 0.680422413369 0.642464643633 0.0387258839066
0.260605821844 0.375212067195 0.984151346756 0.0171436908037
0.137010224751 0.742294027086 0.887993792138 0.119832517424
0.936741446106 0.229730868425 0.919107013344 0.0760647774184
0.778272976942 0.685826979579 0.935273584916 0.00781350226535
0.918752441716 0.358660232306 0.999999760536 0.0211445769001
0.646596995435 0.239667444166 0.700172064262 0.234344120859
0.178101097557 0.62165082779 0.505898183972 0.156862246086
0.323698393345 0.453201760987 0.98918881997 0.0421421331021
0.257933236843 0.851754320537 0.594071004938 0.15002914916
0.230340481626 0.275545569715 0.604043664882 0.260238569834
0.997759442614 0.555855579397 0.877655534542 0.0441147681581
0.831737311604 0.724267241403 0.938932833691 0.0314484105241
0.802492905446 0.228615031537 0.954609650987 0.143511579415
0.826461671835 0.117005828377 0.79585277861 0.206379527506
0.981827685525 0.90183082337 0.90756115684 0.0458976904224
0.458752476986 0.634621462621 0.988007901469 0.0420333739509
0.244683371814 0.680247314312 0.623098933242 0.0524144714658
0.517550538987 0.387419541064 0.507953188752 0.145390668157
0.417494005082 0.910150618323 0.948926944924 0.0198366599181
0.970596055697 0.319482551308 0.585626866042 0.0883073373079
0.177338713194 0.454468538365 0.596349518421 0.117945066567
0.231738924284 0.908266393778 0.91331800238 0.111780066301
0.96253712872 0.15917862014 0.865318712178 0.0830366187171
0.481581062759 0.484082768203 0.807378081625 0.0876483520065
0.114472610373 0.501033969241 0.874668126681 0.0606839894651
0.181361100522 0.801200153503 0.785281744463 0.149060583275
0.16346523819 0.97299267872 0.608981309111 0.142173132213
0.545207906817 0.833355659964 0.624827922151 0.119119221256
0.276969778725 0.32739866561 0.811262293695 0.0495584342594
0.785577111918 0.144536627939 0.560980087911 0.093248920218
0.118226558515 0.648123132322 0.997881962653 0.167058664834
0.218271014227 0.372163902973 0.888546802645 0.0777908646067
0.0343258082023 0.281257330931 0.542060662811 0.13100761037
0.348108792304 0.384912799779 0.521363393362 0.12345032614
0.760311353866 0.561338260207 0.633898953994 0.0409827712488
0.9107652276 0.0758481629038 0.974677445126 0.14245145352
0.68738508738 0.938148351929 0.676326442082 0.0975805177056
0.810098866816 0.920113296955 0.999172554185 0.0064083176584
0.386820666505 0.447864047148 0.500609067642 0.117471336095
0.729741503391 0.786887706696 0.564261247371 0.104471031273
0.345369043822 0.0845475248406 0.96403419923 0.0231229114567
0.669914110333 0.279222715743 0.937187423201 0.129116555136
0.981977110089 0.122476328213 0.874940346369 0.00773396816437
0.069883508651 0.634599244667 0.646836614799 0.0916616598744
0.836274106154 0.353263239845 0.69744505987 0.162487298096
0.171745028978 0.0307374076375 0.681216050973 0.180041219834
0.575591882018 0.0471984327717 0.50885503469 0.125298007328
0.316278389382 0.968849239768 0.903895461985 0.0452670356735
0.644706651009 0.975988810238 0.594719742262 0.214434659444
0.375952107508 0.278810930689 0.807589874111 0.162807756907
0.953263171613 0.686341326176 0.655859064888 0.169181754818
0.108564208671 0.543791874943 0.905181441919 0.160339130794
0.984664781277 0.950046053344 0.765288698874 0.0778499343002
0.99503630637 0.468318865205 0.921422663782 0.0758366272467
0.602417425385 0.846177529279 0.607854733831 0.20481386505
0.798957043005 0.669988659481 0.539191631057 0.0388831274103
0.553048106629 0.895227116687 0.95274668783 0.127554252502
0.514334737348 0.737488970894 0.999304978351 0.0096972707719
0.430327012202 0.388886651093 0.73988689708 0.0307948135454
0.257809710977 0.35909770829 0.652801855288 0.19086985795
0.327268057476 0.0476665436682 0.697683562105 0.0795626190559
0.145314382728 0.383554856044 0.587857030071 0.1831934038
0.0232493989275 0.938072201426 0.540851837375 0.197499673297
0.413100187897 0.0152080793895 0.917867186868 0.107377208422
0.133955142755 0.0797442583447 0.972579118174 0.0166194532142
0.251302143292 0.355790793205 0.560825456448 0.0798001336867
0.687554272939 0.539586949632 0.599343833181 0.161300589569
0.465307429598 0.0331251690235 0.606503225786 0.0402131563911
0.133565386556 0.471013771567 0.958118417694 0.0063405775357
0.491704984025 0.80862709177 0.627945072392 0.0392983240374
