0.783666099609 0.128136501233 0.597004658167 0.127207973959
0.669527786802 0.794418906202 0.705026914943 0.146399077938
0.231744768343 0.0382044247093 0.685030623828 0.23604343281
0.531520971233 0.769643324189 0.992765168005 0.00385284354058
0.365907361487 0.630732757304 0.998939423107 0.0650781930777
0.586675740762 0.160941071982 0.667810073835 0.121995825345
0.819726298949 0.221402189422 0.987150969429 0.0823682869461
0.757988047304 0.193331380021 0.99852581914 0.0601633707115
0.0536204530479 0.645367322155 0.857582188521 0.0178217286577
0.393914050029 0.845652877772 0.936083259928 0.0642687810994
0.171957926039 0.431450674296 0.738049232919 0.117602945219
0.980803114916 0.226840546438 0.747712768256 0.0913610322511
0.468843904349 0.121707683563 0.714216572291 0.0500582298995
0.110918852852 0.703656455566 0.647463666937 0.284726209437
0.109452780992 0.488147272288 0.757218185454 0.0798193137059
0.65714336304 0.6434742783 0.990601180614 0.0652282200075
0.970514643942 0.474306092545 0.559748298437 0.0583522169935
0.433826760534 0.137915438718 0.911501007314 0.230649374288
0.168156217399 0.326469628397 0.545596695209 0.0484698734376
0.361424032787 0.264966752383 0.650134989933 0.163204615038
0.430764379866 0.721685535683 0.998910216284 0.00129765887257
0.201757877224 0.0781198776728 0.678255790043 0.115566359012
0.196910824614 0.251441659683 0.992924701259 0.0720091106217
0.165874379302 0.796974767812 0.678348967039 0.218014563244
0.908309466041 0.727032043336 0.555999704694 0.137638143067
0.250396963092 0.654169676649 0.73172752292 0.0235042132388
0.270529317973 0.236314700651 0.549256459699 0.144049529365
0.127643410742 0.889342688668 0.559244770875 0.294832635561
0.649627432668 0.561062711997 0.776474014475 0.0371970460928
0.33981180922 0.145945325106 0.524401034083 0.137497569315
0.522050786342 0.547139857285 0.546276078828 0.111924878958
0.15549045534 0.47949581325 0.950910194361 0.0223641352588
0.893700965359 0.15877902673 0.813202824965 0.0982822523999
0.964448027395 0.0170793416101 0.995503305776 0.0392430255938
0.938192837962 0.825409795908 0.626762196279 0.119551950404
0.599025055501 0.597472459382 0.522255002045 0.154135701772
0.119065577023 0.613018204591 0.85041502311 0.0704054182029
0.149117893786 0.874455457273 0.707163154092 0.182018149603
0.134991645581 0.92623234456 0.888908602688 0.143866763903
0.302751220407 0.518419119026 0.9813715326 0.145064167076
0.294449510339 0.00157038850258 0.772709051305 0.0705223374336
0.737663752337 0.745419355366 0.669544217709 0.148925727058
0.56060802975 0.881724654369 0.773893866194 0.141328788288
0.0615152542599 0.647957782003 0.630101610251 0.0980464565982
0.8250496334 0.418262021594 0.5225283373 0.341540579033
0.452691901443 0.0260170210756 0.939648806058 0.0629334249579
0.893776468625 0.376267009361 0.877843358671 0.178255826434
0.0988809422911 0.55980449685 0.994982859465 0.0225115656464
0.955617744363 0.00666693927551 0.847974335094 0.0988633136689
0.867417768637 0.555387852711 0.501065191357 0.335453210477
0.662064530748 0.732036836297 0.962746144751 0.0845197918181
0.632169020439 0.202100882689 0.965687532888 0.0167679228026
0.153129740915 0.2474338084 0.603418977564 0.211930411995
0.403072536596 0.830764011044 0.983518896045 0.00893114708048
0.578278816283 0.0673299122767 0.613914659537 0.154746352931
0.721506657476 0.047040245478 0.582523108999 0.116541521642
0.241866299018 0.31316970484 0.568340340444 0.0823189524483
0.588716869799 0.753827900884 0.559754840764 0.0707005401596
0.504908781834 0.604586640573 0.864232577251 0.0437407125013
0.858716893694 0.735819770561 0.794473687419 0.120973708598
0.05237937355 0.348013164336 0.674251005458 0.127543983026
0.286245620804 0.918383965241 0.89310985199 0.0193818659683
0.275435357438 0.89458979048 0.853793231162 0.0809352237906
0.396459636974 0.936422033009 0.953285402287 0.0156472851556
0.639103316755 0.276212666089 0.96102292397 0.152184059738
0.216219980921 0.722893578627 0.516632416792 0.135742307744
0.326476800886 0.678114572328 0.549440494381 0.242826688107
0.0160432821711 0.0411867211683 0.555507673624 0.430704629926
0.384330541732 0.335313416923 0.763470482794 0.0404976266888
0.318279422973 0.16802326266 0.653448735037 0.35365902174
0.413052630744 0.212438557182 0.662691254512 0.195808966389
0.0330005125419 0.759813795154 0.8804297054 0.0814785563587
0.70906704134 0.182957705184 0.916700178972 0.0247009924047
0.0432562521697 0.621640612786 0.787329222668 0.000990719616901
0.375380374617 0.612077858372 0.58251007839 0.201352431517
0.0882020063426 0.628133416199 0.847516695156 0.0768316328454
0.601908688696 0.613227525381 0.712735437807 0.0606458456791
0.702541290603 0.871909927533 0.928328165654 0.0441925100992
0.634526869028 0.098008974359 0.99882611632 0.0158353023737
0.762581741226 0.786331315634 0.933767115968 0.0343669967345
0.250486995742 0.852503352133 0.817477067457 0.13694886647
0.0264765732616 0.0846733078121 0.909298237342 0.0553226252201
0.363067253648 0.55379832221 0.682314767398 0.0537682989786
0.470628766488 0.760449947581 0.917642264534 0.0533260992961
0.924815618883 0.256235549976 0.506334079656 0.0544822334658
0.760766341898 0.391653179436 0.987799087551 0.0450142690008
0.135463523266 0.623735777017 0.65660597247 0.510114431313
0.988771415015 0.80046840945 0.999201782939 0.211113509618
0.814755845857 0.708667250989 0.685684996026 0.107491306731
0.22268331108 0.979422185029 0.844784883882 0.219543681943
0.875965069592 0.665718034223 0.778983040014 0.106635605774
0.477663394488 0.223098599197 0.52303172561 0.0874594157726
0.0120669785575 0.254122396102 0.57015049302 0.182957820818
0.0972049664976 0.473430855304 0.994688756694 0.0339477650465
0.547992269136 0.731237410428 0.867151016953 0.0569745924399
0.769358000585 0.763349512556 0.956394779717 0.0374685195484
0.515113154834 0.910145790097 0.995986081178 0.0048778603445
0.790834908689 0.788956260859 0.690259684811 0.216926295754
0.246303814492 0.851293867296 0.98796176086 0.11540385524
0.997960996182 0.754019422153 0.954984278947 0.0140419284485
0.444760583938 0.406718902627 0.784871379498 0.222391751631
0.88967754036 0.824631322176 0.63205650787 0.0343495654167
0.822247405624 0.24186969063 0.508451886478 0.167088537807
0.0108105393295 0.843033875299 0.727815329331 0.193491181971
0.710159405453 0.552025775358 0.996324231388 0.021054193642
0.463680416382 0.236530629305 0.859088298321 0.154862725703
0.959729391971 0.369676880229 0.787900755388 0.148479956301
0.289745978882 0.326540799859 0.59268254186 0.0949363840836
0.175791526895 0.428230016675 0.927905165506 0.0546615605001
0.603719910408 0.182944615205 0.954565664906 0.19085259393
0.687935658427 0.888570824353 0.884790187152 0.0488362912237
0.919559637027 0.514292317322 0.556039905593 0.0973317602406
0.708034617607 0.193319124565 0.988972196682 0.00281438228378
0.828844496409 0.759189438841 0.656758349063 0.163937799512
0.541157160004 0.493046924546 0.872743295864 0.238388363227
0.933380645789 0.820485901712 0.938077512046 0.0564757850543
0.0279256935019 0.466453837125 0.940753439781 0.0838857083423
0.677567914874 0.395835729557 0.70098076347 0.23410066103
0.737781368131 0.402456543236 0.555195647221 0.178168773672
0.432352927687 0.010885242005 0.536920803963 0.156255318947
0.820103209213 0.0873200594751 0.995798811174 0.262285327913
0.986854199271 0.312307698171 0.714701887099 0.0467491448679
0.316101754043 0.33664271248 0.520542134221 0.239735079261
0.724684364484 0.0632276337975 0.985230603457 0.0092923799068
0.118530128141 0.920277816038 0.839958186354 0.133678298912
0.608293653267 0.628820717231 0.536223048153 0.184134541558
0.204131880204 0.692922418892 0.543701722833 0.168817855526
0.504799201354 0.661891049706 0.944603644077 0.117061989243
0.949040156803 0.661401737335 0.947183250176 0.161053932175
0.612531421395 0.188910576957 0.993628504211 0.0589542635425
0.708499226473 0.803764624579 0.951422347425 0.124714809508
0.844872258435 0.369001049758 0.830298159389 0.109511336186
0.639070742045 0.666898167635 0.9585279902 0.22655562407
0.166893874329 0.249687000768 0.78474625465 0.0860917892812
0.634957909183 0.977722506187 0.936042876794 0.0174457328186
0.434885433075 0.386736152087 0.928336736891 0.221612017134
0.1663515208 0.0996034035735 0.999838525138 0.0103445420547
0.858887415011 0.791240130231 0.674599093525 0.0931928740659
0.59320044765 0.38883082604 0.925098554837 0.151866099121
0.592789861428 0.276165519689 0.554118890228 0.302095720672
0.338533769931 0.104325806956 0.847082748375 0.118595634827
0.393479120726 0.183529500338 0.908921421304 0.07401471737
0.575007300919 0.108797973066 0.781435131912 0.142351535768
0.734947561032 0.712305955259 0.8292386163 0.0563765847608
0.535962415349 0.973300188434 0.803925182248 0.100124684695
0.0897218284893 0.597081395729 0.591549099569 0.0772647228293
0.993964799628 0.62573910349 0.651112291904 0.294318320915
0.683679557228 0.970100874922 0.765640392465 0.125355960019
0.799898093339 0.610066290344 0.703561152333 0.16702290452
0.0209489904447 0.517639186942 0.836272709865 0.0976362956058
0.0130131612043 0.497349594275 0.766066713593 0.178668490818
0.402700347612 0.499864836162 0.894793066021 0.0979334363786
0.852344831878 0.966927929457 0.818217439851 0.129663588539
0.952056733802 0.573225974021 0.998913013318 0.00749136334288
0.301698315966 0.329890190877 0.527318283092 0.135943613626
0.656139581235 0.446541953925 0.54787024635 0.0476098740054
0.522295773469 0.538241865981 0.886196863784 0.0553403914056
0.833222745233 0.457409654052 0.833824731894 0.170861508899
0.470168091369 0.0703992935191 0.945838608535 0.221565100505
0.0620985639228 0.783009497799 0.556598296438 0.268030134974
0.51534500929 0.508147573358 0.578288613625 0.162585142015
0.86636317063 0.460990934796 0.522222784444 0.194916798621
0.0244456785905 0.845208717983 0.577177408086 0.123950947492
0.332126564726 0.0682901499391 0.880748068283 0.0651403534442
0.836008273059 0.882446116687 0.639716215473 0.131488067199
0.980161649829 0.629115219475 0.559886770322 0.0899792811626
0.572794208853 0.0203154843589 0.741785021833 0.0803163293723
0.296113113045 0.126295001607 0.725431482708 0.192899242685
0.277561049463 0.199557529272 0.782486529426 0.0441949312348
0.144672557172 0.576311199773 0.822113347224 0.166870736106
0.0750897169463 0.749784004137 0.901506332144 0.0665105860077
0.575273907291 0.179834844996 0.986057125735 0.282761508284
0.922044091643 0.269775546975 0.90811536389 0.0613477973419
-1.0 -1.0 -1.0 -1.0
0.776443006531 0.146173520263 0.603828463993 0.224051188908
0.0415845681621 0.896356168218 0.845542174825 0.120304440322
0.43769827658 0.98770253008 0.882209572266 0.175887400292
0.964931255077 0.272634526554 0.556138918362 0.0834267600284
0.377185937222 0.483261678617 0.943079747408 0.0795583448758
0.686549859876 0.486801062552 0.74239063667 0.0977193753111
0.192413760583 0.322212332842 0.894829895172 0.0420679221357
0.252314790471 0.390247320702 0.793077982736 0.0752806104596
0.652476857441 0.0743335928722 0.52412184867 0.025170584874
0.786739524385 0.488256091665 0.545435367565 0.0845274703337
0.294592720418 0.549275674841 0.953516579149 0.124800857265
0.301077922908 0.603760605623 0.500490760566 0.277367037014
0.34252728064 0.708441626266 0.585372479621 0.100845833901
0.837287492293 0.697347610634 0.920171604407 0.162059771393
0.248427432741 0.365011156427 0.983481514205 0.103296124749
0.354503940825 0.0483530830777 0.823605095432 0.0452032011922
0.335868390052 0.00698415946969 0.773948936708 0.204515619351
0.494640522501 0.675235584779 0.995034180393 0.00249012638823
0.0459515487588 0.69423376871 0.60167917913 0.077188103237
0.588809552095 0.391518948557 0.584655802979 0.33137068143
0.557999292789 0.529358801137 0.53242471582 0.14038720328
0.41395032657 0.95555681062 0.692089966959 0.16798252745
0.653520677342 0.280325542194 0.986492186088 0.0717520615275
0.0954682854534 0.589655630535 0.923110485667 0.184903466996
0.35629044591 0.544123420478 0.989764015639 0.0210461103346
0.463352846016 0.162954538408 0.846344571944 0.158850134237
