0.256389332088 0.0927781879091 0.535261488171 0.191753392144
0.936482567428 0.18554070387 0.911991896186 0.134083699103
0.346265140517 0.0807353191468 0.762902785027 0.156049273629
0.961410296128 0.299759019683 0.999491800835 0.0992510350388
0.811975711171 0.509123975558 0.532466376725 0.132789662866
0.678795535053 0.177482709122 0.743395999686 0.241236694716
0.706631532285 0.112790000031 0.99979434021 0.183977480926
0.150429181292 0.74470139045 0.978193752669 0.084307193991
0.364883764415 0.0824649952423 0.999999363707 0.101829340718
0.96217011831 0.626011465772 0.659557816825 0.171796046283
0.740853502609 0.597553149146 1.0 0.0937244137
0.815123192251 0.0373023081364 0.556840349211 0.147255722273
0.786988190197 0.808520142068 0.872698829677 0.166272272424
0.770905109847 0.0889228664989 0.751300530423 0.224543314936
0.520812376368 0.517367177876 1.0 0.18655526214
0.354099085406 0.746273745157 0.99999367853 0.259208999944
0.298298415399 0.156395464763 0.999999999873 0.233554145804
0.2928681495 0.734364728068 0.777840323842 0.0779904860556
0.987496050198 0.68697735176 0.738592954306 0.255717113452
0.708386637778 0.137907871197 0.886625056437 0.225801270594
0.385814767836 0.971062336281 0.998681130839 0.0541000663004
0.00101857418342 0.988654173273 0.997521140452 0.100070948035
0.639506497429 0.505631453486 0.978237893675 0.00319972402854
0.224871507072 0.568136664888 0.994912212993 0.0429731542984
0.567054570098 0.837520524733 1.0 0.16383540635
0.83020168702 0.660341482134 1.0 0.147304140464
0.710817104144 0.195376198705 1.0 0.229932744859
0.7447726572 0.115617873319 0.835182108731 0.108423916819
0.0178446305699 0.720256351799 1.0 0.301912647429
0.822421135844 0.651124620506 0.999998298345 0.220990903839
0.212823983985 0.289055898613 0.999996905746 0.0540743660371
0.216071405053 0.166437029492 0.999990438488 0.163827342703
0.647042432083 0.14423180758 0.999929942457 0.230164002303
0.820721686333 0.1194809405 0.709234345229 0.109996102237
0.898341395955 0.136546112571 0.525935121437 0.20309616364
0.0769682196136 0.00528850662909 0.883032811985 0.272117259289
0.818436507414 0.219954992452 0.70377111082 0.246581622949
0.870663669172 0.236080648705 0.912767834607 0.21385336899
0.746015141453 0.746317435632 1.0 0.0958406656332
0.0855822082018 0.761650986601 0.514116224099 0.180992529763
0.681846902635 0.69285432147 1.0 0.0934790930279
0.224039404317 0.294082004791 1.0 0.240578454061
0.778238231903 0.797197806946 0.999993022391 0.273440071492
0.920195807939 0.360882651055 0.952019128297 0.226380131266
0.831850415636 0.798707251904 0.999008393322 0.124659222936
0.496927045628 0.385743811423 1.0 0.0387131987101
0.180794637754 0.16653461984 0.826694433235 0.185092950271
0.665866881424 0.921841716449 0.999999999997 0.00444936479205
0.465080183895 0.423776282142 1.0 0.10776896387
0.191873422673 0.623584891569 0.80562296579 0.178594738158
0.347280853062 0.881847142309 0.719070548184 0.115967604668
0.644457083678 0.706733393734 1.0 0.166480831433
0.819270944897 0.387704082116 1.0 0.205863490939
0.0877309314888 0.17677278871 0.99579903426 0.009338254432
0.293927109352 0.464839038565 0.962511676764 0.127767366845
0.495655760055 0.809756518706 1.0 0.188079186248
0.483139291187 0.786363027389 0.999999076738 0.114438554046
0.952329843291 0.453635360644 0.528522749455 0.189426214984
0.70611663622 0.3788045838 1.0 0.308316546135
0.516769896176 0.614792977634 1.0 0.108966385153
0.407797226269 0.627039253088 1.0 0.317720502869
0.958059888371 0.0199389021343 0.613236899147 0.177746736245
0.317309292845 0.450087534702 0.999994213546 0.196043844775
0.675049311654 0.86099940694 0.999807932033 0.149216195319
0.854212744289 0.267306575246 0.999977375544 0.0914480708851
0.683413889981 0.47865191747 1.0 0.232135861834
0.0365881861681 0.722452355172 0.885775900439 0.0472942407387
0.543095948542 0.673054731584 1.0 0.102889280535
0.815330048919 0.398349416851 1.0 0.266995051662
0.403384037171 0.0948237208236 0.613823566324 0.143820694375
0.32550865349 0.924911346172 0.992100763671 0.230394176872
0.665884555845 0.613686380012 1.0 0.165798984304
0.325919558503 0.42705593342 1.0 0.139870502743
0.922706877331 0.107391556134 0.944974466573 0.0665639386828
0.19890050659 0.360006133426 0.999999873101 0.174975028874
0.285320542392 0.943158680367 0.597339017477 0.0930588826086
0.750625488461 0.0598120474682 0.516814447563 0.231284740223
0.383808473187 0.811836826919 0.999999839392 0.242521333558
0.80532701131 0.682781714958 0.999995134446 0.13349682968
0.803241678693 0.129106597265 0.55470725673 0.291891829924
0.787920884801 0.575744682962 0.984316915566 0.265259162245
0.905833213743 0.94930412915 0.758398354151 0.21397536851
0.111665951019 0.557143441676 0.60156330619 0.148986788925
0.0113531894476 0.416418006543 0.844972652926 0.135930155654
0.908611686463 0.660496419363 0.795252030583 0.176683548871
0.693693368848 0.270425310023 0.654480187731 0.128329655513
0.652731891731 0.790660096299 1.0 0.141176157225
0.143543732972 0.692395417072 0.688181545589 0.0762456638453
0.376895644378 0.608764965734 1.0 0.077660022638
0.562014848142 0.187585243358 0.999494516547 0.11241088288
0.281338384165 0.628839585317 1.0 0.108035266237
0.946244403422 0.0893626371514 0.621840024515 0.158529442442
0.015362082804 0.144020951351 0.931169697644 0.0244230090332
0.569256982676 0.588479502926 0.999999972505 0.202546236371
0.673511027503 0.157226680418 0.647089983138 0.103191489513
0.00307099941634 0.630240684345 0.561277593072 0.18974675515
0.59954092511 0.0517032209032 0.992865583445 0.202316663814
0.961578578328 0.0956090251771 0.889843513288 0.355078334037
0.185204259287 0.594645809764 1.0 0.181327085439
0.630788788697 0.493620084988 0.997085463363 0.117932874684
0.412726568876 0.474842212091 1.0 0.177386193098
0.0595294650761 0.824351849076 0.794124168324 0.175030376859
0.0559195536815 0.545237763736 0.999472649432 0.0250358844256
0.11290880421 0.86722688767 0.569085324654 0.266671969725
0.559286317558 0.430046809382 1.0 0.0190956130799
0.0515695217052 0.32091696077 0.899659455771 0.0965809971913
0.364961109368 0.216758502379 0.999508799162 0.186346273867
0.25931806802 0.685772996149 1.0 0.291352503176
0.213346752332 0.548471462311 1.0 0.208325636336
0.532127031374 0.893356543794 0.855559654836 0.194021204718
0.817286232405 0.722749280856 0.608212968763 0.151232492718
0.115867309273 0.623152519116 0.997558088232 0.262492350902
0.709357633103 0.031719986951 0.730498801362 0.217223821532
0.136582746242 0.726172733795 0.852903020189 0.298080693823
0.657553306212 0.421860032989 1.0 0.189866541933
0.318626787662 0.509768849491 1.0 0.0882454853425
0.190167481021 0.127178018781 0.930145202301 0.294938030649
0.534638658474 0.28445093745 0.999967940513 0.17061847738
0.811700832015 0.464819148018 1.0 0.0548397103683
0.310684282622 0.204789626137 0.99997454861 0.134100588816
0.935497145733 0.098895513842 0.692590086997 0.225016481711
0.955856869532 0.669975705129 0.808044035841 0.317300685612
0.358940848898 0.0319729181794 0.999196488979 0.040294457835
0.227294503653 0.304934600557 0.94984571372 0.115717073202
0.0335035216718 0.121320466623 0.507467809947 0.165667590144
0.618319007887 0.955351692782 0.945663963472 0.239383911612
0.942845019086 0.920963082394 0.968759225416 0.351634262053
0.144169320659 0.420235008004 0.999339037341 0.058819065806
0.465735035405 0.293126546745 1.0 0.0607802649376
0.00267035298498 0.0273089466231 0.528400018254 0.173907320318
0.973595385762 0.816202099464 0.927076917578 0.0420818014898
0.42716434327 0.390931101287 1.0 0.216684526538
0.27096755751 0.0731427377474 0.580813653242 0.0790035565389
0.0672269995379 0.831820758781 0.994345531542 0.0680266189564
0.658384424124 0.264085209727 1.0 0.0306366053624
0.687404581265 0.585577243317 1.0 0.0414529811869
0.219723324003 0.915664009495 0.748349680922 0.281177171769
0.418270513966 0.873808200485 0.723008306194 0.124997398464
0.954039853399 0.990428453864 0.565659946126 0.154484085164
0.466945886973 0.732695110264 1.0 0.238040197073
0.752479417763 0.601871881862 0.999999985322 0.0972557902578
0.414825448682 0.22642201434 0.999999953664 0.157930801224
0.017685427637 0.2943556021 0.869428531738 0.18716136125
0.196512457148 0.702656174946 0.773237973286 0.226837315861
0.066692680348 0.348187143591 0.981621310536 0.0572615233329
0.928887712199 0.768418285646 0.984505772929 0.159508819359
0.0873601210991 0.67211397978 0.619829770057 0.13226845204
0.826913087272 0.45438814458 0.999999871856 0.0181764187593
0.232627226331 0.287696475036 1.0 0.166526694487
0.694842652236 0.19892780621 1.0 0.218829065551
0.604210492724 0.937761134545 0.998910549133 0.0157860302829
0.709421984517 0.684242687153 1.0 0.0274222978351
0.269119516685 0.026961603306 0.999998828583 0.0957236427668
0.144938209701 0.407703818313 1.0 0.230484665431
0.0911724018671 0.697175491684 0.926220404761 0.0801256906159
0.794496244009 0.87322801647 0.996754466627 0.236328362363
0.527384912184 0.584784318981 1.0 0.213386126316
0.176403294752 0.210052081225 0.995704931622 0.143741823795
0.313235200506 0.0863656966519 0.693488655181 0.168913032962
0.410378050312 0.409674977306 1.0 0.0232197456342
0.668146678205 0.382532067574 1.0 0.224082797507
0.321157226012 0.845809140084 0.900382414282 0.210502509944
0.0845705506465 0.431125450669 0.869669949932 0.174947631518
0.736133377559 0.404529527986 0.999943785052 0.188131904514
0.464608652709 0.565945856695 1.0 0.178384506638
0.960935501394 0.0424051551301 0.984381417752 0.00929753579145
0.72426179569 0.453046181445 1.0 0.0816596106247
0.867851858859 0.497968200126 0.970708019401 0.0634112720008
0.890399691986 0.626528362995 0.609974729214 0.235911543955
0.626028017828 0.196434567106 0.980482735997 0.24355718279
0.233013343061 0.965212153746 0.895051565197 0.125691602542
0.114079098226 0.121447750023 0.969585042217 0.141835556423
0.0430642443039 0.684304312496 0.549018889282 0.31491662219
0.279822115239 0.0331330866018 0.99408708816 0.0549067289067
0.156847775806 0.227916393192 0.58938288242 0.214178219851
0.740588643529 0.26096086052 0.999938129332 0.232697126557
0.649745314733 0.637257380286 0.732426202606 0.172200822703
0.097877580734 0.792452326116 0.552315540601 0.214517999713
0.0860072940366 0.00806133206355 0.563092322519 0.122525282956
0.903435321491 0.346349795416 0.999886555002 0.118050183762
0.932574260816 0.873417965841 0.870457852426 0.220510382865
0.708134349293 0.915730506996 1.0 0.25195295085
0.342603701609 0.14682881909 0.581988932567 0.178301186461
0.856818733054 0.820445683518 0.994282961038 0.249730499626
0.535847036035 0.050289854213 0.992638590471 0.117919736577
0.938257564188 0.911763321397 0.946891298508 0.0378382546225
0.213109546685 0.815333425865 0.852603918484 0.24168537066
0.323829355451 0.956709971693 0.66694542896 0.112429125731
0.437882451304 0.175975451476 0.569312976924 0.111048577286
0.283726675303 0.292148989052 0.999981966224 0.318006062207
0.178530371629 0.110111344027 0.999659967556 0.155322213195
0.393215773374 0.0575694129161 0.98242872916 0.191616596305
0.749990912406 0.643504346837 0.878688024851 0.303129500502
0.553838216143 0.214428220586 0.993880489328 0.187011610629
0.166781205909 0.889920218818 0.999999854642 0.0711939579678
0.858946947182 0.252376133849 0.502912290124 0.259286975908
0.915191722239 0.514226981859 0.993043551272 0.171533971117
0.876376817892 0.847627705769 0.797665913715 0.102857394859
0.638465717838 0.127832310286 0.94409642013 0.152681968191
0.682916778504 0.315025488513 1.0 0.294383436463
