1.32071560298 1.36173082078 0.512509776861 2.34749267222 2.42039475881 0.910955350954
2.6616616882 2.68699856286 0.940603247058 2.6616616882 2.68699856286 0.940603247058
1.74696665658 1.78176038076 0.747387201853 1.74696665658 1.78176038076 0.747387201853
17.0239058404 17.1556328241 0.114391104596 38.4447029771 38.7421790563 0.258326854052
3.10325464434 3.1892226385 2.46433460378 3.10325464434 3.1892226385 2.46433460378
2.06069484861 2.31144245829 0.902210665724 1.58940048329 1.7828004776 0.695869196304
2.08231276865 2.1501357785 0.747657365397 2.08231276865 2.1501357785 0.747657365397
5.46863425441 5.70857297566 1.21261891876 5.46863425441 5.70857297566 1.21261891876
14.6954414073 15.0253592248 0.621547058515 20.0298440483 20.4795210774 0.847166839411
4.62259631152 4.62607808573 0.741687718223 4.62259631152 4.62607808573 0.741687718223
2.78518013597 3.24631028746 0.988569259483 2.75924485416 3.21608101394 0.979363814565
1.6909595167 1.72302015496 0.516581958205 1.6909595167 1.72302015496 0.516581958205
1.07691927953 4.91461206533 0.536390533778 2.61431924755 11.9306666348 1.30213668129
1.01869604687 1.41348558238 0.908158499039 1.01869604687 1.41348558238 0.908158499039
3.83770302265 3.8774500572 0.783695241081 4.43940396505 4.48538280753 0.906568262345
2.55532589394 2.61930001021 0.766496597373 2.45882883819 2.5203870928 0.737551301172
1.75289786986 4.66805768709 1.1602434735 2.63142804789 7.00762898865 1.7417427855
1.19677601212 1.32984527959 0.904988609623 1.52252444902 1.69181361516 1.15131592737
0.602066385594 3.2407679559 0.429011025994 2.42479326775 13.0520363034 1.72782117141
1.38825923842 1.6123119965 0.886182631405 1.38825923842 1.6123119965 0.886182631405
400.22545324 403.902818269 7.69811609642 481.421026151 485.844435086 9.2598682082
3.68105571269 3.78412118692 0.869660959995 3.68105571269 3.78412118692 0.869660959995
3.78508830303 3.82617730115 1.28977601494 3.78508830303 3.82617730115 1.28977601494
1.49205238294 2.47484135614 1.04026623948 1.49205238294 2.47484135614 1.04026623948
0.42420827368 1.36576583974 0.404630515163 1.06612588993 3.43246091996 1.01692280617
17.6589324766 18.5477383943 2.89244911046 17.6589324766 18.5477383943 2.89244911046
1.53926802497 3.13335467229 0.829047076531 1.53926802497 3.13335467229 0.829047076531
1.36281939246 1.33440417869 1.26887786204 1.36281939246 1.33440417869 1.26887786204
3.3847519332 3.63128431405 0.297253928602 11.4579206671 12.2924717708 1.00625156558
0.535522499173 1.41207371057 0.523584238286 0.89198078574 2.35198823545 0.872096094914
1.507906331 2.62672667387 0.928360548216 1.60762065685 2.80042597738 0.989750864248
14.3696060125 14.3995639732 0.971120470538 14.3696060125 14.3995639732 0.971120470538
3.16654818779 3.1923178945 0.92699401162 3.16654818779 3.1923178945 0.92699401162
5.77757306683 5.8051905808 1.45655693113 5.77757306683 5.8051905808 1.45655693113
2.18776383234 2.25254101491 0.654839027014 2.18776383234 2.25254101491 0.654839027014
0.89821544198 1.50413952528 0.803632044486 0.89821544198 1.50413952528 0.803632044486
2.55565205811 2.56568098797 1.80380387963 8.00989519734 8.04132775361 5.65346131
1.20917872653 1.22606079332 1.14427713735 2.24137277888 2.27266592366 2.12106909498
4.23066546552 4.31304133631 4.26779701609 4.2499420244 4.33269323173 4.28724276077
0.925691590455 0.941993506331 0.39185677149 0.84011147216 0.854906277133 0.355629642277
3.53713161693 3.56970087193 0.395442997614 9.84130204615 9.93191893877 1.10023442807
0.899827112169 0.921583497674 0.842671891883 3.20581520723 3.28332670979 3.00218823057
1.7838468301 1.87077911883 0.7903992855 1.7838468301 1.87077911883 0.7903992855
2.66611269974 5.05326473846 1.59330835554 2.66611269974 5.05326473846 1.59330835554
1.32893435972 1.21304859919 1.14421382595 1.80439249515 1.64704582482 1.55358376077
6.69403031955 6.81796783178 1.06614803446 6.69403031955 6.81796783178 1.06614803446
1.97817268795 2.01266180078 1.99073186381 1.86412598994 1.8966267175 1.87596109729
8.57850469091 8.59954826673 0.591358815355 8.57850469091 8.59954826673 0.591358815355
1.3004063737 1.3566627503 0.286030748685 2.52406622139 2.63325887286 0.555180723224
0.994785588129 0.65506966083 0.660636274186 2.06135554378 1.35740956948 1.36894448659
1.24131755114 1.245172477 0.560365657064 1.24131755114 1.245172477 0.560365657064
7.58639333406 7.64106668014 0.920102535408 7.58639333406 7.64106668014 0.920102535408
1.7818851775 1.44007237732 1.44178799923 3.87306779252 3.13011074672 3.13383978606
12.6096786534 12.6176931307 0.509190147299 12.6096786534 12.6176931307 0.509190147299
1.80830547954 2.16889863111 0.994895920177 1.80830547954 2.16889863111 0.994895920177
1.15042444967 1.38470274594 0.589058354906 1.15042444967 1.38470274594 0.589058354906
2.84041408473 3.15994036181 1.11287934432 2.84041408473 3.15994036181 1.11287934432
2.38614534541 2.49404367808 1.09238542298 2.38614534541 2.49404367808 1.09238542298
7.67607527468 7.90205636283 1.33575550612 6.91770523702 7.12136016496 1.20378742123
2.03521743712 2.04908811115 1.50275043901 5.84579439921 5.88563540445 4.31637914432
0.748543933643 0.76479852934 0.623512818368 2.93591590264 2.99966917596 2.44552272308
15.85183484 16.6540077181 0.724462935251 19.31687863 20.2943980328 0.88282288665
3.80672348419 3.82752010475 0.425569938085 7.60511300973 7.64666072135 0.850208187203
39.3461413337 39.4424594794 4.28028190094 39.3461413337 39.4424594794 4.28028190094
1.85219111395 1.89915428303 0.952463131615 3.21065471523 3.29206236216 1.65103386015
0.505352436184 1.67459160394 0.483512164984 0.804878605945 2.66713457618 0.770093442604
0.595867962173 0.732047708919 0.572566936173 0.721095490847 0.885894754371 0.69289752444
0.667074644029 0.66716068689 0.640425119933 0.614536393229 0.614615659425 0.589985763752
6.52103994131 6.7747364127 1.3694885847 6.52103994131 6.7747364127 1.3694885847
1.44766613203 1.10709854244 1.09354108926 1.44766613203 1.10709854244 1.09354108926
0.536714501988 0.682194894149 0.3755431079 0.536714501988 0.682194894149 0.3755431079
5.04978152991 5.06322654391 1.25718149882 5.80584526779 5.82130329709 1.44540931374
3.29897319009 3.33451801423 0.517359166846 3.29897319009 3.33451801423 0.517359166846
5.94445451413 230.221639018 0.83773615133 5.94445451413 230.221639018 0.83773615133
0.908497201241 0.907904799431 0.485276495778 0.861201037947 0.860639476444 0.460013108774
1.23809362776 1.35072128325 0.235256836478 1.23809362776 1.35072128325 0.235256836478
6.7098778451 6.75797539279 2.46473035882 6.7098778451 6.75797539279 2.46473035882
8.53625269041 8.59516792174 3.40694857929 8.53625269041 8.59516792174 3.40694857929
43.7387029379 44.4952111663 1.82990859848 43.7387029379 44.4952111663 1.82990859848
16.6267716425 16.9104840866 0.827162931054 16.6267716425 16.9104840866 0.827162931054
1.85582767792 1.86537409433 1.00511998604 1.85582767792 1.86537409433 1.00511998604
7.90014329435 7.99201019101 0.634867094511 7.90014329435 7.99201019101 0.634867094511
0.901219553885 1.87596390839 0.530791924846 0.901219553885 1.87596390839 0.530791924846
7.75913241797 7.83542068145 0.836511200475 7.75913241797 7.83542068145 0.836511200475
0.820274382198 3.73169080274 0.683180220635 1.90174198189 8.65163318155 1.58389989371
1.70385205867 1.72768621489 0.141397317209 1.70385205867 1.72768621489 0.141397317209
1.03014432635 0.51554245091 0.51554245091 1.62779846371 0.814642364281 0.814642364281
3.27838623879 3.31754606886 1.36677073509 3.27838623879 3.31754606886 1.36677073509
1.56112607299 1.59107015206 0.817112109141 1.56112607299 1.59107015206 0.817112109141
1.71209806588 1.73621630655 0.854542815688 1.71209806588 1.73621630655 0.854542815688
2.28903617332 2.30319785728 1.41768012396 3.97690854267 4.0015126632 2.46303848818
0.573823326157 1.50005294151 0.540927341863 0.573823326157 1.50005294151 0.540927341863
0.449389862455 0.484488186836 0.297825337665 0.449389862455 0.484488186836 0.297825337665
5.75845777402 5.76865394878 0.415372111906 12.58424883 12.6065310461 0.907733670784
8.15475448332 8.26874990179 1.3011292739 8.15475448332 8.26874990179 1.3011292739
6.19883591984 6.23289816122 0.658753434688 6.19883591984 6.23289816122 0.658753434688
74.4194677969 74.9071802397 1.92791541894 91.2659199881 91.864036665 2.36434067022
2.07025868548 2.09276973685 1.53305808989 2.07025868548 2.09276973685 1.53305808989
3.46493542681 3.4725621328 1.19299693524 3.46493542681 3.4725621328 1.19299693524
34.346384898 34.3959653399 1.29021049981 34.346384898 34.3959653399 1.29021049981
0.741172821711 0.748203177476 0.604899139907 2.83508803821 2.86198011648 2.31382245225
8.89541966014 9.71799683355 0.748887369187 10.8598367389 11.8640674722 0.914267665376
1.88387483068 1.92271566291 0.757052914205 1.26732146388 1.29345049303 0.509285113767
1.92231802858 1.94775087376 1.11385355131 2.50479308837 2.53793225363 1.45135853448
11.1195177878 11.1226861547 1.41783396441 13.137845347 13.141588811 1.6751880529
0.845161286443 0.854366358884 0.50946462638 1.79123551827 1.81074475629 1.07975974374
2.22743162014 2.24266024107 1.40039864247 2.92720208188 2.94721493007 1.84034822197
2.18739898726 2.26309848388 1.4209457908 2.09738443865 2.16996879439 1.36247187054
5.42031564395 5.43170151035 0.43244382939 8.57561815041 8.59363201694 0.684180294276
1.16821005149 1.1805483804 0.472038884388 1.55382459489 1.57023568372 0.627854235095
6.57840994551 6.64524282895 0.93544325683 7.90342361365 7.9837178783 1.12385886354
1.9327668461 2.00948973906 0.473959144616 1.36417177496 1.41832378263 0.334526478905
83.9810550974 84.7922327201 0.539578459129 83.9810550974 84.7922327201 0.539578459129
1.66148806103 2.12125726833 1.5997426548 1.66148806103 2.12125726833 1.5997426548
1.2446007463 1.25501747666 0.939657826979 1.73752269923 1.75206495747 1.31180766903
8.31699923582 8.43269353708 1.49247403732 8.31699923582 8.43269353708 1.49247403732
2.38543101381 2.49426394612 0.504537148082 3.88107906592 4.05814946236 0.820878303362
1.8229741894 1.84234695406 0.728379317853 1.8229741894 1.84234695406 0.728379317853
1.22165620293 1.59311104657 1.22270785068 1.22165620293 1.59311104657 1.22270785068
1.18087840049 1.54379530881 0.673674600563 1.18087840049 1.54379530881 0.673674600563
2.10315328406 2.117979754 1.95786888855 2.10315328406 2.117979754 1.95786888855
5.28548976535 5.49408587585 0.400288727661 14.2918508374 14.8558902413 1.08237212474
1.0865161349 1.09607228118 0.92860665349 1.0865161349 1.09607228118 0.92860665349
20.8093463809 20.8588954752 0.602667728037 20.8093463809 20.8588954752 0.602667728037
2.36933008856 2.43783249334 1.05481966728 2.24096997743 2.30576121662 0.997674075631
2.30280989303 2.3072225829 1.20703013616 2.30280989303 2.3072225829 1.20703013616
1.44771823628 1.47849432536 0.804452848454 1.44771823628 1.47849432536 0.804452848454
2.72598224517 2.73278570322 2.3022951703 3.83362803456 3.84319593528 3.23778459098
3.26285717943 3.3652454982 2.80543541615 3.26285717943 3.3652454982 2.80543541615
7.73361735306 8.02364794926 5.61761976606 9.06697666161 9.4070116707 6.58615819575
1.91379861836 1.91909191702 0.656333358042 5.04097120263 5.05491382223 1.72879085891
1.32050428832 1.33340281688 0.397629032552 1.32050428832 1.33340281688 0.397629032552
0.529084515671 0.540488255619 0.43508435414 0.529084515671 0.540488255619 0.43508435414
6.4529813316 6.53585610401 1.16324935568 6.48895611028 6.57229290195 1.16973436408
9.18015708382 9.28311786097 0.312616115367 23.950987489 24.2196116816 0.815614003077
1.05320054971 1.08364545531 1.00554140485 1.05320054971 1.08364545531 1.00554140485
15.9823258488 16.0239795719 0.389440026387 44.394064103 44.5097655391 1.08174652796
1.99201492221 2.23840340444 2.16554077558 7.29613290666 8.19857750833 7.93170429459
2.54066864637 2.55274722702 0.922992458362 2.84391597234 2.85743621965 1.03315833745
1.38309542142 1.4018376782 1.24568290203 1.11254797852 1.12762406046 1.0020147367
0.844284902236 1.33400772621 0.663008475877 1.99790741241 3.15678264215 1.56893667639
3.01390698089 3.03208510436 3.03208510436 3.89103908371 3.91450755482 3.91450755482
2.0717548317 2.20482112992 1.04840574412 2.0717548317 2.20482112992 1.04840574412
2.66469540858 6.49269335849 0.839213789875 2.66469540858 6.49269335849 0.839213789875
2.64655039486 2.66520596873 0.425049219003 6.13832642902 6.1815955851 0.985845899519
1.68783941335 5.06200791841 1.02380633193 1.68783941335 5.06200791841 1.02380633193
1.32768106096 1.31708893249 1.31708893249 1.32768106096 1.31708893249 1.31708893249
2.38716453364 2.42675879733 0.70308917335 5.51862653282 5.61016021265 1.62539553194
1.77850420861 1.79225218632 0.888906460906 1.77850420861 1.79225218632 0.888906460906
4.57016906359 4.63761568534 1.63501492716 4.57016906359 4.63761568534 1.63501492716
1.59563879475 1.89617979581 1.18497221674 1.02592293787 1.21915708821 0.761883066452
2.71464387232 2.71800461193 1.57398598884 2.71464387232 2.71800461193 1.57398598884
1.50321691869 1.50852924995 0.698602444524 4.41921989504 4.43483730839 2.0537806508
19.3792386364 19.5288380525 0.369981832663 19.3792386364 19.5288380525 0.369981832663
1.18789002799 1.42820735124 0.536937481173 1.18789002799 1.42820735124 0.536937481173
1.74214524177 3.32518673623 1.4742119632 1.74214524177 3.32518673623 1.4742119632
5.65958852369 5.70492365633 1.55104674109 6.53872674261 6.59110405643 1.79198024071
1.3134243971 1.32872014594 0.513348352595 2.54127767222 2.57087263412 0.993251464946
1.10616029993 1.13010888419 0.880959221807 1.10616029993 1.13010888419 0.880959221807
1.63062374947 1.65227326672 1.62423719949 1.63062374947 1.65227326672 1.62423719949
1.37058073827 1.36648900798 0.82498534504 1.37058073827 1.36648900798 0.82498534504
1.02714525034 2.1947325751 0.969046157269 1.43064734566 3.05690780536 1.34972469791
1.04392044372 1.07833931898 1.05884816812 2.76458743783 2.85573805257 2.80412014324
1.63285147818 1.65765060488 0.230003412144 1.63285147818 1.65765060488 0.230003412144
1.63590726526 1.66434772699 0.737065168952 3.68982413855 3.75397221373 1.66246639394
2.87766466465 3.2306196638 1.0323854406 2.87766466465 3.2306196638 1.0323854406
5.58631164783 5.70437574133 1.22610260965 5.58631164783 5.70437574133 1.22610260965
2.15860648408 2.19048508626 1.89538977385 2.15860648408 2.19048508626 1.89538977385
8.92715575878 10.3934153992 4.04741225499 8.92715575878 10.3934153992 4.04741225499
2.71457291504 2.74519214987 2.62406947175 3.30405363461 3.34132196274 3.19389699483
5.70116897118 5.76311913045 1.18132100641 6.17129174001 6.23835035696 1.27873364322
0.986161407793 1.00127440318 0.853803574616 0.986161407793 1.00127440318 0.853803574616
2.84013844086 2.88781519487 0.619233916609 2.84013844086 2.88781519487 0.619233916609
1.55390044354 -0.40851760203 -0.40851760203 2.00587555232 -0.527341036557 -0.527341036557
1.43991088162 1.52815821755 0.741122582864 1.135563928 1.20515885412 0.584475110279
1.33307345103 1.35511517217 0.400960995148 1.33307345103 1.35511517217 0.400960995148
1.90298583889 1.93965167536 0.849182510492 1.90298583889 1.93965167536 0.849182510492
4.63911770694 4.88807789994 0.865438006435 4.63911770694 4.88807789994 0.865438006435
1.76801130547 1.81761802995 1.38571507057 1.76801130547 1.81761802995 1.38571507057
1.87488020981 1.88032718661 0.609038304555 1.87488020981 1.88032718661 0.609038304555
4.49958694538 4.54126702175 1.40697998642 4.54008820275 4.58214344588 1.41964436189
2.94923290368 3.07180510837 1.04038435946 2.94923290368 3.07180510837 1.04038435946
0.795454814241 5.55611679375 0.710885639684 1.14503120057 7.99784848735 1.02329663848
2.62453807046 4.58722730597 1.03735581873 2.62453807046 4.58722730597 1.03735581873
2.70400834444 2.73051703366 0.9602374033 3.86592227698 3.90382176512 1.37285196484
1.25537979639 1.26472802914 1.21636562579 1.20853542843 1.21753483285 1.1709770676
1.46031021619 1.51520753062 1.35865952799 3.30233090255 3.42647513978 3.07245905395
1.17571233565 1.18501022965 0.733288405925 1.17571233565 1.18501022965 0.733288405925
1.51677616856 1.59521170804 0.475763059792 1.51677616856 1.59521170804 0.475763059792
10.5067481098 10.6006603971 1.35683915912 10.5067481098 10.6006603971 1.35683915912
2.06494700873 2.11599914504 1.27326388052 2.06494700873 2.11599914504 1.27326388052
136.764871645 141.156351026 2.94090057112 136.764871645 141.156351026 2.94090057112
1.46108819964 2.57489461679 0.951575633051 1.46108819964 2.57489461679 0.951575633051
1.1576647334 1.15690094851 1.01601983942 1.1576647334 1.15690094851 1.01601983942
1.15842679136 2.5028828962 1.14903136786 1.15842679136 2.5028828962 1.14903136786
1.36845779458 2.11722305414 1.27072389129 1.78173057543 2.75662213736 1.65448113856
2.6125814086 2.63753312903 0.834859156417 2.6125814086 2.63753312903 0.834859156417
1.34377832048 1.36476733703 1.25672982578 1.34377832048 1.36476733703 1.25672982578
14.3323142959 14.3670458258 6.83257760938 20.0735804469 20.1222248002 9.56958474887
1.55751035564 1.57508876071 1.57508876071 1.55751035564 1.57508876071 1.57508876071
