2.93405609818 3.05050668748 0.825831608487 5.24530940278 5.45349198368 1.47636655748
1.54196605097 1.56714811366 1.06241368814 1.57697020671 1.60272392716 1.08653153054
10.1758809994 10.2891513252 1.24410848441 15.1150469925 15.2832964343 1.84797347834
185.428843608 193.112928628 1.0598636975 185.428843608 193.112928628 1.0598636975
0.917119727587 -0.233342661469 -0.233342661469 1.41102994179 -0.359008177586 -0.359008177586
1.74747956693 -0.337720917619 -0.337720917619 1.81546896115 -0.350860665309 -0.350860665309
1.97377146384 2.02561162722 1.19060749436 1.55208083086 1.59284549147 0.936237605477
7.82332229209 8.05825616078 1.64314997307 7.82332229209 8.05825616078 1.64314997307
1.84429183765 1.85508039442 1.1959068981 5.2913397549 5.32229251311 3.43109999397
0.733089799561 0.73321076323 0.666161039134 0.854598643155 0.854739656422 0.776576512875
0.65128496728 0.668766341384 0.300360558782 0.65128496728 0.668766341384 0.300360558782
1.36087883947 -0.219075173476 -0.219075173476 1.36087883947 -0.219075173476 -0.219075173476
34.3735910815 35.1917089998 0.674253022076 34.3735910815 35.1917089998 0.674253022076
1.64278156559 0.993915846166 0.745775396938 1.64278156559 0.993915846166 0.745775396938
1.74854143678 1.74027805138 1.49187568987 1.74854143678 1.74027805138 1.49187568987
3.78172437258 3.86175855005 1.52686633793 7.90258995958 8.06983569855 3.19066050377
1.33609588448 1.35857546699 1.33244429074 1.33609588448 1.35857546699 1.33244429074
2.0484000621 2.08499327816 0.80183269469 2.0484000621 2.08499327816 0.80183269469
1.46965728022 1.48979280936 1.36117694948 1.46965728022 1.48979280936 1.36117694948
1.89776343356 1.90419107266 1.39600672272 1.40710721555 1.41187302418 1.03507692147
2.19702162212 2.05151485387 1.45349561104 2.19702162212 2.05151485387 1.45349561104
2.54411584105 4.51468246118 1.44687053931 2.54411584105 4.51468246118 1.44687053931
1.96852565649 1.97702792173 1.29448073263 3.85011432207 3.86674336272 2.53179266011
1.860039505 1.91278539939 1.04423227143 1.860039505 1.91278539939 1.04423227143
7.20936737607 7.27246572281 3.49977004259 7.20936737607 7.27246572281 3.49977004259
13.7819867138 14.2264686063 1.32856628591 13.7819867138 14.2264686063 1.32856628591
1.17927819089 -0.326355460108 -0.326355460108 1.17927819089 -0.326355460108 -0.326355460108
18.0746781595 18.8281259152 0.855284756354 18.0746781595 18.8281259152 0.855284756354
3.35520592326 3.37741251571 1.08098258596 3.35520592326 3.37741251571 1.08098258596
1.93428263063 1.94807401987 0.880693495445 1.93428263063 1.94807401987 0.880693495445
4.10614099786 4.12975348762 3.04703884099 4.10614099786 4.12975348762 3.04703884099
5.53096464132 5.60540439542 0.884798140166 5.53096464132 5.60540439542 0.884798140166
2.57749350567 2.64376292289 1.22781534999 2.57749350567 2.64376292289 1.22781534999
1.02300669578 -0.294697661816 -0.294697661816 1.71225674285 -0.493250005722 -0.493250005722
3.22547651689 3.24790076993 1.95055824575 3.91688450335 3.94411558339 2.36867679106
2.82397081077 2.8291894575 0.982723446157 2.82397081077 2.8291894575 0.982723446157
81.0996643081 81.2306382498 0.720219997803 184.794804461 185.093243476 1.64110313894
1.41338686404 1.42631470494 0.823271106564 1.41338686404 1.42631470494 0.823271106564
4.02623589091 4.0805822547 0.913621822636 4.02623589091 4.0805822547 0.913621822636
0.603471771851 0.610890858604 0.483684606794 2.11736589604 2.14339680917 1.69707571859
2.13808945341 2.14807200017 0.248849591935 18.5864091228 18.6731873902 2.16324921222
0.936037343678 1.45058996661 0.930828291266 0.936037343678 1.45058996661 0.930828291266
3.76863104622 3.8089429315 0.886926691304 3.76863104622 3.8089429315 0.886926691304
1.14279560514 1.15774592416 0.764279230655 2.16613706072 2.19447497168 1.44866987484
3.14817428474 3.15568683244 0.534517409598 14.1345433299 14.1682728573 2.39985426574
15.0941266655 13.3218446368 0.930327906154 16.9852669705 14.990936058 1.0468885154
3.55077551194 3.59794606915 1.36807918885 3.55077551194 3.59794606915 1.36807918885
1.50911019437 1.16135363199 1.08393020267 1.50911019437 1.16135363199 1.08393020267
1.75109731441 1.78772166058 0.679602197971 1.75109731441 1.78772166058 0.679602197971
2.60523648756 2.68415884768 0.911621147111 2.60523648756 2.68415884768 0.911621147111
31.5041043623 31.7240571959 1.11747303476 31.5041043623 31.7240571959 1.11747303476
1.00707598337 -0.264677685623 -0.264677685623 1.3530542859 -0.355607007643 -0.355607007643
2.38927377575 2.4010252463 1.22767589756 2.38927377575 2.4010252463 1.22767589756
1.15970860823 1.19348877122 0.62122707745 1.15970860823 1.19348877122 0.62122707745
1.88876221911 1.9038663544 1.3457322705 3.44796501261 3.47553784814 2.45665533652
2.31862575509 2.40423561084 1.01339771716 4.31655764551 4.47593648299 1.8866303259
13.1122658772 13.2504774477 0.625438740169 13.1122658772 13.2504774477 0.625438740169
18.3039133855 18.7349094707 0.404005674018 18.3039133855 18.7349094707 0.404005674018
1.27893291145 1.3034692554 0.527044520378 2.34747369968 2.39251001206 0.967387060783
6.99338812618 14.139106187 2.06926298926 6.99338812618 14.139106187 2.06926298926
1.26328021453 1.12057759314 1.11152970731 1.26328021453 1.12057759314 1.11152970731
2.39716865494 2.40258378805 0.5072836564 8.89106168949 8.91114633494 1.88150728312
1.96195957263 1.98976235034 0.662338913352 1.96195957263 1.98976235034 0.662338913352
24.5890069094 25.3359953225 3.69384016723 24.5890069094 25.3359953225 3.69384016723
5.38463820982 5.41312279276 2.37248378661 5.38463820982 5.41312279276 2.37248378661
1.96424289585 2.70135751545 0.548213558026 11.5638068247 15.903316509 3.22741942817
1.3936311556 1.32809484591 1.12604076003 1.64366556107 1.56637123911 1.32806618896
1.4697424285 0.897368807072 0.897368807072 1.4697424285 0.897368807072 0.897368807072
17.3236161517 18.1570526697 3.71613764543 18.3140815909 19.1951692493 3.92860517372
23.9310316005 24.6981475051 1.75000771501 23.9310316005 24.6981475051 1.75000771501
1.22544561025 1.24434474139 0.850062888626 1.22544561025 1.24434474139 0.850062888626
0.919974607575 1.625371536 0.632845442451 0.919974607575 1.625371536 0.632845442451
7.1529084698 7.18174508837 1.13210784137 7.70617970034 7.7372468062 1.21967539534
1.23680894492 1.25410507002 1.07927996175 1.23680894492 1.25410507002 1.07927996175
1.04905677864 1.05559102644 0.879211543613 1.22619789444 1.23383549906 1.02767301589
1.39663915121 -0.376787102126 -0.376787102126 1.39663915121 -0.376787102126 -0.376787102126
36.4084664506 36.6364638627 7.9814813978 36.4084664506 36.6364638627 7.9814813978
2.21051466062 2.27842617202 0.829656635197 4.18480329528 4.31336897357 1.570652248
6.69956000053 6.7864101337 1.85992499264 6.69956000053 6.7864101337 1.85992499264
1.82846167231 1.88755603568 0.937184868583 1.98419673211 2.04832432333 1.01700745593
2.01540967794 -0.42113464142 -0.42113464142 2.56692547049 -0.536377913333 -0.536377913333
1.97759255057 2.11829441987 0.967336172126 1.97759255057 2.11829441987 0.967336172126
0.97594851524 -0.199741743479 -0.199741743479 1.66395995259 -0.340553068958 -0.340553068958
3.05299912604 3.09354929736 0.626145740334 3.05299912604 3.09354929736 0.626145740334
6.26515459553 6.3457119137 0.346086479614 6.26515459553 6.3457119137 0.346086479614
2.53118066875 2.49722529675 1.32865639354 2.53118066875 2.49722529675 1.32865639354
1.2899999269 -0.19959212791 -0.19959212791 2.53190046096 -0.391742193254 -0.391742193254
3.04771206548 3.07258072516 0.398493939707 10.9809431725 11.070545252 1.43577845036
1.12126747113 -0.296330069916 -0.296330069916 2.20685679457 -0.583231071147 -0.583231071147
3.62100745403 3.66418148951 1.26736634921 5.08470352017 5.14532951252 1.77966552651
2.77349632608 2.79079368254 0.613000162776 2.77349632608 2.79079368254 0.613000162776
1.16175216466 1.18351136983 0.942495147966 1.16175216466 1.18351136983 0.942495147966
5.09061443842 5.1218922128 1.5080590373 6.52444429475 6.56453181249 1.93282113605
5.80902828075 6.92795188087 1.03470065715 5.80902828075 6.92795188087 1.03470065715
1.47364549201 0.966259248889 0.966259248889 2.72728578905 1.78826259933 1.78826259933
2.96553959275 3.2133716129 0.752730806404 2.96553959275 3.2133716129 0.752730806404
1.74167021488 -0.421668310291 -0.421668310291 1.14795254938 -0.277925871187 -0.277925871187
3.12470271277 3.32824285214 0.737937578679 3.12470271277 3.32824285214 0.737937578679
5.43611779839 6.05246848627 1.02546494472 5.43611779839 6.05246848627 1.02546494472
1.75938749911 1.81420897538 0.799607440761 1.75938749911 1.81420897538 0.799607440761
0.953124099735 0.572100602264 0.571604863158 2.60803137664 1.565437619 1.56408112917
1.01379710458 1.01542222991 1.01542222991 0.935031475968 0.936530339322 0.936530339322
4.71633633514 4.7531305878 0.563747331652 9.00013952663 9.07035364712 1.07579364195
1.63893653828 1.67390968839 0.463720785402 1.63893653828 1.67390968839 0.463720785402
3.17225364635 3.28717083798 0.842047687709 3.17225364635 3.28717083798 0.842047687709
18.1294167354 18.359776211 2.49532608193 27.2441676651 27.5903427389 3.74987696226
4.67984422003 4.72216063551 1.16934690392 4.67984422003 4.72216063551 1.16934690392
0.954794984626 0.978040563305 0.93723426587 0.954794984626 0.978040563305 0.93723426587
3.01836019994 1.80159852551 1.77007970073 3.58115870569 2.13752163971 2.10012586642
1.22688618236 1.07977971844 1.02301146436 1.20026520244 1.056350655 1.00081415866
2.47822188998 2.53704436117 1.67148088405 3.92150868141 4.01458865636 2.64493136152
2.43581837209 2.57901081438 0.877637784381 2.43581837209 2.57901081438 0.877637784381
3.02230898102 3.07398167427 1.60394114826 3.69440739396 3.75757101528 1.96062417007
1.23335421442 1.24627093694 0.90163614069 1.23335421442 1.24627093694 0.90163614069
1.65946966768 1.65654560865 1.50405403646 2.65772920207 2.65304616553 2.40882277757
5.58233399431 5.58987355456 0.568943104253 5.58233399431 5.58987355456 0.568943104253
2.28301731601 1.39103980104 1.13577294403 2.28301731601 1.39103980104 1.13577294403
2.58501743558 2.67191165861 0.872661818598 2.58501743558 2.67191165861 0.872661818598
0.943941595976 0.943886672513 0.84083064278 0.943941595976 0.943886672513 0.84083064278
7.07002091482 7.1096373799 2.28532932576 10.1113955742 10.1680542114 3.26843005256
1.51725999521 -0.218707724437 -0.218707724437 1.51725999521 -0.218707724437 -0.218707724437
4.16049479763 4.192332084 0.455119022613 8.20499508058 8.26778203039 0.897549335657
5.69347093693 4.07147274084 3.03498989581 6.0196826264 4.30475082659 3.20888191922
5.79457532901 5.81154534796 1.69824926732 5.79457532901 5.81154534796 1.69824926732
1.98401415159 2.00715442908 1.76544976477 1.77987525699 1.80063458843 1.58379936517
4.0784536271 4.13619518182 1.66118007938 12.2199078719 12.3929137569 4.97724612921
2.10001408522 2.14812787108 0.894570818131 3.0476663896 3.11749200129 1.29825482349
2.91433399125 3.49665953848 1.35656287797 2.91433399125 3.49665953848 1.35656287797
2.37604916798 2.46292354987 0.516769325892 4.0589430615 4.20734831101 0.882783613233
3.42711753997 3.5128533375 1.18976812025 3.42711753997 3.5128533375 1.18976812025
0.86217525239 0.893122583597 0.68197584534 1.66531537806 1.72509100537 1.31725523269
26.4385431995 26.7534691506 0.989310756007 26.4385431995 26.7534691506 0.989310756007
2.14243069668 2.22587317587 0.949212022522 2.14243069668 2.22587317587 0.949212022522
0.500676371624 0.512964773242 0.185218366044 2.24868560947 2.30387645419 0.83187044154
1.14225842221 -0.26530782434 -0.26530782434 1.14225842221 -0.26530782434 -0.26530782434
1.11623435004 1.13835377008 0.258457471646 4.81365425903 4.90904214999 1.11457321585
2.76667720415 2.83701996864 1.00533127927 2.76667720415 2.83701996864 1.00533127927
1.59432871978 2.00146835949 0.927104566895 2.43358778904 3.05504686668 1.41513498764
2.12628467306 2.16584803301 1.20208575774 3.31336554582 3.37501668567 1.87319674702
1.44394097568 1.05935417274 0.568408069587 1.44394097568 1.05935417274 0.568408069587
1.10748499677 0.998491313651 0.998435805513 1.10748499677 0.998491313651 0.998435805513
1.48968542912 -0.431679849277 -0.431679849277 1.48968542912 -0.431679849277 -0.431679849277
7.47146662208 7.47772405424 2.21710302531 22.6232189914 22.6421661761 6.71327462268
9.45050013564 9.7169526427 0.908528408553 9.45050013564 9.7169526427 0.908528408553
15.1803773674 15.3164632419 1.7895955487 34.4458603008 34.7546533505 4.06077904215
2.63055605194 2.67168990277 1.18686094013 2.74129647959 2.784161972 1.23682508668
1.3338209833 -0.29233931144 -0.29233931144 1.53468203487 -0.3363628965 -0.3363628965
1.82729241189 1.85770127588 0.681273267311 2.3030351815 2.3413611129 0.858645443186
0.872005147991 0.875526259677 0.827616858096 1.71362703105 1.72054656837 1.62639707191
10.3537239708 10.3716484855 0.747752425929 14.4244204261 14.4493921885 1.04174067192
1.2544370072 1.39340833702 0.868924155701 1.34446280116 1.49340753277 0.931283275014
1.35464381048 0.767637089659 0.715430876811 4.21037464833 2.38589636361 2.22363399371
1.90918178847 1.92687575219 0.631006712274 2.08488449356 2.10420683929 0.689078493047
10.963322924 11.25525749 0.282673210498 10.963322924 11.25525749 0.282673210498
1.50126478834 1.52792125951 1.12526675035 1.50126478834 1.52792125951 1.12526675035
12.4053956705 13.4543501547 3.30118967477 12.4053956705 13.4543501547 3.30118967477
1.15642828274 1.19535785372 1.052222038 1.15642828274 1.19535785372 1.052222038
13.3922764843 13.5507092074 3.07609154364 16.360182195 16.5537257062 3.75779414061
1.16814524296 1.23042035502 0.856547551991 1.16814524296 1.23042035502 0.856547551991
1.82125849701 1.839694503 1.29316352843 3.78024960658 3.8185158409 2.68412250518
0.876915803484 2.00320664774 0.868634853624 1.28581922069 2.93729637491 1.27367688678
1.30749147692 1.57681823335 1.30891361025 1.30749147692 1.57681823335 1.30891361025
3.56568135201 1.05702875376 1.03530710564 3.56568135201 1.05702875376 1.03530710564
7.09551767519 7.28491451536 1.29834374149 6.55352768649 6.72845747916 1.19916996137
1.37507222572 1.39399395754 1.36521426647 1.41197441384 1.43140393957 1.40185190102
3.47272674759 2.09268996501 0.849836453181 3.47272674759 2.09268996501 0.849836453181
1.07482663776 0.730622395845 0.631319186638 1.07482663776 0.730622395845 0.631319186638
1.72827563909 1.73620339741 0.963248074779 1.72827563909 1.73620339741 0.963248074779
1.30901423878 1.33079314993 1.29062201222 2.00192364705 2.03523093733 1.97379573814
8.06258332262 8.10171945063 3.1440505664 16.5270031911 16.6072259791 6.44479959644
1.31098573537 1.32493731473 0.928895208497 2.16469417541 2.18773096502 1.53378789192
3.02185424891 3.12339024553 0.572574455371 3.02185424891 3.12339024553 0.572574455371
3.09363587416 3.15582176192 2.68869810451 3.09363587416 3.15582176192 2.68869810451
1.92506186385 1.17148882236 1.16505617316 1.64939057089 1.00373014176 0.998218656062
4.31149331962 4.82198626369 2.09377782237 4.31149331962 4.82198626369 2.09377782237
2.97376978629 3.04345729581 1.25537262772 2.97376978629 3.04345729581 1.25537262772
1.75885336625 0.990654833666 0.887765014782 2.7611775296 1.55520290594 1.39367889184
1.38000411302 1.39332675143 1.20582243596 1.52837838097 1.54313343302 1.33546916637
2.36581635803 2.37244342851 0.325933861412 2.33933325939 2.34588614602 0.322285337056
5.22831030669 5.24671986745 1.12032353196 5.22831030669 5.24671986745 1.12032353196
1.39546354832 0.876892115459 0.823239572633 3.75822325725 2.36162123073 2.21712570843
1.02887728188 1.03767627824 0.650504168732 1.02887728188 1.03767627824 0.650504168732
1.03211927946 1.03277638808 0.952330926367 1.03211927946 1.03277638808 0.952330926367
1.83845602968 -0.466766914089 -0.466766914089 1.41929473877 -0.360345754646 -0.360345754646
1.84101319057 -0.331188273912 -0.331188273912 1.84101319057 -0.331188273912 -0.331188273912
6.90833388288 6.96067486955 1.03896800548 6.90833388288 6.96067486955 1.03896800548
0.631674916197 1.4280528311 0.631868382417 0.611279725029 1.381944604 0.611466944713
1.03397715063 1.05744659092 0.971183425944 1.03397715063 1.05744659092 0.971183425944
1.28902263765 1.32352438425 0.756028333559 3.286620342 3.37458942717 1.92764504488
3.48867990832 3.54992288036 2.36735380124 3.48867990832 3.54992288036 2.36735380124
10.6402050905 10.7225652056 2.61801783996 10.6402050905 10.7225652056 2.61801783996
1.14978070762 -0.180655321674 -0.180655321674 2.74487858135 -0.431279564687 -0.431279564687
2.09346238547 2.12839238267 0.7280702507 2.09346238547 2.12839238267 0.7280702507
1.68139046711 1.70348071761 0.574842355011 1.68139046711 1.70348071761 0.574842355011
2.89598181432 3.10088547736 0.94820054103 8.71832069585 9.33518086994 2.85454706925
1.38561165595 1.41002245495 1.32874967629 1.38561165595 1.41002245495 1.32874967629
0.506219518526 0.739675593122 0.267380978839 0.674749322955 0.985927226036 0.356397032987
1.12124658059 1.12144153538 0.971691963515 1.4780195452 1.47827653327 1.28087767566
1.14839840358 1.38261867999 1.07690224058 1.14839840358 1.38261867999 1.07690224058
2.78416312131 2.80918910133 1.26130564006 3.2932055455 3.32280715022 1.4919164386
