1.26832829744 2.40437224257 1.27235093499 1.26832829744 2.40437224257 1.27235093499
1.30581174028 1.32812972652 0.760612341812 1.96277545749 1.99632179064 1.14328213718
1.30258807277 1.6260865844 0.286515803235 7.68912629894 9.59872532369 1.69129154778
3.45954617131 8.16513839649 0.995112752058 6.05069691141 14.2807105992 1.74043801043
4.24974718742 4.32436597942 1.71394196007 4.92217453828 5.00860008357 1.98513490424
2.52058788072 2.58474917525 1.49090057354 2.52058788072 2.58474917525 1.49090057354
1.54122628795 1.5600427725 1.5600427725 2.19068228015 2.21742782661 2.21742782661
7.21950413683 6.24632598646 1.42828238732 8.67410112228 7.50484551604 1.71605495668
1.99530763688 2.02045195267 2.02045195267 1.55663594368 1.57625223994 1.57625223994
1.0751480815 1.09722757456 1.06165070924 1.0751480815 1.09722757456 1.06165070924
1.3662134851 3.03950091452 1.13999245404 1.72391504111 3.83530202354 1.43846489564
2.47222637389 2.65791530974 2.32503949545 2.21291545115 2.37912754223 2.08116695071
2.41186597164 2.50829070179 1.75347648462 2.64777189693 2.75362798249 1.92498497533
2.25522178082 4.90076470659 2.26238047829 2.0316718275 4.41497402705 2.0381209156
1.13652388462 2.842825983 1.0399024919 1.13652388462 2.842825983 1.0399024919
4.84644388165 6.17994183798 2.63201136465 5.62012717102 7.16650391238 3.05218402321
2.474124561 2.51944315756 1.90804281758 3.6677970719 3.73498019534 2.82860207191
1.18763624927 1.20215931277 1.10113730681 1.18763624927 1.20215931277 1.10113730681
3.74453315227 3.75020456788 3.75020456788 3.74453315227 3.75020456788 3.75020456788
2.97310538897 2.99964436529 1.63168404719 2.97310538897 2.99964436529 1.63168404719
1.06974908847 1.53032903402 1.06587856841 1.4417369744 2.06247612185 1.4365205438
3.30901720238 3.41357802794 1.31295255926 3.30901720238 3.41357802794 1.31295255926
3.79003753671 4.01053053939 0.761745098389 3.79003753671 4.01053053939 0.761745098389
3.52138504557 3.8279191841 3.40350976221 5.10984813246 5.55465688668 4.93880043708
16.162741877 16.2037520012 2.5852406713 17.6115795054 17.6562658011 2.81698315606
2.36801841447 2.39213215538 2.39213215538 2.36801841447 2.39213215538 2.39213215538
2.74534416657 2.78582240314 2.37258787088 2.74534416657 2.78582240314 2.37258787088
1.66069841597 1.84346995694 1.03497948101 2.58729183483 2.87204149863 1.61245048149
3.70434330997 3.77779343211 1.47288419287 4.81619444975 4.91169047724 1.91496739942
1.08850236899 2.93752806153 1.05831551612 1.08850236899 2.93752806153 1.05831551612
1.02490391141 1.34988214077 1.02756116708 1.02490391141 1.34988214077 1.02756116708
9.96401398545 7.2831970113 1.26013423332 11.2957277037 8.25661328581 1.42855411389
1.90717167624 1.93278310824 1.18579025422 1.90717167624 1.93278310824 1.18579025422
1.67444650033 1.70868798068 0.7557350958 3.69895425501 3.77459576964 1.66946483373
0.867954880196 1.19979515445 0.86728356367 1.51040825262 2.08787408664 1.50924003288
0.98316591033 2.57594158243 0.773461773533 2.00311579322 5.24825892756 1.57586169103
1.34930532523 2.28357136539 1.37285307515 1.36925478887 2.31733394164 1.39315069201
1.46535562798 1.47050748136 1.24484556768 1.46535562798 1.47050748136 1.24484556768
2.08825534676 3.06412950518 2.08924393581 2.08825534676 3.06412950518 2.08924393581
2.08331387261 2.09995200009 2.09995200009 1.6846499305 1.69810417792 1.69810417792
5.23996303635 5.2776826612 2.12376922231 5.23996303635 5.2776826612 2.12376922231
2.13244218999 2.15779863945 1.34784607004 2.13244218999 2.15779863945 1.34784607004
1.21320926071 1.22711831119 0.970557549302 1.21320926071 1.22711831119 0.970557549302
1.41832578835 2.26670918778 1.44921056154 1.41832578835 2.26670918778 1.44921056154
1.44352471168 1.46835001091 1.02643438535 2.47919535233 2.52183180045 1.76285957354
1.69680326161 1.88189201373 1.35785306502 2.44846991524 2.7155511093 1.95936821566
3.94608780708 3.97903154988 1.63823778833 4.14231513328 4.17689707139 1.71970252926
1.1483499118 1.33728399045 1.14767319265 1.33822737956 1.55840134777 1.33743876619
1.70123563199 1.71992727707 1.40930647639 2.95234966961 2.98478742905 2.4457314623
0.424751106533 1.98283224473 0.423208114998 1.45187866557 6.77769119196 1.44660443213
1.17099357672 1.95160906444 0.986132796974 2.04961156031 3.41593718295 1.72604634293
1.20201200268 1.60699200558 0.96313409487 1.37002008819 1.83160511234 1.09775364526
1.88828426636 1.97206593306 1.73293265887 2.1068489202 2.20032812625 1.93351571379
2.20647331602 2.24118310044 1.37338134756 2.20647331602 2.24118310044 1.37338134756
5.86572684268 5.91435491117 2.14284648566 5.86572684268 5.91435491117 2.14284648566
1.84548961623 1.86741961036 0.901417059027 3.51439539589 3.55615703449 1.71658292421
2.19390175315 2.35919843457 2.17899471813 2.19390175315 2.35919843457 2.17899471813
7.56038132798 7.60941275862 1.25684697232 7.56038132798 7.60941275862 1.25684697232
1.19198964391 2.30260022225 0.91039424377 2.00555125917 3.87418028225 1.5317602223
10.9002350312 11.0106753381 1.37547884532 16.9160009418 17.0873925064 2.13459630699
2.1148221487 2.13837488595 1.515717196 2.31551731741 2.34130519324 1.65955771637
4.97456213692 4.97910226456 4.30781664914 5.90554206337 5.91093186734 5.11401641443
8.05664767684 8.21618214008 3.60528044595 8.05664767684 8.21618214008 3.60528044595
2.41476109434 2.48477558031 2.48477558031 3.38714871682 3.48535697305 3.48535697305
1.11007030034 2.96999865054 1.10344996828 1.17257723526 3.13723626811 1.165584119
6.38931771218 6.43870688375 5.77087274256 12.5031514345 12.5998002974 11.2929265784
7.0351012299 7.04935174452 1.44539094707 14.2254349864 14.2542504593 2.92267506544
4.10484953038 4.23091801231 1.68413099123 4.10590141557 4.23200220309 1.68456255698
4.06733561491 4.12667038739 2.82631401574 4.06733561491 4.12667038739 2.82631401574
1.3174653712 2.03260115664 1.31410424075 1.3174653712 2.03260115664 1.31410424075
2.30716600809 2.3379565106 1.31868203357 2.42361228081 2.45595682808 1.38523797587
1.50181905604 1.5911587655 1.49990464995 2.24557172181 2.37915554097 2.24270923571
2.09172901009 3.53601314737 1.77672634015 2.09172901009 3.53601314737 1.77672634015
1.18300341496 1.20320115605 0.670526732649 2.33473648374 2.37459807874 1.3233294226
2.52337035139 2.74689645969 2.56954578198 2.52337035139 2.74689645969 2.56954578198
1.14199358581 1.88071249137 1.14626770003 1.14199358581 1.88071249137 1.14626770003
7.61174305453 7.6380165131 1.39672694064 11.6988524907 11.7392334276 2.14669653602
1.10083062121 1.09906485983 1.09992910526 2.00713700201 2.00391750127 2.0054932741
1.07902249575 1.08194993112 1.07962542765 1.07902249575 1.08194993112 1.07962542765
1.24988477142 5.00396891224 1.26109818823 1.24988477142 5.00396891224 1.26109818823
4.35424003028 4.412932291 1.7988006454 5.88137311282 5.96065011219 2.42968179926
2.99450453005 3.03590116329 2.31919584552 3.16111606718 3.20481597185 2.4482338152
1.92253353632 1.9634422689 0.684282966899 4.72245877185 4.82294586317 1.68085395569
8.47109520343 8.53741538819 2.46333115962 9.02047642419 9.09109771325 2.62308711172
3.40382151078 3.44396324338 1.58172515228 3.41519107193 3.45546688731 1.58700848478
3.29298361415 3.36763250027 3.36763250027 3.29298361415 3.36763250027 3.36763250027
1.65142414699 3.31249318975 1.11930516108 1.64583634036 3.30128494176 1.11551784769
5.53379475095 5.54090370938 5.54090370938 5.85123466514 5.85875142098 5.85875142098
2.72500220826 2.73763048276 1.09591470476 3.49744239645 3.51365033291 1.40656713587
6.64690367683 6.66174648059 6.66174648059 6.64690367683 6.66174648059 6.66174648059
4.41005152972 4.43059164982 2.95477141664 4.41005152972 4.43059164982 2.95477141664
1.52323526489 2.48792720256 1.20212065679 1.52323526489 2.48792720256 1.20212065679
8.925187038 6.71492689021 2.12016250545 16.715910298 12.5763320226 3.97083513289
1.71195579163 1.71888103679 1.53471492697 1.86528483402 1.87283032955 1.67216962717
2.05552145772 2.02233143329 1.18584647429 2.05552145772 2.02233143329 1.18584647429
1.12035364047 1.12871163937 1.12871163937 1.72179438114 1.73463921426 1.73463921426
2.59011572983 2.63710412075 1.12500418396 2.59011572983 2.63710412075 1.12500418396
4.76980893977 4.81467022104 1.33112680758 4.76980893977 4.81467022104 1.33112680758
3.73252300316 3.79960000063 2.71753766571 7.65552551969 7.79310261312 5.57375773249
12.630830541 12.6658802005 1.65357160584 19.7634966958 19.8183389984 2.58734822404
4.87663489093 4.95335046806 3.46619824719 4.87663489093 4.95335046806 3.46619824719
1.09059783269 1.38772268735 1.09002220881 1.09059783269 1.38772268735 1.09002220881
6.80753967433 6.88076911882 5.5494427631 7.27955188132 7.35785881244 5.93422270585
1.60642172443 1.62819785911 1.42058601798 1.60642172443 1.62819785911 1.42058601798
7.25971046724 7.32107328402 1.51930094427 9.11680912274 9.19386909507 1.9079516699
1.5727801557 1.57659612442 1.33414378269 1.5727801557 1.57659612442 1.33414378269
2010.36316673 2012.18578954 0.735988154862 3733.64660925 3737.03158445 1.366877251
1.08813549279 2.15646909035 1.08877990745 1.08813549279 2.15646909035 1.08877990745
1.04630458879 3.90367714903 1.04208324331 1.04630458879 3.90367714903 1.04208324331
1.55497211925 1.60347995353 1.39390096423 1.55497211925 1.60347995353 1.39390096423
1.69856793373 1.70756110931 1.09316957723 2.77300293421 2.787684774 1.78465776085
2.37634152865 2.4105896379 2.16255420516 2.25661636923 2.28913898562 2.05360010751
1.98403208933 2.00081392479 2.00081392479 1.98403208933 2.00081392479 2.00081392479
1.05403943971 1.05342682538 0.840307508765 2.48834981019 2.48690356568 1.98377684094
1.71657480097 1.72872974808 1.53469110648 2.03920273029 2.05364218339 1.8231342396
1.00744092965 1.60199693828 1.00748868356 1.00744092965 1.60199693828 1.00748868356
4.61081137571 4.65844397667 1.62208740335 4.61081137571 4.65844397667 1.62208740335
6.98449799431 7.13512224651 7.13512224651 6.98449799431 7.13512224651 7.13512224651
1.25150162132 1.55878021959 1.1705259157 1.25150162132 1.55878021959 1.1705259157
4.05876581494 4.52032850087 0.466443621837 10.2107825572 11.3719523406 1.17344892879
1.5832263546 2.19817499877 0.860610315214 1.5832263546 2.19817499877 0.860610315214
23.0548879361 23.2185863757 1.17802397683 32.6648104787 32.8967430095 1.66905734043
12.9416388574 13.8803665458 1.41266972326 10.61366276 11.3835296384 1.15855497122
5.67134211212 5.77830418764 1.74513296703 5.67134211212 5.77830418764 1.74513296703
1.54679357961 4.30379302423 1.39419898454 1.54679357961 4.30379302423 1.39419898454
9.49360498595 9.77782454056 2.23661460452 9.49360498595 9.77782454056 2.23661460452
5.04426017858 5.05217515589 1.21537720447 9.37195954516 9.38666514013 2.25810437789
5.38871552372 5.38884723695 5.38884723695 5.38871552372 5.38884723695 5.38884723695
2.37694211911 2.38781008572 2.38781008572 2.37694211911 2.38781008572 2.38781008572
21.0522583278 21.365032544 21.365032544 42.2061669267 42.8332255811 42.8332255811
4.80146128553 4.89735875504 4.89735875504 4.80146128553 4.89735875504 4.89735875504
0.20425333677 2.16687609988 0.205883924979 0.20425333677 2.16687609988 0.205883924979
1.61640764112 1.67539538875 1.15999212562 2.69177782727 2.79000918124 1.93171635925
7.19099941905 7.7569164188 0.711136765166 13.4708826919 14.5310137074 1.33217086849
1.20521981069 1.65384360017 1.20254063435 1.24032800297 1.70202025524 1.23757078191
4.45700696192 4.54844564566 4.54844564566 4.45700696192 4.54844564566 4.54844564566
2.23541796825 2.25092400692 1.95253599498 2.23541796825 2.25092400692 1.95253599498
1.01364530734 3.29246888432 0.980372448761 1.01364530734 3.29246888432 0.980372448761
1.21329995726 1.56372818088 1.17625621576 1.21329995726 1.56372818088 1.17625621576
9.09609883114 9.4037229142 2.40695433046 9.09609883114 9.4037229142 2.40695433046
2.19178772785 2.22435253641 1.46999496997 2.84863723202 2.89096127871 1.9105328263
1.58262824155 1.59200607292 0.784293315652 2.67494659156 2.69079693304 1.3256067827
4.12139490645 4.38875714995 2.61565535679 3.48281377686 3.70875012274 2.21037797128
1.18624511771 1.49510811087 1.09229952507 1.18624511771 1.49510811087 1.09229952507
5.62206784989 5.73569414709 5.73569414709 5.62206784989 5.73569414709 5.73569414709
2.2960465176 2.32838141777 0.87601445463 2.2960465176 2.32838141777 0.87601445463
0.851355824025 1.26250212207 0.823377562699 1.6533045553 2.45173692432 1.59897170693
4.2651074131 4.34444680548 1.35486291507 4.2651074131 4.34444680548 1.35486291507
1.64312868186 2.14035255718 0.670367994859 2.47668847393 3.22615420632 1.01044592824
1.88094337802 1.94969774441 1.77926611813 2.46581548203 2.55594875403 2.33252206952
304.964046061 305.146539969 305.146539969 304.964046061 305.146539969 305.146539969
111.008067838 111.332383415 1.52845624489 148.675706236 149.110069687 2.04709726135
0.830688758529 1.33045841933 0.835155968236 1.4969060941 2.39749400168 1.50495603261
1.72788949776 1.76001989539 0.719255583669 2.79008823116 2.84197039401 1.16140907263
1.17695170035 1.19631159343 1.19631159343 1.17695170035 1.19631159343 1.19631159343
32.019676875 32.0329029557 3.46921163188 32.019676875 32.0329029557 3.46921163188
1.96588708026 2.00943237524 0.651401562612 3.57562339052 3.65482507858 1.18479168376
6.25424513084 6.31788448165 1.13732032494 9.95135343435 10.0526122848 1.80963110412
25.5573396096 26.3353272349 2.36163761004 29.6362684087 30.5384221709 2.738552884
0.997714745139 0.997603275301 0.998685454216 0.997714745139 0.997603275301 0.998685454216
4.04221521857 4.07406862357 1.33709813024 4.04221521857 4.07406862357 1.33709813024
2.69254081462 2.74735252931 2.74735252931 2.69254081462 2.74735252931 2.74735252931
1.8582721718 3.00176297276 1.81450298045 1.8582721718 3.00176297276 1.81450298045
1.69009677352 1.69454614468 0.930873124586 1.69009677352 1.69454614468 0.930873124586
1.203154534 1.19486719421 1.19486719421 1.203154534 1.19486719421 1.19486719421
1.34629719962 1.35999137518 0.949813385788 2.6491891086 2.67613595269 1.86900431609
23.3124893977 23.3740384366 23.3740384366 26.1520694898 26.2211155155 26.2211155155
2.57355873087 2.60967331372 1.17363335166 3.8429016694 3.89682885942 1.75249840319
1.2627115296 1.83841402247 1.2601557673 1.2627115296 1.83841402247 1.2601557673
2.05197276715 2.09454119481 1.97389701635 2.85152857187 2.91068388313 2.74303042914
1.04240309823 1.34351941208 1.04157424706 1.06234573132 1.36922282254 1.06150102307
9.26721444879 8.05767766472 1.04433380548 30.1413620761 26.2073766963 3.3966672006
2.19664926586 3.53350125898 1.68265145939 2.19664926586 3.53350125898 1.68265145939
4.89833212551 4.94556459178 1.11651823479 4.89833212551 4.94556459178 1.11651823479
1.75337507035 1.77407594938 1.44549838696 2.26634176872 2.29309888851 1.86839280789
4.79145390306 4.83405269545 2.08214597906 30.1607425375 30.4288889573 13.1064745838
1.15437418775 2.45571753745 1.1527645753 1.08331340785 2.30454887369 1.08180287965
0.653962004943 2.30274443106 0.65228858763 1.07933828323 3.80058811084 1.0765763745
1.13835173872 1.14931318941 0.71825103022 1.26532860154 1.27751274163 0.798367974242
3.3797304723 4.32711667052 1.06578784833 3.3797304723 4.32711667052 1.06578784833
3.07217532855 3.10339540669 1.07068333834 3.9961633177 4.03677315199 1.39270224644
2.71974565741 2.64666625366 1.02485671629 2.71974565741 2.64666625366 1.02485671629
4.20312638543 4.24156262175 4.24156262175 4.20312638543 4.24156262175 4.24156262175
1.07446304447 2.02499018996 0.960246906325 2.11899771745 3.99357577953 1.89374684701
4.76557470647 4.08682455464 1.16164111071 9.43240259487 8.08896657974 2.29921201573
1.88792737051 1.90340489544 1.75118802617 2.49562033098 2.5160798182 2.31486682685
1.44021863478 4.56342334962 0.902963438845 1.91956727043 6.08226965786 1.20349717865
2.76205980869 4.10755208696 2.5200155386 4.09418285876 6.0885971017 3.73540224926
1.38670642523 1.40723826937 1.40723826937 1.38670642523 1.40723826937 1.40723826937
1.57482643577 1.64158749972 1.46464745467 1.57482643577 1.64158749972 1.46464745467
2.59190701682 2.61510465365 2.61510465365 2.59190701682 2.61510465365 2.61510465365
8.67793945385 9.02897408157 4.4596028608 10.238468674 10.6526288624 5.26156058492
2.28709209282 2.29594777771 1.13064864333 2.28709209282 2.29594777771 1.13064864333
32.2934962252 33.4829022844 1.89071718308 32.2934962252 33.4829022844 1.89071718308
0.825361687226 1.42769949859 0.799784252362 1.29536579427 2.24070625471 1.25522323042
13.782930723 13.9415947261 1.95995284869 13.782930723 13.9415947261 1.95995284869
3.52313333436 3.3514409675 1.18696643124 6.18423378656 5.88285838141 2.08350840316
1.21780454284 1.25461013272 1.15887122823 1.21780454284 1.25461013272 1.15887122823
1.13261182308 1.14527343712 1.02747655304 1.13261182308 1.14527343712 1.02747655304
4.63365361269 4.68591713997 4.68591713997 6.84348461687 6.92067308948 6.92067308948
