12.3235905691 12.575037183 1.95778606186 17.402626459 17.7577041023 2.76466662294
1.52903393829 1.56031830654 1.5148013622 1.52903393829 1.56031830654 1.5148013622
2.15064473462 2.20360342813 1.67024835947 2.15064473462 2.20360342813 1.67024835947
4.28083221563 4.31752652406 1.07356839917 4.28083221563 4.31752652406 1.07356839917
10.2231449036 10.2728209205 0.869094706009 20.981087831 21.0830385403 1.78365390809
1.13529215818 1.16990783273 0.993527894577 1.86385028798 1.92068009564 1.63111075778
6.448404264 6.48674175691 6.48674175691 6.448404264 6.48674175691 6.48674175691
1.38414430946 2.8886190637 1.39355068181 1.38414430946 2.8886190637 1.39355068181
3.88485462444 3.91404320707 2.02989978466 3.21459476788 3.23874740011 1.67967809813
1.93663867616 2.36173815783 1.94137483907 1.93663867616 2.36173815783 1.94137483907
3.15254436145 3.27048606604 1.8337275324 3.15254436145 3.27048606604 1.8337275324
1.14389760412 2.88826283963 1.15112438055 1.06293797681 2.68384534438 1.06965327641
1.27876781063 4.75772068453 1.27712836171 1.27876781063 4.75772068453 1.27712836171
1.33408593108 1.64352803921 1.34890565887 1.33408593108 1.64352803921 1.34890565887
182.69101375 183.237721747 1.31182050822 182.69101375 183.237721747 1.31182050822
1.77009303929 2.07199017761 1.7803146218 1.77009303929 2.07199017761 1.7803146218
1.19901336149 1.24379351673 1.20062752341 1.43599132185 1.48962201221 1.43792451342
7.34396773663 7.34885993252 0.489310048119 7.34396773663 7.34885993252 0.489310048119
1.79719479312 1.94718059765 1.79413516061 1.1221345536 1.21578286287 1.12022417673
60.1235942957 61.1046483227 61.1046483227 61.5700769527 62.5747336544 62.5747336544
37.311492716 38.668222813 0.732751934003 101.317545494 105.001680149 1.98975227217
2.37170844319 2.41039075524 2.41039075524 3.08641480313 3.13675389977 3.13675389977
2.71551102303 3.30723112923 2.13217940299 2.71551102303 3.30723112923 2.13217940299
1.90366561588 2.03911455685 1.44122601354 1.6219136371 1.73731546116 1.22791739578
5.81122582037 5.89456725781 1.36293292333 5.81122582037 5.89456725781 1.36293292333
0.876396563468 1.24532903066 0.879814646106 0.876396563468 1.24532903066 0.879814646106
1.09461694024 2.13299862064 0.861993989917 1.09461694024 2.13299862064 0.861993989917
1.89173478791 1.91915431546 1.64340547292 2.13054815212 2.16142913191 1.85086964404
2.14381991173 2.15726448413 1.69659996051 3.22325911731 3.24347319421 2.55085852185
3.83709385711 3.85842936807 2.00082363311 3.72455707991 3.74526684916 1.94214217996
1.41153188189 1.43903690222 1.00236379053 5.44796101848 5.55411963983 3.86873221016
41.7137441044 44.4007857639 17.7172146271 41.7137441044 44.4007857639 17.7172146271
4.37144646578 4.37296280265 4.37296280265 4.37144646578 4.37296280265 4.37296280265
2.00367572112 2.03667477987 1.41867066 1.98697330859 2.01969729094 1.406844783
1.07881839294 1.50647130654 1.09813880142 1.07881839294 1.50647130654 1.09813880142
1.17393951455 1.20533506933 1.0778329416 1.4207926232 1.45878995788 1.30447699689
1.93222193809 2.69073096278 1.54473846092 2.5827802487 3.59667109054 2.06483525915
12.4449066812 12.5288874435 11.4994725354 12.4235503157 12.5073869609 11.4797386037
118.377521953 118.515883077 3.75336737782 227.682810356 227.948928865 7.21908364683
1.68645425762 2.61223016795 1.69346748206 1.68645425762 2.61223016795 1.69346748206
2.41657458528 3.08520466569 0.905302164849 3.49221197514 4.45845484965 1.30825966658
2.42842454214 2.46776836902 0.931303382319 5.04797448891 5.12975863783 1.93590355961
1.07789283778 2.94947716467 1.07802709015 1.07789283778 2.94947716467 1.07802709015
9.91294892969 9.97077686371 1.83691611362 10.2821285535 10.3421101246 1.90532683625
4.07872402695 4.19502260404 0.727648329811 4.07872402695 4.19502260404 0.727648329811
1.14521965331 1.15863495273 1.13130527289 1.33833620657 1.35401370642 1.3220754665
6.85728241964 6.95547484231 2.30715724348 6.85728241964 6.95547484231 2.30715724348
6.70322463846 6.83147345184 6.83147345184 6.70322463846 6.83147345184 6.83147345184
2.1117822287 2.12730545518 2.03803784072 3.22876189624 3.25249578391 3.11601207445
1.7307932814 1.75720328176 1.02866701216 1.7307932814 1.75720328176 1.02866701216
2.9467880889 2.97565810512 1.17099342617 6.73126409935 6.79721105513 2.6748669305
4.14805382168 6.97149162614 1.04415072779 6.88506587671 11.5714938061 1.73311313091
8.43578491075 8.48660388274 1.28484513324 11.8550252898 11.9264424969 1.80562587942
1.38621542671 1.39129999666 1.36761163304 1.38621542671 1.39129999666 1.36761163304
4.09435021656 4.15046496236 2.37043544928 4.09435021656 4.15046496236 2.37043544928
0.800383620091 1.05421354271 0.804230327885 1.88966122859 2.48893956386 1.89874309183
1.94105174289 2.17927428587 1.34496761936 2.0694134709 2.32338966773 1.43391031157
1.09140076353 1.09395564487 1.09395564487 1.09140076353 1.09395564487 1.09395564487
3.72417934337 3.76518694813 0.909268034351 3.72417934337 3.76518694813 0.909268034351
4.84789416718 4.94633436106 0.847926301095 9.88684751695 10.0876075074 1.72927002023
1.4032706099 1.42387089868 0.864957549645 2.61529464165 2.6536876818 1.61203322359
4.62465336609 4.44336433096 0.752517059079 4.62465336609 4.44336433096 0.752517059079
2.01426525861 2.02375245064 0.632800682944 2.01426525861 2.02375245064 0.632800682944
1.90178272722 7.08484256203 1.49725026928 2.17356380147 8.09732737159 1.71122018329
1.32529545242 1.32151757873 1.32458606491 1.20231901946 1.19889170114 1.20167545723
1.03469564555 2.77046831839 1.03354658685 1.03469564555 2.77046831839 1.03354658685
6.74417805675 6.7761741395 1.09908216889 6.74417805675 6.7761741395 1.09908216889
1.00247425826 1.13511841525 0.525273484608 2.44372259405 2.76706807724 1.28045450726
0.955765693414 2.14985058447 0.848658029695 3.60069156546 8.09921188828 3.19718088914
61.9818452161 63.4861680594 0.572908619894 85.5559393912 87.6324144228 0.790807937217
1.66065911577 2.17907921079 1.38403335671 1.67853959931 2.20254157558 1.39893538292
2.3342308678 2.37207267446 0.566289989636 6.46714033405 6.57198355139 1.56894370787
1.60748926077 2.61479476571 1.24306991402 2.21858764114 3.60882743849 1.71563170942
2.24092287036 2.25702543172 0.861650320091 2.24092287036 2.25702543172 0.861650320091
4.47469166628 4.49366887611 1.9293262009 5.19141640963 5.2134332559 2.23835214712
1.36325521235 2.48512768859 0.60105981523 2.5292356248 4.61063594343 1.1151410855
1.05343811274 1.05153638726 1.05153638726 1.05343811274 1.05153638726 1.05153638726
1.01716945531 3.39601117818 0.9929515708 1.06490840916 3.55539663756 1.03955390334
6.14291309748 6.27288642814 0.647214854995 13.8256773597 14.1182045869 1.45666780981
1.4443105899 1.46513938015 0.797176050298 3.14859428878 3.19400101118 1.73784224575
2.08042129541 5.44457685429 1.55545573101 2.08042129541 5.44457685429 1.55545573101
8.53235708036 8.53706104056 6.84213419844 8.53235708036 8.53706104056 6.84213419844
275.426684158 275.60114538 275.60114538 275.426684158 275.60114538 275.60114538
1.83165904437 3.43416258153 1.85598736576 1.83165904437 3.43416258153 1.85598736576
3.26103870686 3.29853446275 2.50990965012 3.68758659012 3.7299868371 2.83820892672
1.2769283358 1.97455915761 1.27503854697 1.2769283358 1.97455915761 1.27503854697
1.10753308915 2.60175214384 1.10273087292 1.10753308915 2.60175214384 1.10273087292
3.49608255399 3.5024924093 1.54669440459 5.72195040964 5.73244125867 2.53143584149
62.3631941483 63.7384553252 7.77573284084 70.1651026437 71.7124150121 8.7485110466
1.39225014081 4.70426893791 1.28972447637 1.39225014081 4.70426893791 1.28972447637
2.74788314094 2.81312930606 2.81312930606 2.74788314094 2.81312930606 2.81312930606
1.7769221588 1.95576931557 1.78575822119 1.7769221588 1.95576931557 1.78575822119
2.47930657191 8.07112923653 1.88384605574 2.39032496821 7.78145871685 1.81623535964
1.70719082702 1.71163287671 1.48470868784 3.44936149204 3.45833660771 2.99983862007
2.36779833452 2.39562560335 1.82486344641 4.76028526217 4.81622994959 3.66875440479
2.06647481833 2.10708338757 2.00351357888 2.94034483021 2.99812593433 2.85075856801
2.03445507575 2.50016873675 1.22780876296 3.13752185603 3.85574208485 1.89351776538
1.51357021918 11.5358004785 1.51824038681 1.38215803958 10.5342316942 1.38642273088
2.55165166388 2.60601172175 2.56192297071 2.55165166388 2.60601172175 2.56192297071
2.98622318572 3.03834049488 1.86840901347 2.98622318572 3.03834049488 1.86840901347
2.52001917481 2.63637139266 2.63637139266 2.5171930865 2.63341482057 2.63341482057
1.43626797754 2.80156758119 1.37259149646 1.32552977621 2.58556293602 1.26676283784
9.37278352101 9.48899660272 7.86478220417 9.37278352101 9.48899660272 7.86478220417
0.513964428631 1.17731629051 0.468640597337 1.03492886525 2.37066719932 0.943663908615
1.56239141798 2.22458783456 1.56469958593 1.56239141798 2.22458783456 1.56469958593
1.14977312268 1.1662079392 1.10971720662 1.4882642051 1.50953740125 1.43641590138
1.32990794023 1.35837350419 1.35837350419 2.70651717922 2.76444790928 2.76444790928
2.58793368416 2.62552314163 1.83027945201 3.10457514804 3.14966876702 2.1956668115
0.995413413564 1.06106645034 0.571437873002 5.98795412243 6.38289291556 3.43751020503
1.57573551425 2.26823176998 1.57690192515 1.57573551425 2.26823176998 1.57690192515
2.00509604862 2.02021589043 1.6544109728 2.00509604862 2.02021589043 1.6544109728
0.268800768829 1.26954376643 0.269656757143 0.268800768829 1.26954376643 0.269656757143
1.12259649929 1.54895153642 1.1023696678 1.12259649929 1.54895153642 1.1023696678
1.90526777059 1.92751985199 0.697498988357 6.45517451897 6.53056605764 2.36317318025
2.76987152635 2.83434305498 2.11792288287 3.01246203314 3.08258009832 2.3034145133
9.17904304948 9.28290791684 9.28290791684 9.17904304948 9.28290791684 9.28290791684
9.87829736349 9.99807644339 1.99120224444 9.87829736349 9.99807644339 1.99120224444
3.67947569495 3.69698916845 0.874745074761 6.61793724254 6.64943712952 1.57332416027
2.31450588788 3.36240364209 1.08132480928 2.31450588788 3.36240364209 1.08132480928
1.88387799149 2.59890727819 1.91717118797 2.32867261711 3.21252450554 2.36982653223
3.5707545736 3.57854056391 2.02418635452 3.5707545736 3.57854056391 2.02418635452
1.34022279012 1.36862797549 1.04543561494 1.96613100553 2.0078019248 1.53367290273
49.6089218091 50.2621574665 1.18856034708 278.517418136 282.184853389 6.67288759957
0.746240577869 2.31300182035 0.735988682789 0.746240577869 2.31300182035 0.735988682789
15.81945944 23.6674963882 2.29867364522 15.81945944 23.6674963882 2.29867364522
2.19819577362 3.15599133085 1.31833279857 2.88459361255 4.14146571633 1.72998893711
2.31310133784 2.33764612549 2.33764612549 2.31310133784 2.33764612549 2.33764612549
1.21113263181 6.29878396674 1.1660851234 1.21113263181 6.29878396674 1.1660851234
1.80327421345 2.61980490408 1.07142238525 1.80327421345 2.61980490408 1.07142238525
1.64779805532 1.78847528045 1.05548953974 3.8126348536 4.13813037769 2.44216589151
6.69831917778 6.72092683127 2.21945595252 20.6713204966 20.7410887531 6.84934296273
2.35182212946 2.66642806351 2.35945230255 2.35182212946 2.66642806351 2.35945230255
5.95041608194 6.216798496 1.20099056812 7.21724305133 7.54033753757 1.45667810673
1.21302933603 1.20806281659 1.21032114606 1.21302933603 1.20806281659 1.21032114606
2.03471727212 2.04541201201 1.96745682618 2.03471727212 2.04541201201 1.96745682618
2.05335976586 2.06248442085 0.980356814814 2.86574930522 2.87848403108 1.36822436459
2.37450369262 7.86053589524 1.34321448443 2.37450369262 7.86053589524 1.34321448443
2.11475100879 2.12209802801 2.12209802801 2.11475100879 2.12209802801 2.12209802801
1.82847932575 1.87412169865 1.87412169865 1.82847932575 1.87412169865 1.87412169865
1.10489865428 2.05540384684 1.05456072457 1.10489865428 2.05540384684 1.05456072457
1.08817508461 2.43530366258 0.984484527586 1.08817508461 2.43530366258 0.984484527586
5.49655068979 5.65014080243 5.65014080243 5.49655068979 5.65014080243 5.65014080243
1.5151987884 3.73202632817 1.51231591737 1.5151987884 3.73202632817 1.51231591737
1.10392626013 3.13730044169 0.925471886406 1.25915695877 3.5784579329 1.05560888259
3.16133120213 3.18589666992 2.05342241465 3.16133120213 3.18589666992 2.05342241465
6.98018794175 7.07607731496 3.27890334746 6.98018794175 7.07607731496 3.27890334746
55.9426610998 56.2347552321 56.2347552321 68.996154689 69.3564051944 69.3564051944
2.65648994115 2.66388741319 2.08956471882 2.65648994115 2.66388741319 2.08956471882
1.33009235754 1.36195735315 0.717279424254 1.33009235754 1.36195735315 0.717279424254
1.08013149639 1.94283971935 1.05271920669 1.43094215529 2.57384518893 1.39462676125
1.66836336699 1.67512615095 0.175467815929 27.3005306317 27.411194528 2.87129565323
1.03369662334 3.15988255575 1.03139719097 1.03369662334 3.15988255575 1.03139719097
5.52597457795 5.7490645513 2.60714515194 6.61700831993 6.88414458503 3.12189296536
1.01574803735 1.24298672333 0.818982662335 2.47906709192 3.03367308447 1.99883523511
1.97937007352 4.58109539516 1.55426645246 2.65812644536 6.15202330354 2.08724826938
0.753686504339 2.00407119804 0.406360895452 3.73685644194 9.93639440717 2.01477978069
1.23793884991 1.243151648 0.412572987789 1.15613589014 1.1610042267 0.385310177898
1.43236702548 1.44602531582 0.961077603285 1.43236702548 1.44602531582 0.961077603285
8.42448045678 8.72171126432 1.84364856342 10.6478857574 11.0235622989 2.33022788536
1.49392086335 1.87924615036 1.11550282946 1.52045743352 1.91262726749 1.13531754644
3.73862001211 3.87140801042 0.974920996344 4.66558280416 4.83129459074 1.2166453454
1.88655308439 1.93513226911 0.460984455409 6.04131768804 6.19688303649 1.47621265864
1.01143941487 1.56744993449 1.02815345732 1.01143941487 1.56744993449 1.02815345732
0.575133584709 1.03334021838 0.581305939853 1.03154114656 1.85336586488 1.04261168472
1.14562341484 4.17657872608 0.482771299672 3.34197648475 12.1837837011 1.4083252054
3.03797531467 4.3166944067 1.413681274 3.03797531467 4.3166944067 1.413681274
41.2677528035 41.7138336919 2.01433757631 78.1034883924 78.9477425891 3.81234210303
1.38500160736 2.40052121909 1.37728146183 1.12736043212 1.95397075677 1.12107640577
3.29716024397 3.36750901135 3.1098271505 3.29716024397 3.36750901135 3.1098271505
1.214593138 1.81231572741 0.796954553248 2.6762072571 3.99321579392 1.75599177391
3.22467188271 3.35213481703 0.229419909225 11.2334342411 11.6774628254 0.799204867229
1.14684148225 2.1973597505 1.1487409507 1.14684148225 2.1973597505 1.1487409507
1.7550799939 1.76018005564 1.03986007188 1.7550799939 1.76018005564 1.03986007188
1.0577596585 1.4076322855 1.07451610341 1.0577596585 1.4076322855 1.07451610341
1.39911994222 2.54151265187 1.27391364995 2.23645197089 4.06253303079 2.03631340473
1.85950153216 1.88797312342 1.88797312342 2.3507562398 2.38674963354 2.38674963354
1.38859426091 1.41146254605 0.689650241901 3.69276496211 3.75357984844 1.83402475518
1.54044196216 2.60584955262 0.632334035264 1.88412250384 3.18722801918 0.773411017779
1.31035737275 1.85961574363 1.25463890424 1.58572594885 2.25040969805 1.51829837284
1.67134499364 1.69127267672 1.29601647302 2.05855744037 2.08310191228 1.59627387733
2.72326145278 2.75584505968 1.06466702114 3.16458983735 3.20245390331 1.23720564246
1.74877161027 2.97174694657 1.55947839839 1.74877161027 2.97174694657 1.55947839839
15.2170630661 15.4712014369 2.02454892759 15.2170630661 15.4712014369 2.02454892759
4.83847353562 4.88602942392 1.72995342551 4.83847353562 4.88602942392 1.72995342551
2.3145729248 2.38259022049 1.27984883223 2.3145729248 2.38259022049 1.27984883223
2.27305609971 2.52746999283 1.76079100088 2.27305609971 2.52746999283 1.76079100088
28.142517127 31.5137463817 1.82930019645 29.0191509053 32.4953932767 1.88628253159
1.11266630994 3.75626866992 1.11452136989 1.27469020481 4.30324782679 1.27681539431
1.52691272398 1.81934754855 1.44934850406 1.38482818919 1.65005093716 1.31448158945
2.60178574405 2.61422353942 1.66324721342 2.60178574405 2.61422353942 1.66324721342
59.2310359462 60.743271874 0.806131830544 96.1942913881 98.6502414008 1.30920013412
1.80355979785 1.79642800956 1.80550962547 1.80355979785 1.79642800956 1.80550962547
1.47092300115 3.18847111601 1.48300511069 1.6364048101 3.54718055739 1.64984618137
4.1883001817 4.24445356768 4.24445356768 4.32354095552 4.38150754186 4.38150754186
1.24306515219 1.24361521702 1.05963466369 1.24306515219 1.24361521702 1.05963466369
8.42165724601 8.47488040696 2.20315281256 9.47371543869 9.53358739344 2.47837714174
1.68835418221 2.04627600802 1.58635890196 1.68835418221 2.04627600802 1.58635890196
1.87505104743 1.91073685575 1.68854524923 1.87505104743 1.91073685575 1.68854524923
3.09724627535 3.10699184315 3.10699184315 3.09724627535 3.10699184315 3.10699184315
1.04277512719 3.82980628524 1.04391854171 1.04277512719 3.82980628524 1.04391854171
