4.98030840081 5.07261663573 1.36998064184 11.4449382402 11.6570660771 3.14826765218
3.57945528915 3.66005936966 1.80968678535 3.57945528915 3.66005936966 1.80968678535
0.916332019639 1.82226672197 0.90552600637 1.26358975372 2.51284197112 1.24868863999
2.22705628315 2.2504964164 0.876957431946 2.2177880391 2.24113062257 0.873307836038
0.627196252541 2.83681109553 0.443519381765 1.60166953899 7.24435756935 1.13261436248
1.11035896385 1.1810237622 0.862730783283 1.63472406071 1.73876018764 1.27015390091
1.00609038482 1.02010788516 0.468265451061 1.00609038482 1.02010788516 0.468265451061
7.20747009166 7.89723040433 2.40297611739 7.20747009166 7.89723040433 2.40297611739
8.34983451207 8.59336529687 0.63307314349 8.34983451207 8.59336529687 0.63307314349
1.20273579981 1.77688621812 1.02222369306 2.60014705138 3.84138017793 2.20990505295
2.05088611095 2.26175095828 1.03983281724 2.05088611095 2.26175095828 1.03983281724
2.87394709633 2.90855950419 1.17451242546 2.6025702995 2.63391437845 1.06360731511
1.52963972909 1.53238962902 0.993318138707 1.52963972909 1.53238962902 0.993318138707
9.83921522528 9.98405007473 3.03019274614 12.7729356195 12.9609553106 3.93369348826
32.0438912038 32.1213989377 1.66327442602 32.0438912038 32.1213989377 1.66327442602
2.13884538291 3.08115585799 0.965264824397 2.13884538291 3.08115585799 0.965264824397
1.53008432611 1.52299028446 1.52299028446 4.25261242644 4.23289572905 4.23289572905
1.0345883994 1.25037895938 0.680676805864 1.0345883994 1.25037895938 0.680676805864
1.72089390728 1.72808147469 0.915895489052 1.72089390728 1.72808147469 0.915895489052
22.2371311023 22.5540723718 0.819839402481 22.2371311023 22.5540723718 0.819839402481
1.90397192229 1.92748966558 0.670716074131 4.30930429639 4.36253255624 1.51804741765
5.05450865487 5.13557507451 0.884607643854 5.05450865487 5.13557507451 0.884607643854
1.1949666897 1.22654258295 1.07837792868 1.1949666897 1.22654258295 1.07837792868
9.30534760499 9.38315443654 1.00638847797 9.30534760499 9.38315443654 1.00638847797
6.68441405232 6.73008068843 0.751619411288 37.0526197569 37.3057561561 4.16632902008
6.22241710292 6.31479417843 3.11313182032 12.191881389 12.3728802403 6.09970904777
3.57707700327 3.61827089426 0.987571929293 3.75551251934 3.79876128731 1.03683503062
1.56298944272 1.59290751036 1.56973596607 1.56298944272 1.59290751036 1.56973596607
2.34896224371 2.36181427936 1.04430373484 2.34896224371 2.36181427936 1.04430373484
1.38530427052 1.79349457894 1.29424396974 1.38530427052 1.79349457894 1.29424396974
1.17216923118 1.19105241097 0.689089614625 1.17216923118 1.19105241097 0.689089614625
1.56724804759 1.60474530469 1.49911199998 2.2860001118 2.34069390074 2.1866163463
4.40495765687 4.43795699438 1.28205585635 5.01106667131 5.04860661909 1.45846291224
5.13875183257 5.16501654547 0.837020318112 5.42247989043 5.45019476793 0.883235071614
25.3138321687 25.5037094143 0.269546589152 25.3138321687 25.5037094143 0.269546589152
1.06381059529 3.82977130072 0.988311482509 1.06381059529 3.82977130072 0.988311482509
1.53384393425 2.106128776 0.962105827438 1.35122424753 1.85537277099 0.847557364668
2.23723883005 2.28526727395 1.49452354861 1.52294592737 1.55564012258 1.01736056122
1.12840300318 5.31379550798 0.972734362575 1.12840300318 5.31379550798 0.972734362575
10.5419539172 10.6454341552 0.834054444956 12.1341382195 12.2532474018 0.960024298834
1.60412210115 2.40295232136 1.27975439489 1.60412210115 2.40295232136 1.27975439489
3.85747574057 4.1962623893 1.9609076256 3.85747574057 4.1962623893 1.9609076256
1.4004954478 1.41076828423 0.825297572789 5.31159210311 5.35055339849 3.13006663265
2.48910593135 2.53228851085 1.30001856985 3.50972189 3.57061075883 1.83306928586
10.8459482537 11.4325442782 2.91695702836 15.1047094027 15.9216377413 4.06232698358
1.21700252184 1.22800609787 0.558618869833 1.21700252184 1.22800609787 0.558618869833
1.62404060568 1.66029705708 0.405616918249 2.40681923208 2.46055109335 0.601122038627
2.84872278156 2.85458489652 0.886685940606 2.84872278156 2.85458489652 0.886685940606
1.92992923422 1.95384179331 0.9584807209 1.92992923422 1.95384179331 0.9584807209
4.01875723707 4.07737665476 1.06441368834 4.01875723707 4.07737665476 1.06441368834
3.49489902923 3.54378478964 0.760560117084 3.49489902923 3.54378478964 0.760560117084
1.38092405372 1.40716104418 0.652819612212 1.38092405372 1.40716104418 0.652819612212
2.32968185022 2.36686823183 0.298249675434 4.06192512926 4.12676157804 0.520014289216
2.49874573323 2.53743068867 0.756966918841 2.49874573323 2.53743068867 0.756966918841
2.86715186892 2.92638099556 2.57384534017 4.96350845925 5.06604375718 4.45574692334
1.31869977573 1.74138226554 0.677325368863 1.31869977573 1.74138226554 0.677325368863
1.60301747936 0.980790283264 0.97880973335 2.96909226568 1.81660953907 1.81294118516
1.44189982365 1.47917604613 1.30687766707 1.44189982365 1.47917604613 1.30687766707
2.08870918139 2.10576516669 0.661032323204 3.65409075377 3.68392933481 1.15644251564
1.18062836339 1.18448364899 1.11484171883 1.27656222518 1.28073077824 1.20542998072
1.74743674532 1.83405009053 1.74800812116 1.74743674532 1.83405009053 1.74800812116
1.76383565204 2.93172425749 0.656955664958 1.76383565204 2.93172425749 0.656955664958
1.0204071838 1.17914259347 0.311272030279 1.0204071838 1.17914259347 0.311272030279
1.22195154456 1.8892749355 0.677234463266 1.22195154456 1.8892749355 0.677234463266
2.98695141285 15.601701618 1.2004936034 3.51967714056 18.3842804749 1.41460282049
69.9087415773 70.3447278053 1.11192181912 110.541127734 111.230518048 1.75819345426
3.44992165 3.504860703 0.444798423753 11.2481603289 11.4272841871 1.45022539407
3.0888556881 5.68946481098 2.12132378213 4.46536183775 8.22489672859 3.06666261513
3.53183649253 3.53382012092 0.429516153385 29.502203865 29.5187735474 3.58784251402
3.92562754234 3.97669736613 1.50839795898 3.87109401221 3.92145439075 1.48744378932
1.80339045568 2.32928214752 0.855582795438 4.18607261789 5.40678486257 1.98599903922
1.19785563646 1.19404485892 0.912298936011 1.32826681583 1.32404115691 1.01162140573
1.36110465205 11.3015696494 1.32026081384 1.36110465205 11.3015696494 1.32026081384
4.63769101126 4.78489167975 0.469538937612 8.83082906728 9.11112025935 0.894069503211
1.86024099742 1.19731792451 1.19731792451 1.80867845508 1.16413042017 1.16413042017
2.61202495514 2.63687532405 0.686609217665 2.61202495514 2.63687532405 0.686609217665
1.19400503215 1.21006748438 0.976427914289 1.20685349121 1.22308878842 0.986935067738
8.2110889053 8.41397069104 0.882282821194 8.2110889053 8.41397069104 0.882282821194
2.57003875035 1.48181613275 1.37831379083 2.57003875035 1.48181613275 1.37831379083
3.2339533711 3.27511215126 1.10520404418 3.2339533711 3.27511215126 1.10520404418
1.15644483048 1.425106454 1.04264193275 1.18325605898 1.45814638273 1.06681473406
11.6314329085 12.6859449702 1.2240960629 11.6314329085 12.6859449702 1.2240960629
4.43691111867 4.54125040085 4.07627231343 5.94299610145 6.08275277691 5.45994044488
5.61975028155 5.66986494155 1.04860946652 5.61975028155 5.66986494155 1.04860946652
1.73904182066 1.83415179095 0.553060093396 1.73904182066 1.83415179095 0.553060093396
1.8871270549 1.91531691267 0.738656085812 1.79004421951 1.81678385626 0.700656086286
1.91907291581 1.92897113789 0.597170809372 1.91907291581 1.92897113789 0.597170809372
2.56255048613 2.63028984414 1.24899294104 4.04192063251 4.14876617966 1.97004131844
1.62197116954 2.24859913994 0.768465874867 1.77508246638 2.46086304256 0.84100773559
0.633384012431 4.22027685369 0.460810206613 1.68668811502 11.2385072428 1.22712775112
33.1134502517 33.1522884099 0.470554520088 47.8891762935 47.9453446297 0.680523116647
2.2946373787 2.31707350133 0.750090970418 2.2946373787 2.31707350133 0.750090970418
5.28289835464 5.37293503027 2.62650979518 5.28289835464 5.37293503027 2.62650979518
1.67091256266 1.03162903193 0.952841202304 1.67091256266 1.03162903193 0.952841202304
0.39527745127 0.905372827839 0.905372827839 1.33447335964 3.0565768814 3.0565768814
1.94605908321 1.95149127655 0.458623002312 1.94605908321 1.95149127655 0.458623002312
1.93449032563 4.84747615314 1.06263422774 1.9903206336 4.9873766132 1.09330235537
1.68708957937 1.75347739809 0.91482020708 5.58586687518 5.80567353039 3.02892268078
55.9074443948 56.0462065094 1.15832480143 66.2991685436 66.4637228873 1.37362693054
2.27552876499 2.32036767958 1.17756679177 2.27552876499 2.32036767958 1.17756679177
15.0630646902 15.0923878932 1.48895036319 32.3177100954 32.3806228421 3.19453359417
2.41608262332 2.48463838713 1.06005770344 2.41608262332 2.48463838713 1.06005770344
1.95051733023 1.96759409396 1.00930135669 2.69633727017 2.71994368155 1.39522824161
0.847114649018 0.850822333374 0.369272999294 0.847114649018 0.850822333374 0.369272999294
0.811330285117 0.872642135625 0.808784956307 1.14369483013 1.23012331399 1.14010679767
2.49235817408 2.5216893453 0.89806394784 2.43021616543 2.45881602207 0.875672504191
2.06659715933 2.10080851765 1.44610416647 2.06659715933 2.10080851765 1.44610416647
2.83987853617 2.93372011094 0.959619504204 2.83987853617 2.93372011094 0.959619504204
3.01119701515 19.1958963517 0.857174367039 3.01119701515 19.1958963517 0.857174367039
3.60437506598 3.66460496066 0.759898327506 3.11105407638 3.16304046956 0.655893114935
3.65256507465 3.64677064336 2.91659564135 5.62668143014 5.61775525955 4.49293967363
3.95304573884 4.04495445996 1.25042053547 4.16653237996 4.26340468751 1.31795025755
3.80067921588 3.84060490213 0.537845525614 13.4089793193 13.5498390632 1.8975449177
2.52814982005 2.54769376884 0.509567133948 17.3322568795 17.4662444851 3.49344346325
1.15611975024 1.16013888941 0.878810329455 2.24250416584 2.25030001599 1.70461219469
1.18788993215 1.18323426782 0.619662551396 1.82667169379 1.81951246969 0.952882932758
1.06803253671 1.5008599611 1.10496316432 1.06803253671 1.5008599611 1.10496316432
3.15070444505 3.17103666537 0.976101917535 6.57760249792 6.62004927942 2.03776981401
49.1786784125 49.46095544 0.843711619746 60.9674212914 61.3173636448 1.04595982304
3.88383454936 3.96677302075 1.50399278975 6.11788782929 6.24853403945 2.36911718737
2.95531351415 3.03176573511 2.34391850321 3.02141301881 3.09957519505 2.39634334791
0.879660239126 1.45140452655 0.713024303568 0.879660239126 1.45140452655 0.713024303568
6.38162487536 6.96026081104 1.52074822806 6.57280246358 7.16877289085 1.56630605764
1.2757664561 1.35258490232 0.61984318626 1.2757664561 1.35258490232 0.61984318626
14.7833646458 15.3828219031 0.407529012156 14.7833646458 15.3828219031 0.407529012156
1.57994845693 2.43446136533 0.998144448544 1.57994845693 2.43446136533 0.998144448544
2.70842302837 2.75503630435 1.18071895578 2.70842302837 2.75503630435 1.18071895578
1.83563868728 1.86153214796 1.81687346477 2.02953204548 2.05816055967 2.00878470522
2.24597690187 2.24746866064 0.799446160949 3.04483049382 3.04685284435 1.08379478301
1.64545804241 1.67066283885 0.968026104985 1.64545804241 1.67066283885 0.968026104985
2.26739875892 2.30470916287 1.18715443954 2.1039289979 2.13854948117 1.10156567763
1.28062173569 3.88624229464 0.65922215447 2.80691338508 8.51800747283 1.44490713967
2.76059928275 2.7647178604 0.41590244329 2.76059928275 2.7647178604 0.41590244329
3.67504139973 3.73957895353 0.462224211232 8.84022317377 8.99546669802 1.11186915715
3.26109979783 3.28881955794 0.651499262467 3.26109979783 3.28881955794 0.651499262467
1.11554451854 2.09813121107 0.995419926956 1.11554451854 2.09813121107 0.995419926956
3.0844169907 3.15872034381 1.10944546734 3.0844169907 3.15872034381 1.10944546734
1.47160245222 1.51973224266 0.617626771634 2.53807427043 2.62108376976 1.06522153143
1.34653308252 1.36435059976 0.464509900966 1.32720580658 1.34476758257 0.457842622497
5.98180165285 6.06668085043 1.48100389733 5.98180165285 6.06668085043 1.48100389733
12.4180048618 12.7714039227 0.549063883148 16.0249374493 16.48098477 0.708544929805
1.03061499589 1.05315650718 0.622058240907 0.998216221025 1.02004910945 0.602502999636
2.00650629311 2.02822419375 0.69535833097 2.00650629311 2.02822419375 0.69535833097
2.6566872093 2.61023235015 2.49706698821 2.6566872093 2.61023235015 2.49706698821
4.33363000234 4.34835502938 0.84628249001 4.33363000234 4.34835502938 0.84628249001
2.78677741175 2.80034881986 0.996361593475 2.78677741175 2.80034881986 0.996361593475
2.92927377289 3.30438126501 1.24921867685 2.92927377289 3.30438126501 1.24921867685
1.58759430808 1.45890994856 1.45890994856 1.39441887075 1.28139257784 1.28139257784
1.63832800126 1.66327520161 0.647718626517 1.63832800126 1.66327520161 0.647718626517
5.53400523043 5.5958477312 0.511858720174 5.53400523043 5.5958477312 0.511858720174
1.13558502703 1.14363396955 0.674483592128 1.13558502703 1.14363396955 0.674483592128
203.486300535 205.004360352 3.30374678176 203.486300535 205.004360352 3.30374678176
1.30544226373 4.04646625539 0.826463818436 1.52670337505 4.73230709683 0.966542248573
4.8923548795 4.93585325368 2.59056381638 5.75030461078 5.8014310944 3.04485905556
0.266929581561 0.268097009114 0.1745788869 1.75134577298 1.75900535607 1.14542567308
2.63497825698 2.66647091018 1.10998535802 2.63497825698 2.66647091018 1.10998535802
18.4845748325 18.7234109477 0.206092711255 18.4845748325 18.7234109477 0.206092711255
1.34913415116 1.38707060029 0.319110802202 3.18596291868 3.27554935463 0.753576048681
2.13922868629 2.14538301019 0.968223768174 2.13922868629 2.14538301019 0.968223768174
5.94104600878 5.98926017516 0.567272843544 8.68323853014 8.75370677876 0.829107434091
1.90218736755 1.98597875235 0.751023381282 1.90218736755 1.98597875235 0.751023381282
2.5264158294 3.63334217748 1.88040374618 2.5264158294 3.63334217748 1.88040374618
5.19343761403 5.27125661626 1.4247680801 5.19343761403 5.27125661626 1.4247680801
1.08576574161 2.42044325131 0.908815954322 1.08576574161 2.42044325131 0.908815954322
1.04840216915 2.60714055284 0.844475859149 1.04840216915 2.60714055284 0.844475859149
1.00729171573 2.39400299677 0.614425757764 1.37714036137 3.27301227698 0.840025284502
1.02662836061 2.13525751124 0.983315705409 1.02662836061 2.13525751124 0.983315705409
2.40344725249 2.41455456403 1.44338366147 2.40344725249 2.41455456403 1.44338366147
1.51981012499 3.91688303753 0.945706643683 1.55807408593 4.01549763226 0.96951651406
11.326688948 11.3586928316 1.51228190643 18.6510948641 18.7037940662 2.49019933607
3.69427781098 3.83517516189 1.33872584394 11.1208630579 11.5450055358 4.02995863992
0.998864837814 1.1765813626 0.76083156612 1.55329313936 1.82965271099 1.18313750482
1.52379784462 1.53301194053 1.39777671298 1.52379784462 1.53301194053 1.39777671298
10.860997218 11.0143701936 0.46228449102 10.860997218 11.0143701936 0.46228449102
2.63846449434 2.69078823576 0.619463234683 5.19194292293 5.29490503576 1.21897329459
9.78338276166 9.99155409585 0.602682054703 13.786530739 14.0798812669 0.849286476409
2.53539066282 2.70996695202 1.18991907724 2.53539066282 2.70996695202 1.18991907724
2.46643838363 2.47832770507 2.43857702021 2.46643838363 2.47832770507 2.43857702021
3.548084481 3.56719556019 2.2011973442 3.548084481 3.56719556019 2.2011973442
1.65751722096 2.01293723146 1.24952919194 1.4842071173 1.80246438941 1.11887834196
81.8342079335 82.3749068262 1.08430800863 89.9817796046 90.5763115225 1.19226380654
5.62336841273 5.80349351483 2.62822407268 6.50247710385 6.71076140363 3.03909785063
3.36498538581 3.51323231668 1.06256726935 3.61213428509 3.77126954431 1.14060990577
8.57016142721 8.9041345816 1.47258271572 8.57016142721 8.9041345816 1.47258271572
1.34071673759 1.35713864222 0.38657591074 1.34071673759 1.35713864222 0.38657591074
1.19181769863 3.85430934854 1.01072025509 1.19181769863 3.85430934854 1.01072025509
2.0517872041 2.06405525895 0.795171804716 2.0517872041 2.06405525895 0.795171804716
0.87671463027 1.27055962892 0.866448104858 1.11126983278 1.61048365981 1.09825661322
1.09666791119 2.64621283024 0.785198266713 1.71294934279 4.13327360286 1.22644680418
1.05411089651 1.17335170609 0.900937288018 1.05411089651 1.17335170609 0.900937288018
1.06363727849 1.07980837607 0.769040495476 1.44299347026 1.46493214117 1.04332598695
1.85514625791 1.95793546289 0.229436992702 15.3395333598 16.1894601147 1.89713150028
5.16623178773 5.22088181761 0.789898728223 7.63167105519 7.71240127951 1.16685574872
3.84010029168 3.93360513606 0.283506710372 3.84010029168 3.93360513606 0.283506710372
60.3272848661 60.410715414 0.490290050519 139.859508255 140.052929117 1.13666188558
1.64610516267 1.71740933262 1.08735282434 1.64610516267 1.71740933262 1.08735282434
0.956348246406 1.56071985665 0.510651241124 0.956348246406 1.56071985665 0.510651241124
1.02705432251 1.75891987043 1.00129901256 1.91306830274 3.27629588567 1.86509453347
4.70648781285 4.76064167904 0.693420584013 7.06417646796 7.14545840947 1.04078573381
10.0532574246 10.5812958872 1.1759149632 10.0532574246 10.5812958872 1.1759149632
