137.942644808 138.263081096 0.861684302492 137.942644808 138.263081096 0.861684302492
5.88883621685 5.91933944975 1.50207217612 9.9138812551 9.96523357969 2.52874500874
1.53068351904 1.53414932449 0.551776274587 4.93615094867 4.94732748427 1.77936911672
1.38655761109 7.79715768706 0.936213303182 2.04763904757 11.5146780865 1.38258006817
2.08958221162 2.09042317827 0.40630216474 2.08958221162 2.09042317827 0.40630216474
1.45161498429 1.1213038783 1.07211533191 2.3636464053 1.82580498953 1.74571189865
1.38229883132 -0.229804289561 -0.229804289561 1.38229883132 -0.229804289561 -0.229804289561
0.747053099158 -0.136392767314 -0.136392767314 1.77605644346 -0.324262429943 -0.324262429943
3.02977418351 3.24303039455 0.974492424508 3.5006017121 3.74699798201 1.12592874685
3.95506703416 3.96313172001 0.906549330358 4.00535139539 4.01351861493 0.91807511579
0.662966395021 1.32048210631 0.655975823069 0.662966395021 1.32048210631 0.655975823069
6.88437319298 18.7608081947 4.85505062209 15.959686902 43.4922129325 11.255213169
10.7126178678 11.149640857 0.650999852285 10.7126178678 11.149640857 0.650999852285
1.81343236728 3.90851079419 1.51022086966 1.81343236728 3.90851079419 1.51022086966
8.35271171409 17.2256762367 1.22320182 8.35271171409 17.2256762367 1.22320182
1.25408361825 0.744057309336 0.633746365318 1.25408361825 0.744057309336 0.633746365318
3.48993061652 3.53447707052 2.09578104444 3.48993061652 3.53447707052 2.09578104444
7.11583853652 7.14497322969 0.785566996523 7.11583853652 7.14497322969 0.785566996523
1.95951935158 1.98956452281 0.634295992375 3.66446497919 3.72065196081 1.18618652509
1.16887099532 1.18221373245 1.10819875694 1.16887099532 1.18221373245 1.10819875694
1.52040727784 -0.223007368045 -0.223007368045 1.52040727784 -0.223007368045 -0.223007368045
1.80919666598 1.82708750563 0.481077839736 1.80919666598 1.82708750563 0.481077839736
12.8089565679 12.8645890362 1.50915545947 42.5586217557 42.7434643825 5.01427075888
1.23136868433 1.25780679984 0.69788413427 1.23136868433 1.25780679984 0.69788413427
1.35190523231 0.661917591761 0.661917591761 1.89675379435 0.928685438678 0.928685438678
1.42868749215 -0.396563232366 -0.396563232366 2.52742012477 -0.701540329662 -0.701540329662
52.7863794289 53.4853688516 0.675495480731 132.378717125 134.131656502 1.69402080859
2.55249569623 2.64866462872 2.19816550359 5.49819048689 5.70534269111 4.73494732167
3.24835746427 3.25637475043 0.562596465052 3.24835746427 3.25637475043 0.562596465052
9.9746716075 10.0752919876 2.10508184301 9.9746716075 10.0752919876 2.10508184301
1.08812274782 0.806421549684 0.807640009089 1.08812274782 0.806421549684 0.807640009089
3.39054804806 3.54094254632 0.796771050653 3.62907346465 3.79004823189 0.852823978998
2.7907520189 2.83660609756 2.04227479261 2.7907520189 2.83660609756 2.04227479261
3.06159547809 3.27316234422 1.74030038285 3.06159547809 3.27316234422 1.74030038285
1.38699010179 0.942700307726 0.864603683863 1.38699010179 0.942700307726 0.864603683863
9.07991801894 9.66280224184 1.22559434801 9.07991801894 9.66280224184 1.22559434801
1.68783286192 1.70047175602 0.96823876918 1.68783286192 1.70047175602 0.96823876918
0.88784509887 0.908669573858 0.908669573858 0.826798857502 0.84619148821 0.84619148821
2.71962342839 2.75500685 1.86652588374 3.21992624244 3.26181880984 2.20989259488
2.21079528961 2.23717208696 0.611008471518 2.21079528961 2.23717208696 0.611008471518
3.84758469393 3.89332231945 2.20977856233 5.50678014899 5.57224122869 3.16270223757
1.54916514629 3.75384979596 1.07982541656 1.54916514629 3.75384979596 1.07982541656
1.13106009931 0.784683551673 0.758340526401 3.9436021806 2.73591099831 2.64406228755
2.51154635221 2.54810290349 1.31587101041 2.51154635221 2.54810290349 1.31587101041
3.05751163621 3.10696983765 1.82889123793 1.4450093618 1.46838378277 0.864351562633
1.15903880842 1.15828950694 1.00300617779 1.15903880842 1.15828950694 1.00300617779
1.86051051142 1.86645731084 1.09699287513 1.86051051142 1.86645731084 1.09699287513
5.85035513174 5.86781234331 2.0756956676 7.31149220584 7.33330938846 2.59410452077
0.820459012209 0.997089589057 0.417547408769 0.820459012209 0.997089589057 0.417547408769
2.22905774236 1.5522963077 1.54020382324 2.22905774236 1.5522963077 1.54020382324
1.60799469173 -0.374846631251 -0.374846631251 1.60799469173 -0.374846631251 -0.374846631251
6.51574337863 6.80807318207 3.74768617098 6.51574337863 6.80807318207 3.74768617098
0.693573568332 1.21520360782 0.562770563047 0.693573568332 1.21520360782 0.562770563047
1.73338121466 1.75297440428 1.23182981952 1.73338121466 1.75297440428 1.23182981952
2.87697681958 2.8910767634 1.15696867454 2.87697681958 2.8910767634 1.15696867454
1.24046676586 1.07047927599 0.549517399983 2.43468498776 2.10104768196 1.07854704461
1.29625199537 1.33530299572 0.773657181794 1.29625199537 1.33530299572 0.773657181794
0.931917606324 0.938488447761 0.911527542281 0.931917606324 0.938488447761 0.911527542281
1.26490406905 1.3152316288 0.98024333455 1.26490406905 1.3152316288 0.98024333455
1.86363673823 1.8772800257 0.553845580456 2.15369874028 2.16946550986 0.640047764927
1.52060977034 1.0334987101 1.0334987101 2.21847120401 1.50780770482 1.50780770482
1.63189756595 1.64662462681 0.708619813667 1.99127306112 2.00924330641 0.864671640532
2.18172106769 1.23176096745 1.1011684599 1.83247385764 1.03458219528 0.924894774821
1086.25746588 1087.351653 0.775390575268 1086.25746588 1087.351653 0.775390575268
2.12000723342 2.14117888715 0.41450359267 2.12000723342 2.14117888715 0.41450359267
0.764499109386 0.773826320811 0.284557805704 2.40943866372 2.43883483117 0.896828486402
1.85036508792 1.91135895721 0.51865892631 1.85036508792 1.91135895721 0.51865892631
7.12795822602 7.13175148086 1.47489090725 7.12795822602 7.13175148086 1.47489090725
1.84321500627 1.87702702117 1.65378509159 3.37898200694 3.44096619739 3.0317190609
46.0332595605 46.1220446491 2.10510917773 46.0332595605 46.1220446491 2.10510917773
6.4613291012 6.55511726319 2.46806312738 6.46477216065 6.55861029969 2.46937828838
1.969645467 1.1141898484 0.874248189618 4.64331739185 2.62663366965 2.0609860463
1.60066148314 1.6343202351 0.989873767592 1.90973791582 1.94989593518 1.1810114042
1.26305930236 1.32979163006 0.172850433497 2.39261697088 2.51902821655 0.327431087231
14.1180099527 14.5981701697 3.46912142813 14.1180099527 14.5981701697 3.46912142813
4.92888042647 4.95684349048 0.6010488622 4.92888042647 4.95684349048 0.6010488622
1.99115019494 2.01345256877 1.04795914803 1.99115019494 2.01345256877 1.04795914803
1.6119422729 1.63308222895 0.79089640684 1.6119422729 1.63308222895 0.79089640684
0.907390169221 0.920062524952 0.659929916199 1.52186805336 1.54312203429 1.10682955468
12.1617650479 12.3124062118 1.07829813822 12.1617650479 12.3124062118 1.07829813822
1.03148669157 1.57752049689 0.93016777177 1.03148669157 1.57752049689 0.93016777177
0.594101733596 0.597568028432 0.48153273859 2.02212233165 2.03392043255 1.6389753624
1.9409163078 -0.284079096567 -0.284079096567 1.9409163078 -0.284079096567 -0.284079096567
1.962010962 1.98500831511 0.62638730549 1.44232492777 1.45923087595 0.46047348493
2.05065528526 2.08263807591 1.99675776453 2.45350965003 2.49177550878 2.38902387898
323.096012988 323.539925783 1.1834883618 323.096012988 323.539925783 1.1834883618
0.786056722527 0.802528245846 0.627927089477 1.32336650329 1.35109715121 1.05714721712
1.12663937242 1.13465348177 0.313228067349 1.12663937242 1.13465348177 0.313228067349
4.28508392942 4.34458635597 0.690667518928 4.80462143381 4.87133812797 0.774406293958
1.6801744703 -0.513508504369 -0.513508504369 1.84675337515 -0.564419695914 -0.564419695914
1.31074901031 1.22552062125 0.5475852922 1.31074901031 1.22552062125 0.5475852922
1.37321940889 5.67694753731 1.25801789164 1.37321940889 5.67694753731 1.25801789164
4.94365399131 5.053516059 0.957330401411 4.94365399131 5.053516059 0.957330401411
2.52474962015 2.55439126707 1.51120596274 3.18038249934 3.21772155838 1.90363945733
2.24557346974 1.24569047907 0.807690180033 4.43916719018 2.4625461506 1.59668423026
3.96245620402 4.11646962393 0.8979239347 3.96245620402 4.11646962393 0.8979239347
3.76896067245 3.81826440729 2.0349096878 6.23926154697 6.32088057238 3.36865647324
1.31944616985 1.33071140184 0.710875785499 1.31944616985 1.33071140184 0.710875785499
2.55815563163 2.5811318751 0.91535017299 5.84035444202 5.89280997051 2.08977490764
8.33516521741 8.90203558178 2.96414178743 8.33516521741 8.90203558178 2.96414178743
15.2574939061 15.485374387 1.14566728222 15.2574939061 15.485374387 1.14566728222
91.004768066 93.1627438302 1.23557064953 91.004768066 93.1627438302 1.23557064953
1.15624069239 1.18020844576 0.641411091378 2.94344527383 3.00446005287 1.63284206993
9.1770518338 9.43281525548 4.40797691213 9.1770518338 9.43281525548 4.40797691213
1.04366676453 1.07017740342 0.520441804273 1.04366676453 1.07017740342 0.520441804273
3.88030258775 3.89002081681 1.43860047798 3.88030258775 3.89002081681 1.43860047798
5.0239035834 5.25847834098 5.0954996662 3.53035412698 3.69519247425 3.5806655078
2.65896822141 2.68478094063 1.63561639292 2.65896822141 2.68478094063 1.63561639292
2.07247879589 2.08504041486 1.1942730026 2.07247879589 2.08504041486 1.1942730026
2.29708170921 2.34520108417 1.22793802492 4.0346956944 4.11921468831 2.15680454129
1.90795021866 4.55260881048 1.00640178687 1.90795021866 4.55260881048 1.00640178687
2.08136415807 2.10315576626 1.77684028512 2.38961752831 2.41463650863 2.03999318133
0.813470625856 0.816207370177 0.816305375448 0.781877233564 0.784507688815 0.784601887778
1.1450912342 1.1494443851 0.772830902252 0.865042533054 0.868331057647 0.583823874763
1.37775145475 1.24465024769 1.24614827406 1.37775145475 1.24465024769 1.24614827406
1.02308196807 0.550436340207 0.523981634115 1.02308196807 0.550436340207 0.523981634115
2.61371089112 2.66204986875 0.94343935617 2.4962131546 2.54237908376 0.901027630652
6.31312116293 6.37763407451 0.313839046106 21.3524452305 21.5706429136 1.06147670387
2.59855161594 2.61193339134 0.6350807064 2.59855161594 2.61193339134 0.6350807064
1.14706911869 1.14720057737 0.733337437812 1.14706911869 1.14720057737 0.733337437812
1.32421413792 1.4332059224 0.495223468796 1.32421413792 1.4332059224 0.495223468796
1.2459673355 0.969322490885 0.929898211846 1.15110767405 0.895524726933 0.859101950146
1.2950337293 0.972557263076 0.952434431156 1.2950337293 0.972557263076 0.952434431156
3.53134408674 1.94529820312 1.09541892372 3.53134408674 1.94529820312 1.09541892372
1.14207313364 1.21038084156 1.21038084156 2.01443111098 2.13491478923 2.13491478923
3.03509416503 3.12388419152 1.89480511471 4.15252949151 4.27400947977 2.59241845282
5.21144517664 5.49670178947 0.64083569642 5.21144517664 5.49670178947 0.64083569642
1.18328114004 1.18070652703 0.881546434757 1.18328114004 1.18070652703 0.881546434757
5.77078941973 5.9081979397 2.38720559255 7.43642482551 7.61349386317 3.07622989523
36.9475224179 36.9915833331 0.906319095614 36.9475224179 36.9915833331 0.906319095614
1.41849201174 1.70095113143 1.39851712972 1.38701465684 1.66320580612 1.36748303178
4.38015479893 10.4899078445 1.90935173015 4.38015479893 10.4899078445 1.90935173015
7.03874976264 7.04935989091 0.579846278125 7.03874976264 7.04935989091 0.579846278125
4.288045587 21.2557213498 3.64729571168 7.61010879066 37.7230951991 6.47295290931
2.19386498255 2.21101757153 1.39155342588 2.19386498255 2.21101757153 1.39155342588
1.03797289452 1.23845828179 0.729574063856 1.03797289452 1.23845828179 0.729574063856
1.88757504255 -0.469204227632 -0.469204227632 1.88757504255 -0.469204227632 -0.469204227632
2.00849412989 2.02538900422 0.900501871178 3.67866896488 3.70961286903 1.64931937665
2.79926646405 1.80695792982 1.79726976467 1.25104404802 0.807562978431 0.803233157924
2.69558899704 2.82771416847 0.615883196216 6.06247395498 6.35962808771 1.38514285393
1.37252835138 1.39134787197 0.946476121126 1.37252835138 1.39134787197 0.946476121126
0.889909552716 1.27725132276 0.700506125868 4.60518079279 6.60963042951 3.62503958546
1.57890594355 1.58378945987 1.30747307847 3.06177953637 3.07124954338 2.53542291888
3.45146556718 3.5063335195 0.888434011192 3.45146556718 3.5063335195 0.888434011192
1.01860474814 1.1538225413 0.377018533788 3.39059584298 3.84069082656 1.25496908955
1.13990922317 1.14217053894 1.06216876432 1.55730909727 1.56039843767 1.45110246139
9.39432080148 9.58087848045 1.29056874014 9.39432080148 9.58087848045 1.29056874014
3.95961285687 4.01426093241 1.31228083572 5.78210600049 5.86190697521 1.91628504322
4.11294875724 4.22323746001 1.81057856276 4.98753329494 5.12127397823 2.19558312001
2.07651650581 2.1596416509 0.758113252691 2.07651650581 2.1596416509 0.758113252691
5.61724555401 5.68246347233 0.675173257349 5.61724555401 5.68246347233 0.675173257349
9.34191778748 9.44074349831 0.751828236825 10.6606151268 10.7733909928 0.857955684969
2.2419291497 2.25352480705 0.466563090109 3.85972747655 3.87969067533 0.803239646836
2.1291287179 3.06846450762 0.807562150223 2.1291287179 3.06846450762 0.807562150223
24.5816077962 24.632107842 0.576480761198 24.5816077962 24.632107842 0.576480761198
1.23160617528 1.24949628721 0.660595087933 2.93613325602 2.9787830524 1.57485017969
1.59286133314 1.62084290388 1.41847988595 1.59286133314 1.62084290388 1.41847988595
2.92926709422 3.01396359609 2.27177425762 2.61313331455 2.68868915959 2.02659873777
1.21955185082 0.766058235032 0.766402013919 1.55586328322 0.977311362281 0.977749943836
1.64229497941 1.67950099805 0.883516033935 2.25515801122 2.30624837687 1.21322191625
1.05443086518 1.19394981538 0.561971232306 1.05443086518 1.19394981538 0.561971232306
1.93249527486 1.9497996963 1.47974619476 1.93249527486 1.9497996963 1.47974619476
3.71063149261 3.75031701822 1.05134321688 3.71063149261 3.75031701822 1.05134321688
2.38617466332 2.38730126404 1.21987734228 2.38617466332 2.38730126404 1.21987734228
23.0038803639 23.6856787063 2.03837990641 23.0038803639 23.6856787063 2.03837990641
2.27632223537 2.28485237338 1.46896892835 4.52410786362 4.54106120345 2.91952245464
3.04716629234 4.15922761463 1.58617307758 3.19473306135 4.36064877835 1.66298753852
1.49877349552 1.01158712548 1.01158712548 1.86205308427 1.25678024907 1.25678024907
2.45815442753 2.57409008466 0.704106766598 7.50125567893 7.85504264881 2.14863835338
2.29345802234 4.01853889617 2.01682843157 3.62106464116 6.34473749434 3.18430337495
3.75512541903 3.80924376364 1.64571238859 3.75512541903 3.80924376364 1.64571238859
1.91596249725 2.72742425411 1.77234550077 2.73575420076 3.89441983918 2.53068713813
1.07451342535 1.10648397885 0.741980380339 1.27075505955 1.30856449186 0.877490499566
3.70660577147 3.78197857551 1.01667678327 3.70660577147 3.78197857551 1.01667678327
16.0062149104 16.2284112164 0.284918463855 16.0062149104 16.2284112164 0.284918463855
0.974994589435 0.990112161972 0.668133790862 1.94077151698 1.97086373955 1.32995100167
1.18396943552 1.20751592148 0.393617897601 1.18396943552 1.20751592148 0.393617897601
9.48987830412 9.51238128216 1.4242568731 34.0153148008 34.0959739892 5.10507557033
1.1195503315 1.14545574311 1.01084113032 1.1195503315 1.14545574311 1.01084113032
1.70070450046 1.78238979893 0.269677846935 2.99232810451 3.13605043503 0.474488425431
1.91069107307 1.92641192665 0.519747625322 1.91069107307 1.92641192665 0.519747625322
1.21724033251 1.81354521485 1.15488084338 1.21724033251 1.81354521485 1.15488084338
13.4944945834 14.3468723031 1.70472654976 13.4944945834 14.3468723031 1.70472654976
3.467113963 3.4783090634 0.843022641165 3.467113963 3.4783090634 0.843022641165
2.25362315068 2.26673147831 1.68345346074 3.73012197306 3.75181844033 2.78639609407
2.63444894856 2.73545633262 0.735378055034 2.63444894856 2.73545633262 0.735378055034
1.18081183244 1.20361982862 0.932380775155 1.33729968696 1.36313032763 1.05594514256
2.6862191976 3.68950842308 2.05182384222 2.6862191976 3.68950842308 2.05182384222
4.05937694809 4.24233930258 0.524193180435 7.63050705711 7.97442573108 0.985338344712
3.80255154916 3.88064003118 3.24282922947 3.48585095019 3.5574357284 2.9727458536
1.60732595865 1.09378788531 1.0402815975 2.02711097563 1.37945226069 1.3119717458
0.987916514099 1.01483838658 0.495604829639 0.987916514099 1.01483838658 0.495604829639
1.08385230492 1.08386752848 0.898155464611 1.08385230492 1.08386752848 0.898155464611
2.84601258056 2.86587586774 0.99403554905 2.84601258056 2.86587586774 0.99403554905
10.0317222225 10.1860690492 1.52940499929 10.0317222225 10.1860690492 1.52940499929
1.67651484294 1.71276038604 0.462407359006 1.67651484294 1.71276038604 0.462407359006
2.28222192258 2.31248362796 1.65503919008 2.28222192258 2.31248362796 1.65503919008
1.94819794726 1.96129703215 0.342863717966 1.94819794726 1.96129703215 0.342863717966
1.57054826757 1.68452992693 0.310791650049 8.15989412285 8.75209386071 1.61473990392
0.766353306281 0.791473762313 0.570316835191 2.53715564817 2.6203216062 1.88814032352
