1.39809294733 1.39856242213 0.420431140515 2.71489692701 2.71580858006 0.816417258658
5.72166654224 5.83370342941 4.63271884803 5.37433074555 5.47956639375 4.35148800732
1.34107711888 2.5358700396 1.19029026579 1.34107711888 2.5358700396 1.19029026579
1.17215217958 1.28360888856 1.10784173804 1.17215217958 1.28360888856 1.10784173804
2.00206458734 2.02300532116 0.937210519528 2.00206458734 2.02300532116 0.937210519528
1.12849483911 1.13574111916 0.930771330674 1.12849483911 1.13574111916 0.930771330674
2.92721274052 2.95443384256 0.761321167316 5.38077457619 5.43081214665 1.39945331772
1.44590949546 1.4602969392 0.857128101352 1.72293875059 1.74008275885 1.02134969351
1.08633128891 1.7422326865 0.691433067471 1.56119333931 2.50380532483 0.993675419771
2.68698321889 2.73187909458 2.61253574857 2.68698321889 2.73187909458 2.61253574857
27.8929018513 27.9718444296 2.3488520514 35.1919841122 35.2915845761 2.96350535759
0.934033679974 1.44990300871 0.831997604752 1.10996137376 1.72299604378 0.988706536104
2.83958176414 2.87169303524 0.374945141203 5.30097456742 5.36092037831 0.699953311011
1.34934770514 1.38738697041 1.38738697041 3.87203344356 3.98118937625 3.98118937625
4.01922270064 4.08866323697 4.08866323697 7.05237538083 7.17422001729 7.17422001729
1.55509472208 2.50937914332 0.867139099843 1.55509472208 2.50937914332 0.867139099843
1.50694553028 1.50889326325 0.609512041413 1.50694553028 1.50889326325 0.609512041413
0.941928440324 1.09104667896 0.863909012612 1.7406539609 2.01621974872 1.59647652654
1.38735801656 1.39842990357 0.904579492344 1.38735801656 1.39842990357 0.904579492344
1.89306031077 1.93202649917 0.845766507989 2.28664945811 2.33371716803 1.02161115321
1.58116467905 2.93397963856 1.38084675549 1.58116467905 2.93397963856 1.38084675549
16.1664596373 16.8724161959 1.74770538457 16.1664596373 16.8724161959 1.74770538457
1.3927532879 1.55576266488 0.917411571084 1.3927532879 1.55576266488 0.917411571084
1.10055305485 1.19961200722 0.738096275437 1.10055305485 1.19961200722 0.738096275437
6.04098069961 6.09263840949 1.24576185599 6.04098069961 6.09263840949 1.24576185599
1.21157176874 3.43763921006 1.09142471598 1.21157176874 3.43763921006 1.09142471598
0.422204051103 0.48673968839 0.333427025057 0.90078362201 1.0384721282 0.711375465306
1.60056712708 1.62795140064 1.06745566391 2.14430608406 2.18099324538 1.43008789563
1.62033077706 1.63366377435 1.4262536277 1.62033077706 1.63366377435 1.4262536277
1.64522353965 1.68366699154 0.901637447237 1.64522353965 1.68366699154 0.901637447237
1.11227300636 1.00514797571 1.00514797571 2.3413811834 2.11587851489 2.11587851489
1.76497739304 1.85069762102 1.56857951705 1.76497739304 1.85069762102 1.56857951705
1.19328737522 1.21097570801 0.408151826155 3.20350750306 3.25099372304 1.09572720254
1.51948822113 1.55070636913 0.483893095251 3.19451641355 3.26014830512 1.01731913001
2.41510831022 2.42026704234 1.37794164125 2.41510831022 2.42026704234 1.37794164125
1.34666637275 2.93217686706 0.951579715314 1.34666637275 2.93217686706 0.951579715314
1.01737745887 1.31368763908 0.651752103351 1.01737745887 1.31368763908 0.651752103351
43.3672968809 43.5958661711 4.44230726951 61.2297221861 61.5524361929 6.27203583208
2.96701935534 3.05602074538 0.421744039838 9.44027634771 9.72345539602 1.34187877032
1.25396730611 0.756134747507 0.638437572975 1.25396730611 0.756134747507 0.638437572975
4.66314592955 5.30946513547 0.379916247085 4.66314592955 5.30946513547 0.379916247085
1.02632752214 1.03562206647 0.680412059911 1.94718048048 1.96481437892 1.29089891206
3.24698237783 3.26316512808 0.974806584158 3.53931483857 3.5569545549 1.06257041356
0.876735921823 0.877559386949 0.729301430449 1.2920271047 1.29324062776 1.07475602651
4.51409360383 4.66964962247 0.199774943116 4.51409360383 4.66964962247 0.199774943116
1.93531198905 1.99401376198 1.0064658941 1.93531198905 1.99401376198 1.0064658941
85.3303942942 87.386451996 0.852598161408 85.3303942942 87.386451996 0.852598161408
1.87359868734 2.06990091197 1.26850455032 1.87359868734 2.06990091197 1.26850455032
3.17722453381 3.21316093447 0.595068866888 5.39165964681 5.45264269639 1.00981493833
1.1550661294 1.15402446257 1.14928543662 1.06101901646 1.06006216361 1.05570899583
3.66634459828 3.72487563851 2.74475959904 2.37130110155 2.40915753224 1.7752426937
1.7660865946 1.79298499277 0.467554273991 7.33196992497 7.44363956056 1.94106783081
3.1063675271 3.09033772335 1.53736790481 3.1063675271 3.09033772335 1.53736790481
1.74483676854 2.37549567551 0.968132487684 1.74483676854 2.37549567551 0.968132487684
1.73974695237 1.74877830168 0.121621700467 13.2648497144 13.3337100111 0.927315076782
1.12805244532 1.14506972578 0.87721019765 3.92082058387 3.97996828021 3.04895735441
23.4059302589 23.743037647 3.59760027615 27.7902923034 28.1905461174 4.27149710178
10.2238204132 10.2429042668 1.2714411121 10.2238204132 10.2429042668 1.2714411121
1.59492153321 1.62053564728 0.805645880987 1.59492153321 1.62053564728 0.805645880987
0.999891667038 1.35029597805 0.976038698837 0.999891667038 1.35029597805 0.976038698837
1.04461358156 1.03471131622 0.621757637669 1.77132702605 1.75453598435 1.05430000787
2.78659104526 2.62596720814 2.62596720814 4.90983508017 4.6268238534 4.6268238534
160.039284235 161.69038958 1.19199712992 341.077558638 344.596413291 2.54039795865
1.51627457013 1.53065771144 0.645723775632 1.51627457013 1.53065771144 0.645723775632
1.1101684223 1.12457195783 0.475349761076 2.68607989318 2.72092960283 1.15012047704
40.6991498143 41.0322315254 1.4846622998 99.9677898057 100.785925876 3.6467201255
0.897446055555 0.914180490799 0.558190055156 1.39035397767 1.41627953438 0.864767033827
2.75669711486 2.79709357445 0.558730901595 2.75669711486 2.79709357445 0.558730901595
5.7150299434 5.72829571272 1.47706778833 5.7150299434 5.72829571272 1.47706778833
7.65073131846 7.80145547025 3.42218833241 7.65073131846 7.80145547025 3.42218833241
1.55774355274 1.56707944246 0.511225152606 1.55774355274 1.56707944246 0.511225152606
1.5202753426 1.32424027418 1.1268297609 1.5202753426 1.32424027418 1.1268297609
33.8292310129 33.8551805422 6.38145576757 33.8292310129 33.8551805422 6.38145576757
1.27639464103 -0.247598939902 -0.247598939902 2.61703913823 -0.507661263592 -0.507661263592
0.933314103999 1.27747220926 0.727162809602 0.933314103999 1.27747220926 0.727162809602
2.11505684091 2.18882670938 1.59619186917 2.92754081438 3.02964885074 2.20935757101
1.83289083403 1.94368550277 0.930104579025 1.83289083403 1.94368550277 0.930104579025
5.0790373232 5.12484941034 4.13240432552 5.11062294901 5.15671993333 4.15810300982
1.20607726128 1.21259657638 0.528504170921 1.20607726128 1.21259657638 0.528504170921
0.855958158609 0.856008987217 0.856008987217 0.855958158609 0.856008987217 0.856008987217
9.58962471464 9.76640024267 1.97558817916 15.1754366913 15.4551813022 3.12633854118
2.0274708303 2.03878919689 1.09114267896 2.0274708303 2.03878919689 1.09114267896
2.51337270911 2.58270123442 0.813166716137 3.93032206756 4.03873552806 1.27160093585
2.31905763209 2.32017624204 0.589478985716 2.31905763209 2.32017624204 0.589478985716
3.57709740816 3.74210545653 2.52972843905 4.75980664059 4.97937192349 3.36614211165
0.813496438089 1.02365141012 0.743457658645 1.60575188423 2.02057452698 1.46750308952
1.85589626659 2.12108767665 1.21664279905 2.71144810036 3.09889041488 1.77750441427
253.730475147 255.716988574 1.09616018798 253.730475147 255.716988574 1.09616018798
1.25442072188 4.21754958302 1.18933321533 1.12919612072 3.79652579475 1.07060608101
1.65454462403 1.68309093238 1.19849684308 1.71064142147 1.74015558313 1.23913148881
1.08786117734 1.91989669932 1.05552660365 1.08786117734 1.91989669932 1.05552660365
1.07913675027 3.08072517127 0.975576295067 1.07913675027 3.08072517127 0.975576295067
1.77480458607 1.79460380637 0.982867194102 1.93576419902 1.95735903944 1.0720048515
0.776473569799 1.61819930922 0.593619940404 1.16890506964 2.43604090314 0.893636802035
3.16701835686 3.21045658642 0.697340459299 3.16701835686 3.21045658642 0.697340459299
1.23563138665 1.24179277004 0.45270447703 1.23563138665 1.24179277004 0.45270447703
6.67405709953 7.11826272015 0.803070784081 6.67405709953 7.11826272015 0.803070784081
2.91156116062 2.98106286926 1.90418771604 2.91156116062 2.98106286926 1.90418771604
0.757938048801 0.785358630001 0.487341857513 0.757938048801 0.785358630001 0.487341857513
1.35930135339 1.36935878923 0.587045538121 1.35930135339 1.36935878923 0.587045538121
1.33055322935 1.51616186235 0.743183044338 1.33055322935 1.51616186235 0.743183044338
6.28813507008 6.55301956028 6.55301956028 10.8176130254 11.2732994697 11.2732994697
1.42811980214 1.1791278731 0.784131829254 1.42811980214 1.1791278731 0.784131829254
1.96321705898 1.99726653352 0.788928770925 1.95803320098 1.99199276817 0.786845611193
1.03708822408 1.03828345973 0.116869577761 8.0466183849 8.05589204642 0.906774246601
2.30192211294 2.33319686177 1.23062206466 2.30192211294 2.33319686177 1.23062206466
2.33976959634 2.37399093226 0.75974317899 2.33976959634 2.37399093226 0.75974317899
1.30062935167 1.47060538968 0.78965370401 1.30062935167 1.47060538968 0.78965370401
1.31636339978 1.3328154091 0.727612538518 1.31636339978 1.3328154091 0.727612538518
2.31362733394 2.33104954969 1.31198283119 2.67194236295 2.69206278409 1.51517163317
1.19663556983 1.39925003751 0.776059020392 1.52445427532 1.78257504264 0.988660642691
12.9706909236 12.9874834639 0.999875440282 12.9706909236 12.9874834639 0.999875440282
1.40040340184 1.92225972942 0.95579803876 1.40040340184 1.92225972942 0.95579803876
1.12425259273 1.1519630614 1.1519630614 4.97315296208 5.09573075308 5.09573075308
11.3423201827 11.850808528 0.217237856435 11.3423201827 11.850808528 0.217237856435
1.37005749311 1.40045076528 1.08720960123 1.37005749311 1.40045076528 1.08720960123
2.95886561765 3.00833290042 0.582081495702 2.95886561765 3.00833290042 0.582081495702
1.5375125113 1.52817187398 1.52817187398 1.48252274464 1.47351617905 1.47351617905
7.99035729023 8.0546710058 1.00851280159 9.7999241316 9.87880289888 1.2369095126
2.56239609259 2.57631621057 1.1348855878 2.56239609259 2.57631621057 1.1348855878
4.56261346148 4.87768902944 1.60611767667 4.56261346148 4.87768902944 1.60611767667
3.46208699373 3.50718118178 1.99341541199 3.46208699373 3.50718118178 1.99341541199
24.1309276699 24.1403944875 2.83753019561 24.1309276699 24.1403944875 2.83753019561
4.07122008948 4.14124202395 0.724354866444 4.55453796932 4.63287260911 0.810347185848
3.33719010861 3.35845468278 0.953757307758 3.33719010861 3.35845468278 0.953757307758
1.89756265538 1.91331419279 0.988871935797 2.04033286616 2.05726952929 1.06327340776
1.16487585884 1.16997803827 0.634151987462 1.04188403753 1.04644751033 0.567195918851
2.75331188137 5.06705535943 2.24110796893 11.7635364944 21.6490151527 9.57514314264
0.998635677296 1.02366264159 0.811762423375 1.45542920562 1.4919039437 1.18307683759
1.47092306112 1.47203625328 0.645960067741 1.47092306112 1.47203625328 0.645960067741
2.68056288089 2.69749911221 1.34608434617 2.68056288089 2.69749911221 1.34608434617
1.20296023321 -0.25753255409 -0.25753255409 2.40170472647 -0.514162592664 -0.514162592664
1.30858828745 1.31008658602 0.665588328357 1.30858828745 1.31008658602 0.665588328357
1.19558029409 1.21363988179 0.859581877526 1.41989283587 1.44134072969 1.02085502394
0.215122855976 0.22053130001 0.0928263751365 0.215122855976 0.22053130001 0.0928263751365
0.989515858456 0.971213604737 0.69128494033 0.989515858456 0.971213604737 0.69128494033
0.708334705605 0.738090658966 0.395561979603 1.84415220004 1.92162194199 1.02984717417
0.772216466169 0.770204192793 0.72229584689 0.772216466169 0.770204192793 0.72229584689
4.61069927698 4.63549186151 0.50519619068 7.25624324802 7.29526141278 0.795069517079
2.78620362059 3.17489651413 0.956675333195 2.80796850116 3.19969773215 0.964148557413
8.34369102031 8.39226401156 1.24303233764 8.34369102031 8.39226401156 1.24303233764
1245.63190873 1246.28584028 1246.28584028 1245.63190873 1246.28584028 1246.28584028
8.25006197639 8.30246974939 0.953345765785 8.25006197639 8.30246974939 0.953345765785
1.08396093895 0.954671034204 0.954671034204 1.44297575805 1.27086420716 1.27086420716
8.7655179375 8.83532269955 8.83532269955 10.7625694445 10.8482778538 10.8482778538
3.14466198583 3.04810425499 1.50791290784 3.14466198583 3.04810425499 1.50791290784
1.04824861097 1.05478877761 1.05478877761 1.04824861097 1.05478877761 1.05478877761
2.28690175022 2.2967708068 0.278660084417 2.28690175022 2.2967708068 0.278660084417
1.72576377492 1.75290563067 1.72535727205 1.64169276571 1.66751239924 1.64130606572
2.43856958941 2.40216235711 0.87759586425 2.43856958941 2.40216235711 0.87759586425
1.7433639053 2.01530536616 2.00614154567 1.7433639053 2.01530536616 2.00614154567
2.46272347294 2.47017409342 0.549913555189 4.94522900651 4.96019009529 1.10424434334
2.35440118318 2.40999726034 1.51852943996 2.35440118318 2.40999726034 1.51852943996
1.34872980071 1.35497133443 1.09692576281 1.34872980071 1.35497133443 1.09692576281
1.40582764351 1.42823821843 1.37492129104 1.73071210638 1.75830172842 1.69266334655
4.62043881066 4.78540564964 1.06757112498 4.62043881066 4.78540564964 1.06757112498
2.14506116856 2.18595433745 1.55974098667 2.14506116856 2.18595433745 1.55974098667
0.954193445913 1.40297128655 1.41375963166 0.954193445913 1.40297128655 1.41375963166
1.41922041024 1.59108584641 1.12980184662 1.5256256458 1.71037659439 1.21450809152
1.11091550401 6.8705691091 1.10713614026 1.11091550401 6.8705691091 1.10713614026
1.0526592404 1.63471813088 0.982950756261 1.0526592404 1.63471813088 0.982950756261
2.11710449259 2.12602417452 1.03990242771 3.59306408025 3.6082022035 1.76488032265
1.74740029821 1.78994148489 0.968484086135 2.82555430988 2.89434360419 1.56604321657
4.4800118705 4.51722778016 0.965283851614 4.4800118705 4.51722778016 0.965283851614
1.97913477923 2.1489633031 0.177580925057 1.97913477923 2.1489633031 0.177580925057
2.21592590467 2.21046240539 1.69902283527 2.21592590467 2.21046240539 1.69902283527
1.16405267626 1.12123160784 1.12123160784 2.21562885796 2.13412430335 2.13412430335
8.71569557655 8.89284146125 1.94027099954 8.71569557655 8.89284146125 1.94027099954
4.73972690582 4.9564756705 1.37128050101 4.73972690582 4.9564756705 1.37128050101
1.16429618485 0.953401901437 0.953401901437 1.16429618485 0.953401901437 0.953401901437
2.22642421508 2.2717963674 0.734363158489 3.3890245415 3.45808924923 1.11783493444
2.29886857138 2.33361269654 2.33361269654 2.29886857138 2.33361269654 2.33361269654
1.02035067831 1.47443863004 0.917140281021 1.02035067831 1.47443863004 0.917140281021
0.983732403317 0.992208366608 0.9135808924 0.983732403317 0.992208366608 0.9135808924
20.0071742734 20.2068943517 1.73394138461 20.0071742734 20.2068943517 1.73394138461
3.16591493194 2.77025563738 0.830698132223 3.16591493194 2.77025563738 0.830698132223
4.88186580935 4.89581500737 1.87129085484 4.88186580935 4.89581500737 1.87129085484
1.38744168047 1.38761678548 0.786361003964 1.38744168047 1.38761678548 0.786361003964
4.53001211524 4.61773486719 0.845919945631 4.53001211524 4.61773486719 0.845919945631
1.44203754166 1.44559431316 0.596707208299 1.44203754166 1.44559431316 0.596707208299
1.05912101314 0.849290280409 0.44225220116 1.05912101314 0.849290280409 0.44225220116
1.07595566866 1.29355427426 0.723490960224 1.07595566866 1.29355427426 0.723490960224
63.4802713157 63.9166666512 1.18169125639 89.9689439156 90.5874357187 1.67478040292
1.31934609622 1.32635340451 0.704079796149 1.31934609622 1.32635340451 0.704079796149
1.46207634748 1.48611608096 0.878820950983 1.43794735025 1.46159035023 0.864317557688
1.57819938796 1.60505373319 0.704498836353 1.57819938796 1.60505373319 0.704498836353
3.77787880939 3.86797091265 3.26647207303 3.77787880939 3.86797091265 3.26647207303
1.33395705793 1.35709574045 0.831428011539 2.25005761616 2.28908688514 1.40241465685
4.91984241526 4.82600796238 4.82600796238 4.91984241526 4.82600796238 4.82600796238
0.922075022369 1.77428346013 0.779041975893 1.07358292702 2.06581935773 0.907047848019
3.20142035844 3.29418728143 1.48346101208 2.68020041093 2.75786404684 1.24194025433
4.6323111497 4.72202290017 1.19190393181 4.6323111497 4.72202290017 1.19190393181
3.92777746983 3.99066084687 1.49387964235 3.92777746983 3.99066084687 1.49387964235
2.3997950299 2.41215331924 1.286482002 2.50048914123 2.51336597776 1.34046209627
5.9561236454 5.9635826388 0.481277569021 5.9561236454 5.9635826388 0.481277569021
2.33503288643 2.36835969624 0.631347397637 2.33503288643 2.36835969624 0.631347397637
1.79684943576 1.8183460367 0.72364353161 1.79684943576 1.8183460367 0.72364353161
1.50034317131 0.890280407532 0.87097813489 1.50034317131 0.890280407532 0.87097813489
0.908075216008 1.03707327569 0.729489860355 1.41489043985 1.61588493698 1.13663296959
0.972506174754 2.20014011883 0.904614598962 1.06277414216 2.40435699858 0.988580874197
