1.54821700863 1.48591920166 1.34533469173 1.54821700863 1.48591920166 1.34533469173
2.34880048816 1.44622596923 0.719063646286 2.34880048816 1.44622596923 0.719063646286
1.07107924556 0.706297482708 0.56486108869 1.96864816114 1.29817774578 1.03821705832
2.3609047894 1.53853791645 0.86732205659 2.3609047894 1.53853791645 0.86732205659
3.14357564272 3.46615146726 0.903203937267 3.14357564272 3.46615146726 0.903203937267
2.95326705787 5.49490639338 1.02147219109 2.95326705787 5.49490639338 1.02147219109
1.82328690758 -0.268914285156 -0.268914285156 1.82328690758 -0.268914285156 -0.268914285156
4.85758759329 4.9126492369 0.686891075924 16.4799770467 16.6667806001 2.33036439332
8.2752147002 8.59232630428 5.38516290343 12.64372219 13.1282378395 8.2280044888
1.20504199199 0.883689458883 0.800412040963 1.20504199199 0.883689458883 0.800412040963
1.08645435977 0.86648922028 0.342817469927 1.08645435977 0.86648922028 0.342817469927
4.0655193533 4.1651872908 1.41749033004 4.0655193533 4.1651872908 1.41749033004
1.83613397748 0.838805795173 0.35723776474 5.35670261711 2.44711619814 1.04219871359
2.6286009493 2.10333636293 1.15593665672 6.1727067648 4.93923529913 2.7144698485
0.400794324038 -0.110498268311 -0.110498268311 1.0590352947 -0.291974110224 -0.291974110224
4.4559895451 1.66053837049 0.396768954282 4.4559895451 1.66053837049 0.396768954282
3.11835517488 3.09872698238 1.07215875906 3.11835517488 3.09872698238 1.07215875906
4.03078485819 4.12661940797 2.75748972276 10.2208695394 10.4638774064 6.99217241904
1.01647358391 -0.163649723278 -0.163649723278 1.54164396451 -0.248200850645 -0.248200850645
1.8086732161 1.81747489331 1.44763025455 1.8086732161 1.81747489331 1.44763025455
1.47563973682 0.882217139513 0.913441684132 1.47563973682 0.882217139513 0.913441684132
4.03462593925 1.00887300116 0.997429906358 4.03462593925 1.00887300116 0.997429906358
2.73029360641 2.80798100977 0.928400516915 2.73029360641 2.80798100977 0.928400516915
7.98481847671 4.1157605964 1.79491374206 7.98481847671 4.1157605964 1.79491374206
1.29500671515 1.21481851168 1.16007399696 1.14140293679 1.07072604387 1.02247490421
4.29520179623 1.65471326427 1.65471326427 4.29520179623 1.65471326427 1.65471326427
3.18421602111 2.41858467335 0.94959701449 4.37060753379 3.3197133374 1.30340273338
0.639354307934 0.624452769775 0.559718035027 1.60714266683 1.56968472296 1.40696124875
42.2673046112 42.8458825033 1.72251111405 107.052858922 108.518256775 4.36270400915
1.23791121455 1.25850917583 0.986330899824 1.23791121455 1.25850917583 0.986330899824
0.777515941598 0.786465460463 0.374228942776 0.777515941598 0.786465460463 0.374228942776
2.07526555095 2.10300918879 1.80688293123 2.07526555095 2.10300918879 1.80688293123
9.85016976574 7.66786312732 1.25556417084 9.85016976574 7.66786312732 1.25556417084
27.7738194964 27.9006928854 12.4870350923 27.7738194964 27.9006928854 12.4870350923
1.33091156866 1.23946308475 1.05360595625 1.60246956099 1.49236201116 1.26858276231
1.68757758497 1.74055231101 1.27089315309 1.68757758497 1.74055231101 1.27089315309
2.75750761195 2.15955176084 2.15955176084 2.75750761195 2.15955176084 2.15955176084
21.6276165278 6.43732905407 1.5257741772 46.5571245428 13.8574461087 3.28448852885
1.20754831978 1.16371625927 1.19429898614 1.20754831978 1.16371625927 1.19429898614
1.14218602168 -0.207515121266 -0.207515121266 1.98244101197 -0.360174681876 -0.360174681876
4.72293551739 2.73845842632 1.51377288135 4.72293551739 2.73845842632 1.51377288135
1.90652091607 2.99894203071 1.58620878417 1.90652091607 2.99894203071 1.58620878417
1.40261746698 1.4153292808 1.10924434122 1.40261746698 1.4153292808 1.10924434122
1.21501571536 0.841045185221 0.72138416805 3.70776347771 2.56654838405 2.20138870458
1.15911127172 1.45017597168 1.07653398452 1.15911127172 1.45017597168 1.07653398452
2.55388142757 1.62567140857 1.75146817448 5.69806401337 3.62709860009 3.90776864885
2.3127741545 2.17737167702 1.5237348854 2.3127741545 2.17737167702 1.5237348854
2.7977855431 2.126183353 0.89585237127 2.7977855431 2.126183353 0.89585237127
2.64050099457 2.65607780792 1.41157661058 7.68457432536 7.72990707855 4.10807093131
1.12053964609 0.949535886339 1.00463245511 1.12053964609 0.949535886339 1.00463245511
2.12829099715 2.15965271736 1.0633589195 2.12829099715 2.15965271736 1.0633589195
1.72568110849 6.47198017433 1.62441651695 1.72568110849 6.47198017433 1.62441651695
1.36303921667 1.36717771761 1.33611308126 1.36303921667 1.36717771761 1.33611308126
6.81946665164 3.10469866739 0.732811416318 6.81946665164 3.10469866739 0.732811416318
1.9728305384 1.57514516035 1.56210541845 1.83794360632 1.46744888633 1.45530070138
1.37800089348 1.40677800238 0.982903490752 1.37800089348 1.40677800238 0.982903490752
3.55559389337 4.11785071858 1.11678821044 3.55559389337 4.11785071858 1.11678821044
1.54720757431 -0.320854315501 -0.320854315501 3.79425071216 -0.78683800112 -0.78683800112
1.03221091304 0.90297632838 0.397722162045 1.03221091304 0.90297632838 0.397722162045
1.36567109312 1.37326813229 0.837474706124 3.55968244538 3.57948446587 2.18291507001
1.71897402784 1.7619361208 0.984557416492 1.71897402784 1.7619361208 0.984557416492
13.9145949418 13.9398382275 1.53216728545 13.9145949418 13.9398382275 1.53216728545
0.722472494112 0.718011517103 0.698042923691 0.722472494112 0.718011517103 0.698042923691
86.8166825615 87.4886173319 6.85013339675 86.8166825615 87.4886173319 6.85013339675
3.22065391701 2.6514568641 1.01208191106 3.22065391701 2.6514568641 1.01208191106
17.2849689327 3.57556946091 1.65658005751 17.2849689327 3.57556946091 1.65658005751
1.9251538062 0.674089218878 0.674089218878 4.71978346367 1.65262387766 1.65262387766
4.58307960071 0.337333295347 0.117355758956 4.58307960071 0.337333295347 0.117355758956
5.32426340343 5.02126617622 1.55818263217 5.32426340343 5.02126617622 1.55818263217
2.12978834658 2.19293336508 0.433439248225 2.12978834658 2.19293336508 0.433439248225
1.20179861807 1.23701895014 0.808164298851 1.20179861807 1.23701895014 0.808164298851
3.10953482035 1.45630123888 0.328100927237 3.10953482035 1.45630123888 0.328100927237
0.597605459713 0.372828363356 0.280459487621 0.822559335296 0.513170430017 0.386031563074
0.896323755173 0.909186507431 0.659876327517 0.692860700417 0.702803642894 0.510086195789
0.990461323752 0.954468303942 0.710721517563 0.990461323752 0.954468303942 0.710721517563
4.20761694153 2.66873758011 1.03452751749 4.8411637882 3.07057318016 1.19029779212
1.8879474998 1.45039160816 1.41803691739 3.60094197147 2.76637778193 2.70466665703
2.73153915857 2.75589392015 2.75589392015 9.29402906976 9.37689585254 9.37689585254
3.38825777571 2.78340386688 2.28918307236 2.92139563979 2.39988349729 1.97376052502
0.73179150467 0.653405581112 0.650447938818 0.73179150467 0.653405581112 0.650447938818
3.01094665413 3.0931515568 0.967296540861 3.01094665413 3.0931515568 0.967296540861
1.39657609691 1.43600923066 0.15963311208 1.39657609691 1.43600923066 0.15963311208
2.36110962978 2.3737293006 2.01594907826 3.98018509585 4.0014584095 3.39833880396
1.37184794345 1.56024334173 1.25299704767 1.37184794345 1.56024334173 1.25299704767
1.8463093074 1.87960844536 1.38124324717 2.96476578153 3.01823685726 2.21797219934
2.00173816032 2.12603523668 0.54169434987 2.00173816032 2.12603523668 0.54169434987
1.07613236504 0.989444724401 0.821083812125 1.07613236504 0.989444724401 0.821083812125
3.35261878329 3.386476908 1.31079432926 3.61206693422 3.64854522795 1.41223239513
0.885567218851 0.664388242333 0.535292638646 0.885567218851 0.664388242333 0.535292638646
20.3451381509 3.5691618186 0.816478671388 20.3451381509 3.5691618186 0.816478671388
3.00683363956 1.74889261011 1.08197760768 3.00683363956 1.74889261011 1.08197760768
2.81923646169 2.58278004488 2.1721161555 2.81923646169 2.58278004488 2.1721161555
3.57326044351 3.72405042493 1.46115956047 3.57326044351 3.72405042493 1.46115956047
0.385780203529 0.896411002431 0.341377785617 0.385780203529 0.896411002431 0.341377785617
1.42445074816 1.86870579588 0.944842570454 5.03207136347 6.60146441309 3.33778844085
1.00179057013 0.938652185797 0.564581052403 1.00179057013 0.938652185797 0.564581052403
1.77733910518 0.976703030735 0.926004755316 1.77733910518 0.976703030735 0.926004755316
52.1061277095 52.1338812801 18.8634719109 89.0094899417 89.0568995512 32.2232352917
14.2266508141 14.2394483755 0.351075019089 75.5267705442 75.5947105324 1.86379512347
9.95568369587 10.5705587189 1.24735184014 9.95568369587 10.5705587189 1.24735184014
6.42934071465 1.30267399586 0.934322288239 6.42934071465 1.30267399586 0.934322288239
0.787193905265 0.698327278256 0.35713794947 0.787193905265 0.698327278256 0.35713794947
2.8002679155 2.70204634671 1.36470549881 3.97141260558 3.83211222854 1.93546074319
3.76095123613 3.98312554145 1.44298942017 3.76095123613 3.98312554145 1.44298942017
0.948743315941 0.930508805093 0.818846467135 1.26756978877 1.24320754592 1.09402092847
1.89423419433 1.05632672918 0.952304170401 1.89423419433 1.05632672918 0.952304170401
1.84861348069 1.30014572987 1.0795601352 1.84861348069 1.30014572987 1.0795601352
3.21463529497 3.29202011838 0.882404391975 9.7992827365 10.0351775409 2.68986349351
1.10173972935 0.905758531626 0.95294914172 1.96955089224 1.61920050316 1.70356190517
1.29168090621 1.73959864359 1.23897053052 1.82814013615 2.46208648424 1.75353815594
1.14375248039 1.16259381892 0.842372971063 1.14375248039 1.16259381892 0.842372971063
9.61855651005 9.77048163225 7.20801858208 11.882610861 12.0702967269 8.90467086202
3.6511811191 3.70626420068 2.08792614112 3.6511811191 3.70626420068 2.08792614112
8.88456477155 9.14241325137 2.42033952986 8.88456477155 9.14241325137 2.42033952986
5.48073916983 3.4184851252 0.895082492441 5.48073916983 3.4184851252 0.895082492441
3.2472306395 3.30657384916 1.33159811957 3.2472306395 3.30657384916 1.33159811957
0.39886237037 0.397952510624 0.389816643242 0.941419802565 0.939272294939 0.920069514146
1.15618454896 0.95118666106 0.95118666106 1.98036786599 1.62923773702 1.62923773702
3.10397327807 3.13369011 2.07607688188 3.40778322284 3.44040867166 2.27927863212
1.80333589431 1.81796089078 0.881449374901 1.80333589431 1.81796089078 0.881449374901
2.51631132447 2.54686430786 2.12398974116 1.94552695123 1.96914948635 1.64219715001
3.26862157037 3.2884112521 0.245918741678 3.26862157037 3.2884112521 0.245918741678
0.580998440035 0.5762498922 0.49953111147 1.28787484972 1.2773489431 1.10728964277
16.2722637793 7.65664202775 3.53810912161 16.2722637793 7.65664202775 3.53810912161
8.10668766624 8.62644649261 1.05488733062 8.10668766624 8.62644649261 1.05488733062
1.61158670974 1.63606086806 1.19899764465 2.82298099744 2.86585184233 2.10025780579
41.4469109379 5.41371658222 0.949563819018 41.4469109379 5.41371658222 0.949563819018
1.89686029391 -0.316702504904 -0.316702504904 1.89686029391 -0.316702504904 -0.316702504904
1.28651383586 1.15693407336 1.15693407336 2.08872107997 1.87834170128 1.87834170128
9.38763086325 3.75688746221 1.25495745776 8.71945498658 3.4894864949 1.16563435678
14.1826666333 2.63626194818 1.01313007306 14.1826666333 2.63626194818 1.01313007306
20.2519639437 14.4678188267 3.98541036604 28.2618782876 20.1900287747 5.56169184402
0.589783088576 0.592457524995 0.558101367766 0.766564135522 0.770040205082 0.72538616451
6.90449566285 7.0348273872 1.05974815447 6.90449566285 7.0348273872 1.05974815447
2.24264366535 2.30191580802 0.506291596315 2.24264366535 2.30191580802 0.506291596315
4.47130812897 2.42456463669 0.75356033323 4.47130812897 2.42456463669 0.75356033323
0.975270412518 -0.218584140768 -0.218584140768 0.975270412518 -0.218584140768 -0.218584140768
1.40182934036 2.57486037962 1.13848827402 1.40182934036 2.57486037962 1.13848827402
1.85454887096 1.99265899525 0.644412318954 1.85454887096 1.99265899525 0.644412318954
1.12135582996 1.13731206257 1.07820340154 1.12135582996 1.13731206257 1.07820340154
4.80269483496 4.94857219811 0.840643794824 4.80269483496 4.94857219811 0.840643794824
9.31227756353 9.46744278147 1.1416233176 23.5362482199 23.9284194218 2.88538755351
1.92904698127 1.50377153615 1.26417351582 1.92904698127 1.50377153615 1.26417351582
1.55372128364 0.722071601073 0.675015725132 1.55372128364 0.722071601073 0.675015725132
2.23991861016 1.96611199256 1.96611199256 1.84416423267 1.6187344476 1.6187344476
1.41718388643 1.03432056217 0.4126016888 6.26801596917 4.57466237304 1.82488242991
1.28142526052 0.863701498531 0.863701498531 1.28142526052 0.863701498531 0.863701498531
9.89345642886 6.7319280767 6.7319280767 9.89345642886 6.7319280767 6.7319280767
1.60022152401 1.6214102136 1.1792553324 1.60022152401 1.6214102136 1.1792553324
3.04932753442 2.87658378219 1.10334563053 5.894375636 5.5604605177 2.13277633488
3.82948676149 1.25710953274 0.820628874685 3.82948676149 1.25710953274 0.820628874685
7.81019588743 4.20372213045 0.989664236781 7.81019588743 4.20372213045 0.989664236781
34.0562066472 34.1517850842 2.02987445072 34.0562066472 34.1517850842 2.02987445072
2.24884524808 2.27856353791 0.51586748776 5.30850870925 5.37866017943 1.21773032356
2.64128736858 1.98498439647 1.30753390404 3.11068055763 2.33774349687 1.53990070983
1.61852161899 1.6487726655 1.29907154121 1.61852161899 1.6487726655 1.29907154121
2.26608878159 2.13010690216 1.76371471467 2.56815086383 2.41404305307 1.99881200809
1.60300880088 1.09579648522 0.650957654021 1.60300880088 1.09579648522 0.650957654021
2.13403650518 1.33106572003 1.26787272061 4.00407590215 2.49746813647 2.37889960892
2.61134565142 1.31934413768 1.36353265701 3.97418699046 2.00789976045 2.0751499303
0.55405134118 1.03755844307 0.542172585673 0.796858371669 1.49225725128 0.779773879552
1.69891094772 1.26855670934 1.26855670934 2.64691574741 1.97642067993 1.97642067993
0.946353387264 1.74771554668 0.493107159428 0.946353387264 1.74771554668 0.493107159428
1.35432691727 1.39306735707 0.583368541333 1.35432691727 1.39306735707 0.583368541333
6.98590774603 2.23806351465 0.768733179843 6.98590774603 2.23806351465 0.768733179843
3.8731374412 3.89974648679 1.01524035327 3.8731374412 3.89974648679 1.01524035327
2.1270747729 1.54082490168 1.38716901743 2.88796621067 2.09200462029 1.8833833685
1.81000508371 1.18065154203 1.14661569932 1.81000508371 1.18065154203 1.14661569932
1.02888763965 1.05808647134 0.919093214842 1.15634801315 1.18916404642 1.03295206583
2.0077127372 2.02098723656 1.65587152879 4.1049378943 4.13207872698 3.38556889175
0.982566967903 1.70395105723 0.842038063081 0.982566967903 1.70395105723 0.842038063081
7.83712550233 4.19001449496 4.24326480494 13.1049975923 7.00641196213 7.09545547481
3.05740380079 2.66656290925 1.15343106212 4.92969772576 4.29951356308 1.85976954771
4.91514548876 3.04315260012 1.41097802647 4.91514548876 3.04315260012 1.41097802647
16.1072560476 1.99344544228 0.688569314367 16.1072560476 1.99344544228 0.688569314367
1.27839458554 0.7236845552 0.653763499007 1.27839458554 0.7236845552 0.653763499007
1.74186444671 1.78177452278 1.13289742735 2.13216535814 2.18101811577 1.38674662859
3.10587850415 1.1005628176 0.925599598432 3.10587850415 1.1005628176 0.925599598432
7.56400802965 7.58961238194 2.46605772667 16.0972728026 16.151762465 5.24811764049
9.30813564059 3.27845000202 2.15196487641 21.1964247133 7.46566458926 4.90044013643
12.3791925932 12.6335616081 1.13346605522 12.3791925932 12.6335616081 1.13346605522
2.63270413783 2.6865817794 1.95693015281 3.91109793778 3.99113759351 2.90718025435
1.47487561465 0.928931843417 0.862825349255 1.47487561465 0.928931843417 0.862825349255
1.6480149284 0.987125462886 0.93063938724 2.19670602742 1.31577961873 1.24048703448
6.09414574862 6.28155008572 2.39987087982 7.53857389653 7.77039661657 2.96868580371
1.23310074214 1.15144691772 1.02800288041 1.23310074214 1.15144691772 1.02800288041
226.437537003 229.68322793 2.87574569825 373.828110146 379.186455416 4.74759880305
1.79433358681 1.57337629986 1.57337629986 1.79433358681 1.57337629986 1.57337629986
4.01517159623 1.15579174072 0.763240189448 4.01517159623 1.15579174072 0.763240189448
1.27442871813 1.28549151819 0.879631297087 2.01904974297 2.03657629687 1.39358076213
0.919630466467 0.956756190604 0.418677082876 2.24214753608 2.33266362263 1.02077500041
1.6999484931 1.71554064899 1.06327255486 1.6999484931 1.71554064899 1.06327255486
15.7662694527 3.97777715289 1.8862185884 15.7662694527 3.97777715289 1.8862185884
1.42312710448 -0.344265978054 -0.344265978054 1.42312710448 -0.344265978054 -0.344265978054
2.3632257999 1.71413367514 0.949353631391 2.3632257999 1.71413367514 0.949353631391
2.11637028342 2.17326758944 0.705180126506 3.7872463631 3.88906413903 1.26192041646
2.88139626059 0.786807009825 0.55473160557 9.06769914982 2.47606667352 1.7457297967
1.24046794745 1.19457180348 1.026772365 1.24046794745 1.19457180348 1.026772365
8.32386869667 8.39591219415 0.956959695732 8.72244251181 8.79793568547 1.00278202796
6.18912688479 2.59114147914 2.90594703152 18.2404882149 7.63656756326 8.56435706816
