1.05044287397 1.66533092267 1.05380141997 1.05044287397 1.66533092267 1.05380141997
3.59702678907 4.62299300497 3.6643174207 2.97341694126 3.8215133015 3.02904152117
2.16362587654 2.20257711397 0.844667402377 2.67797424496 2.72618517264 1.04546611947
5.15232439687 5.16957095916 1.93805800195 5.60432978865 5.62308936498 2.10808081088
1.25451506204 3.73323925046 1.23956509523 1.25451506204 3.73323925046 1.23956509523
1.17767594373 1.78977161241 1.11733542447 1.17767594373 1.78977161241 1.11733542447
1.55283772131 1.58249946314 1.24930477044 1.76624710181 1.79998531207 1.42099905212
4.47924085535 4.58349276845 1.21977215481 4.47924085535 4.58349276845 1.21977215481
1.14773153353 1.17551251172 0.466535779899 4.2537888703 4.35675233552 1.72910184147
1.10704288647 2.03605635996 1.08600076066 1.48946985513 2.73941019682 1.4611587459
3.13692598588 3.17263789541 3.17263789541 4.15577162169 4.20308244154 4.20308244154
1.31544684673 3.94758408494 1.31381813557 1.31544684673 3.94758408494 1.31381813557
1.29551487916 1.76785637548 1.2722994506 1.92254808764 2.62350432911 1.88809631986
1.00341724771 1.49044676874 0.998997493636 1.08651962763 1.61388462463 1.08173383233
2.52045265459 1.66187395131 2.2464333182 2.52045265459 1.66187395131 2.2464333182
1.88423053349 1.31686561985 1.24077911313 1.88423053349 1.31686561985 1.24077911313
4.29973124908 1.1333464074 1.54597241278 4.29973124908 1.1333464074 1.54597241278
1.86731440918 4.56148992626 1.80489862876 2.08306359742 5.08852369405 2.01343630837
1.79253585401 1.87462027159 1.0945013797 1.79253585401 1.87462027159 1.0945013797
2.39468104899 1.8116586578 1.36241086691 2.43120839734 1.83929285439 1.38319244713
11.4996497498 9.62133339814 1.15192771814 15.7880830226 13.2093075688 1.58150298884
8.81214544882 5.12999828327 1.15160527308 8.81214544882 5.12999828327 1.15160527308
156.872724218 162.098794929 13.1119602781 192.963700632 199.392109071 16.1285678592
11.9875330938 12.0046261696 4.04854090871 11.9875330938 12.0046261696 4.04854090871
4.36177441988 1.44068691491 2.83188667294 4.36177441988 1.44068691491 2.83188667294
3.23611811422 3.26564772533 3.26564772533 3.73674117792 3.77083897964 3.77083897964
2.00679998409 1.97825939823 1.97825939823 1.94615108847 1.91847304748 1.91847304748
5.60824725924 4.87877389746 1.49164317523 5.60824725924 4.87877389746 1.49164317523
2.45087005503 2.0975837858 2.0975837858 2.60449276841 2.22906220182 2.22906220182
4.49404675443 1.31005088061 3.94621979634 4.49404675443 1.31005088061 3.94621979634
51.6012866291 7.42528885235 1.4360464912 69.6594850141 10.0238159032 1.93860009252
1.87820064956 1.07552662217 1.43441640849 6.20102797882 3.55093619929 4.73583921099
2.45547742761 2.49445606518 2.10922640783 2.45547742761 2.49445606518 2.10922640783
3.50695122864 2.2544340463 0.494673432987 9.04987210468 5.81768563555 1.27653081273
1.23448115956 1.71815333438 0.842766717612 1.76639374358 2.45847032728 1.20589759168
1.21901683604 1.34588321803 1.15419601586 1.77559738572 1.96038861217 1.68118057748
1.07482575567 1.56887732934 1.02116521866 1.07482575567 1.56887732934 1.02116521866
2.50592042423 3.29159682829 2.4995419823 2.50592042423 3.29159682829 2.4995419823
6.0032328706 2.89679378381 2.89679378381 13.5129178024 6.52050938801 6.52050938801
1.36900747187 1.79790178034 1.35462735278 1.36153250689 1.78808499472 1.34723090518
4.11499910003 4.12871128256 4.12871128256 4.11499910003 4.12871128256 4.12871128256
1.56894896576 1.24544343055 1.24544343055 1.56894896576 1.24544343055 1.24544343055
1.85056654357 1.59347617925 1.29990900057 1.85056654357 1.59347617925 1.29990900057
1.33810534789 1.60523002876 1.25567226219 1.90307523467 2.28298430949 1.78583755666
3.54067911955 3.58476137289 3.31271350837 3.54067911955 3.58476137289 3.31271350837
6.3330812579 6.36376844313 6.36376844313 8.95052113683 8.99389122618 8.99389122618
1.68828931834 0.929342174948 0.421384841148 1.68828931834 0.929342174948 0.421384841148
69.6580545242 70.1876592019 3.21338383123 69.6580545242 70.1876592019 3.21338383123
3.52253872497 3.57263173777 3.57263173777 4.33945662349 4.40116679139 4.40116679139
2.68757057006 2.55655899751 1.36277862431 2.97608809929 2.83101210155 1.50907637216
1.55582529623 3.92131758241 1.47212477713 1.7995310737 4.5355560528 1.70271963519
1.89965241003 1.90724617201 1.90724617201 3.80579048374 3.82100393379 3.82100393379
1.69630975156 1.69498538015 1.69498538015 1.69630975156 1.69498538015 1.69498538015
44.6545677708 44.7914644935 1.54425564403 44.6545677708 44.7914644935 1.54425564403
9.72781402565 4.62236598834 2.28418717339 9.52271043662 4.52490690334 2.23602681732
2.39670936307 1.94227092214 2.18751820668 3.06731360822 2.48572235004 2.79959033288
3.19292294952 3.24230070819 1.86971122579 3.19292294952 3.24230070819 1.86971122579
1.02817511535 1.98475755716 1.00010265858 1.02817511535 1.98475755716 1.00010265858
1.03895794796 1.02934506416 1.03960260463 1.03895794796 1.02934506416 1.03960260463
3.62310317884 3.65673019432 3.65673019432 4.61283597709 4.65564897445 4.65564897445
1.34187060734 1.30394598645 1.30391410658 1.31901365872 1.28173503239 1.28170369554
1.43258983223 2.50817074435 1.15524740647 1.23003434705 2.15353766613 0.991905678328
1.75688594437 1.75983326723 1.74127019315 1.75688594437 1.75983326723 1.74127019315
1.97458035725 1.87462336943 1.2656349672 4.68813722378 4.45081486127 3.00492728983
4.85755099187 4.72023772682 2.70318941685 4.85755099187 4.72023772682 2.70318941685
1.07018774313 1.07069132557 1.07069132557 1.07018774313 1.07069132557 1.07069132557
6.41659918335 6.48221008117 0.80187360978 12.2694988576 12.3949567228 1.53330246412
2.51902040511 2.57929520063 2.57929520063 3.42186421765 3.50374214353 3.50374214353
1.66342805477 1.32401573828 1.63643086063 1.66342805477 1.32401573828 1.63643086063
2.49601890999 0.820057852203 0.329413785192 11.2075552253 3.68220113628 1.47912468722
1.87737007841 1.93366426857 1.803754022 1.87737007841 1.93366426857 1.803754022
5.83303693488 2.56972337736 3.73285365441 5.83303693488 2.56972337736 3.73285365441
2.55329202996 2.60174591028 2.60174591028 2.55329202996 2.60174591028 2.60174591028
7.5490808668 7.31653119075 2.5119321672 7.5490808668 7.31653119075 2.5119321672
2.18892580916 1.22202914698 0.740481971217 2.18892580916 1.22202914698 0.740481971217
0.715039927934 3.21460263191 0.70753547718 1.58708887485 7.1350701896 1.57043214026
1.11554108427 1.79555043267 1.09148353357 1.11554108427 1.79555043267 1.09148353357
1.74335116546 1.06694707115 1.70989977606 1.74335116546 1.06694707115 1.70989977606
2.57332821626 2.59704245222 1.18797648065 4.66208542651 4.7050483852 2.15225084872
1.43565336761 1.50726080277 1.43056636558 2.37426425188 2.49268766613 2.36585143628
2.63476243347 0.894679171241 2.45212439033 3.61152573972 1.22635605195 3.36117983169
1.40115930762 1.32300528594 1.3096141941 1.40115930762 1.32300528594 1.3096141941
1.51344135892 2.80340872518 1.34935415212 1.51344135892 2.80340872518 1.34935415212
1.80670508756 2.00291171227 0.767060819251 2.5726610214 2.85204980433 1.09225765971
3.70291967789 2.8118375403 2.62016620331 2.96108769791 2.24852232113 2.09524985309
0.879739131878 2.26354865988 0.875093398278 0.879739131878 2.26354865988 0.875093398278
2.47203036079 2.41333271694 2.41333271694 2.47203036079 2.41333271694 2.41333271694
1.48626267155 4.53335936707 1.49572188946 1.48626267155 4.53335936707 1.49572188946
2.09648253529 2.1015266471 2.1015266471 4.01723957475 4.02690500494 4.02690500494
2.76278149081 2.78966628248 1.3577894884 2.76278149081 2.78966628248 1.3577894884
1.69741843417 1.73584905978 1.73584905978 3.53435273222 3.61437271073 3.61437271073
3.39141468568 3.10783647068 1.06313537528 3.39141468568 3.10783647068 1.06313537528
13.0473337949 13.1733620954 0.555612684317 34.6435878793 34.9782211898 1.47527588076
6.03789575531 2.8287392474 3.36226698606 7.50272902024 3.51501001379 4.1779750947
2.74239604224 2.11017042733 0.563018305997 5.33813498217 4.10749374013 1.09592767367
1.23614779433 2.49045317235 1.23673394773 1.23614779433 2.49045317235 1.23673394773
1.602231265 1.29936252884 0.875317010774 1.602231265 1.29936252884 0.875317010774
2.06031062826 1.29963912357 1.78205408497 1.70876707711 1.07788627405 1.47798846847
3.138392027 2.46576284554 2.46576284554 3.71907009407 2.92198832364 2.92198832364
3.02514114941 3.0530480696 2.84872596524 3.14527710799 3.17429228213 2.96185603345
2.23883184723 1.97598898624 2.23751832039 2.20829888517 1.94904064851 2.20700327208
1.41108694531 0.954794898222 0.693496761741 2.22440391326 1.50511597817 1.09321180795
7.67745164695 7.90986300707 1.12828309065 20.9097140133 21.5426916336 3.07290463509
1.4893258116 1.56583787592 1.37362779552 1.4893258116 1.56583787592 1.37362779552
9.91277956943 9.92273270475 9.92273270475 9.91277956943 9.92273270475 9.92273270475
3.82280629187 4.47662674055 2.3272913805 3.82280629187 4.47662674055 2.3272913805
1.51199188583 1.52330785884 0.965229616952 3.38696161949 3.41231014592 2.16217804953
1.27601468683 1.28691267926 1.28691267926 1.80194319456 1.81733295731 1.81733295731
1.17465978943 0.727588067634 0.947507400808 1.17465978943 0.727588067634 0.947507400808
4.63760005965 2.42616995001 1.21714810223 4.63760005965 2.42616995001 1.21714810223
0.565846163998 1.28324609102 0.508301657004 1.52677237486 3.46246878846 1.37150514996
1.70507759189 1.55831606558 1.53234952087 1.70507759189 1.55831606558 1.53234952087
0.968540989419 1.11977209441 0.91478613285 0.968540989419 1.11977209441 0.91478613285
1.91829771166 1.76398004739 1.17856485949 1.91829771166 1.76398004739 1.17856485949
2.91364193096 2.96442789019 2.96442789019 2.91364193096 2.96442789019 2.96442789019
4.25404195349 3.10225859135 3.10225859135 4.25404195349 3.10225859135 3.10225859135
1.72186258159 1.48225499771 1.3693335554 2.31131210693 1.98967905941 1.83810093724
1.59983475112 1.610911851 1.46169241609 2.34100847433 2.35721738883 2.13886736148
2.84930059697 2.97578724036 2.97578724036 5.3778361509 5.61656998057 5.61656998057
15.1891494257 4.55253817762 3.63118344124 15.1891494257 4.55253817762 3.63118344124
1.60584788717 1.62289452708 1.05996238465 1.60584788717 1.62289452708 1.05996238465
1.34231416513 1.37204761894 1.32018090987 1.34231416513 1.37204761894 1.32018090987
10.4834198123 10.5246142893 2.2928799388 15.6150276452 15.6763867159 3.41523894612
2.6376093995 2.00372909575 1.34969372499 2.6376093995 2.00372909575 1.34969372499
1.17150488581 2.99630691195 1.03335458684 1.17150488581 2.99630691195 1.03335458684
5.9857164286 1.44257659194 1.7473373271 8.25595270115 1.98971071432 2.41005976437
1.30377208271 1.29770408997 0.914566314253 1.53579475936 1.52864689082 1.07732491832
5.1808180218 5.21092771504 2.60886858233 10.4338267735 10.4944657155 5.25408974959
2.838082163 2.88135739368 2.88135739368 2.838082163 2.88135739368 2.88135739368
1.38632244099 2.72265138284 1.36269677065 1.38632244099 2.72265138284 1.36269677065
11.03616455 11.1318979096 1.61848017879 11.03616455 11.1318979096 1.61848017879
1.56489511514 1.55144607099 1.55144607099 1.56489511514 1.55144607099 1.55144607099
8.08431364208 7.08370006037 1.33618689869 8.08431364208 7.08370006037 1.33618689869
24.468460961 7.0028390319 2.45144307163 24.468460961 7.0028390319 2.45144307163
9.27333817885 9.337132564 9.337132564 9.27333817885 9.337132564 9.337132564
7.35007262553 7.52538357779 7.52538357779 7.35007262553 7.52538357779 7.52538357779
3.46602968101 1.67764496017 1.20655082578 3.46602968101 1.67764496017 1.20655082578
1.16528326261 2.63828435664 1.17534278017 1.16528326261 2.63828435664 1.17534278017
2.0422356565 2.9168356198 1.00069449755 2.15294612879 3.07495853184 1.05494257616
1.40089528472 0.983371218956 1.31127498607 1.40089528472 0.983371218956 1.31127498607
4.55018432679 4.55810434365 3.41270348538 5.81359543491 5.82371453571 4.3602799312
2.79050356657 2.82383260035 2.68153847583 1.89440231193 1.91702855022 1.82042866707
2.28251259727 0.888942283979 0.493413912144 2.28251259727 0.888942283979 0.493413912144
1.42872559359 1.53064972627 1.20405919358 1.20400411777 1.28989680143 1.0146750598
9.48417681421 9.56741012057 2.20449118313 9.95067413435 10.0380014296 2.31292328529
2.28261859851 2.15901303961 1.6027662715 3.32038024339 3.14057909044 2.3314422594
1.0218622179 3.11089559413 1.01424205596 1.29731502937 3.94946749023 1.28764077933
4.73196757247 4.73606336652 1.29488818873 19.0529304671 19.0694218902 5.21377508291
3.13651579643 2.30007585219 2.87202370701 3.13651579643 2.30007585219 2.87202370701
1.28548102941 1.28871276439 1.28871276439 2.02278636654 2.0278717076 2.0278717076
13.9058441869 14.0307360321 0.765383781693 13.9058441869 14.0307360321 0.765383781693
15.3415940295 15.3691151273 15.3691151273 15.3415940295 15.3691151273 15.3691151273
2.63021948463 2.67185380402 1.19826289212 5.5832228967 5.67160095287 2.54357815181
3.0495970101 1.4710438226 1.4710438226 3.0495970101 1.4710438226 1.4710438226
0.995834021483 1.36338406033 0.596711061047 4.81927842307 6.59801457125 2.88774703342
1.95093918347 1.18598415008 0.87272802963 2.11113569906 1.28336828691 0.944389919754
8.91533387024 1.25430429143 3.24564917625 20.1629023527 2.83673223199 7.34035408705
4.07167424896 4.09726980573 3.54479439076 4.90959667176 4.94045961723 4.27428857979
1.03811861946 2.19094478357 0.98655199841 1.03811861946 2.19094478357 0.98655199841
20.4377991334 20.7975359611 20.7975359611 20.4377991334 20.7975359611 20.7975359611
1.88542487874 1.9011548007 1.9011548007 1.88542487874 1.9011548007 1.9011548007
1.88649732804 1.64546815635 1.60590593899 1.91003489016 1.66599843136 1.62594260177
1.43215051557 1.417091951 0.873796236018 3.18139226305 3.14794102989 1.94105895611
1.4326587632 1.4490387511 1.14614754106 1.4326587632 1.4490387511 1.14614754106
2.40010984846 1.98729923244 1.98729923244 2.17997877211 1.80502994199 1.80502994199
23.0654604458 23.1147127826 0.382890071871 66.5119872533 66.6540122003 1.10410887481
5.04055489523 5.18706417122 5.18706417122 5.04055489523 5.18706417122 5.18706417122
3.10713434524 4.18061491901 2.05325199018 3.23822001823 4.35698924315 2.13987583358
1.67983039058 1.88927453425 1.62828478521 1.83869841229 2.06795049429 1.78227794075
2.35133796722 0.576557287764 0.52768678794 7.16068075777 1.75582699459 1.60699851795
2.93259925285 2.98514934728 1.00839146584 5.22759045594 5.3212651617 1.79753766137
3.6217199936 3.15411866855 2.61023918351 4.45854607584 3.88290189116 3.21335489469
1.70376399276 1.57288289485 1.64147720723 1.70376399276 1.57288289485 1.64147720723
5.27399259096 5.28814474337 1.38789516221 12.7363162765 12.7704927161 3.35166791376
1.59531149093 2.10355701861 1.56611386403 1.59531149093 2.10355701861 1.56611386403
2.14851521947 1.96337746753 2.09622624759 2.14851521947 1.96337746753 2.09622624759
1.01137042533 2.35840189828 1.01359548744 1.39518092105 3.25340473702 1.39825038416
1.01790372713 1.58969856646 1.00182222055 1.32931387871 2.07603952223 1.30831251156
1.0515615959 2.67466479582 0.968819615992 1.64610888806 4.18690594077 1.51658503603
3.59606452586 1.95564618984 1.02989433842 13.5304214233 7.35824313305 3.875042931
1.07249654984 1.4754692855 0.780133687687 1.9609765709 2.69778089299 1.42641380427
2.5337139078 1.58864524852 1.68709820596 2.44385773094 1.53230519056 1.62726659107
0.687952000773 1.41774551424 0.686452882723 1.67480239848 3.45146694102 1.67115283208
2.69134375709 2.73822758527 2.20495814955 2.37792744536 2.41935148919 1.94818312817
2.99141315868 3.02139010333 1.22455887111 3.62695328636 3.66329897722 1.4847222989
3.94677939436 3.96025010417 0.310368477266 3.94677939436 3.96025010417 0.310368477266
1.96154167204 1.87333908851 1.13004518708 2.17747190572 2.07955981424 1.25444270807
1.23105401913 3.0088470003 1.24343881537 1.51189516904 3.69525721329 1.52710531686
1.26459574126 4.57793510671 1.26111526556 1.21705219999 4.40582378325 1.21370257571
1.73894083598 1.27062426161 1.75072861355 2.16487182232 1.58184718179 2.17954686299
1.70124382448 1.75283452214 1.48781293429 3.29922918296 3.39927923624 2.88532177513
2.17975673936 2.21657959398 1.68002438981 3.59489799156 3.65562697279 2.7707295019
1.47274324276 1.35690652921 1.06165180123 1.47274324276 1.35690652921 1.06165180123
1.59695046261 1.57389409198 1.49287702186 1.59695046261 1.57389409198 1.49287702186
1.5238881662 1.5271891639 0.780469786328 9.53961412994 9.56027853628 4.88577886932
1.26293507066 1.55871284771 1.15018857775 1.23198415511 1.52051326734 1.12200075529
1.52506633409 1.52865741733 0.75264592759 1.52506633409 1.52865741733 0.75264592759
2.08819965863 4.79470985556 2.08206551364 2.71151674863 6.22590661982 2.70355159223
3.14670790549 3.24662064816 1.93051293432 3.20175873436 3.30341942423 1.96428675139
1.05074980586 0.99482448475 1.02350014307 1.05074980586 0.99482448475 1.02350014307
