1.48483877278 1.51662030017 1.47638464821 1.48483877278 1.51662030017 1.47638464821
1.58917997235 1.57517041065 1.20384014787 2.74406913122 2.71987853828 2.07869507932
3.12905070596 3.16364688533 0.461743770834 8.91610371883 9.01468413586 1.31572024206
1.16117912326 2.57021890275 1.15689127424 1.16117912326 2.57021890275 1.15689127424
2.76326802816 2.59292840263 1.3374185911 2.76326802816 2.59292840263 1.3374185911
2.98386356637 3.02571317059 2.00439134416 2.98386356637 3.02571317059 2.00439134416
3.0208576291 3.10698758428 3.10698758428 4.12021202364 4.2376865029 4.2376865029
1.1316930256 1.210079495 0.861015563444 1.1316930256 1.210079495 0.861015563444
1.20537100704 2.86061607638 1.20308645842 1.20537100704 2.86061607638 1.20308645842
1.23219446203 1.53875725479 1.20644987761 1.23219446203 1.53875725479 1.20644987761
3.68513224449 3.71786625967 1.4216612333 4.55540837016 4.59587280858 1.75739893497
3.04603142057 1.97883650037 1.97883650037 3.04603142057 1.97883650037 1.97883650037
2.26231958021 2.3234633288 2.03973434849 6.91558742777 7.10249512317 6.23517620577
1.97755847697 1.99723847148 1.99723847148 1.97755847697 1.99723847148 1.99723847148
2.45802468872 2.50356368154 2.50356368154 2.27192833124 2.31401957972 2.31401957972
1.67592660925 1.48529876691 1.05292759328 2.9522152852 2.61641631474 1.85477628789
0.845239463303 1.40632419404 0.849866917455 1.6479994524 2.74197029634 1.65702179723
1.8513684521 1.86583811343 1.86583811343 1.8513684521 1.86583811343 1.86583811343
1.764195817 1.76949837382 1.76949837382 1.764195817 1.76949837382 1.76949837382
2.85147754116 2.89728522239 2.89728522239 2.85147754116 2.89728522239 2.89728522239
4.48182604877 2.64370238699 1.69437602058 13.3755831157 7.88987805991 5.05670390729
1.11954809811 1.22371067656 0.7593699569 1.11954809811 1.22371067656 0.7593699569
1.07725015587 0.948801935687 0.711889686145 2.46364811995 2.16988978124 1.62807652181
2.33741067357 2.3346681749 2.3346681749 2.33741067357 2.3346681749 2.3346681749
1.30002233286 1.35063641855 1.21053628184 1.30002233286 1.35063641855 1.21053628184
1.68090076151 1.68787993538 1.68787993538 2.69509599613 2.7062861532 2.7062861532
1.22728515347 2.08287867597 1.12243685854 1.22728515347 2.08287867597 1.12243685854
1.26577781314 1.26059004731 1.22325580226 1.90683093458 1.89901582496 1.84277365304
8.61421130511 8.69905581516 2.48763910697 11.1529562025 11.2628057373 3.22078586478
1.59178256276 2.27400525038 1.49586547299 1.54097461932 2.20142151134 1.44811909724
2.87700095746 2.95017930855 1.28673591374 3.60638681506 3.69811755982 1.61295303769
4.89658525565 4.92104700379 4.92104700379 4.89658525565 4.92104700379 4.92104700379
5.6307463179 5.6312090739 5.6312090739 5.6307463179 5.6312090739 5.6312090739
1.21895641879 1.22155758785 0.55641605164 9.03097638317 9.05024786493 4.12236249314
2.48626258426 2.51065001566 2.51065001566 2.60796034166 2.63354149079 2.63354149079
1.67571346106 1.77898148347 1.31468896011 1.67571346106 1.77898148347 1.31468896011
1.00417180598 1.78371957437 0.843674520712 1.00417180598 1.78371957437 0.843674520712
1.64342568651 2.06599973991 1.00663877892 1.64342568651 2.06599973991 1.00663877892
1.7285042834 3.0859811171 1.51949340337 1.7285042834 3.0859811171 1.51949340337
1.71516173852 1.72456061729 1.49443175773 1.94558283966 1.95624439818 1.69519918594
1.89501351894 1.91773519301 1.53091996168 1.89501351894 1.91773519301 1.53091996168
3.67062038467 3.78176104848 3.78176104848 4.73664286103 4.88006102381 4.88006102381
0.404730964109 1.10040370414 0.40397009316 1.1793342247 3.2064355445 1.17711714414
2.99543780038 1.60750384641 1.60258836023 5.09473828078 2.7340949566 2.72573453742
2.76568807896 2.09081554403 1.30100123562 4.23798517406 3.20384838214 1.99358126823
1.79197724174 3.17181141996 1.61644575308 1.79197724174 3.17181141996 1.61644575308
1.91380853285 1.95702474128 1.36085253 1.91380853285 1.95702474128 1.36085253
1.43869896911 1.69494876278 1.39954441469 1.27392362082 1.50082491984 1.23925346897
2.52736464831 2.53349857576 0.625990729321 7.02340651306 7.04045235805 1.73959359935
2.05385528795 2.06275635289 1.27414563328 2.05385528795 2.06275635289 1.27414563328
1.08407372377 1.09344985581 0.916229218578 1.08407372377 1.09344985581 0.916229218578
1.69151701176 1.41625624057 1.67266585674 1.69151701176 1.41625624057 1.67266585674
1.28168712294 1.37765072502 1.2941986102 1.28168712294 1.37765072502 1.2941986102
1.39876906947 1.94558702956 1.28770554861 1.39876906947 1.94558702956 1.28770554861
1.60333763427 6.17384329616 1.43507722391 1.60333763427 6.17384329616 1.43507722391
2.82118831113 2.82367134622 2.82367134622 2.82118831113 2.82367134622 2.82367134622
3.95121926198 4.61943961498 2.60642236307 3.95121926198 4.61943961498 2.60642236307
1.0939237778 1.86971574025 1.1038797296 1.0939237778 1.86971574025 1.1038797296
4.04534426784 4.11947656709 1.30991408754 4.04534426784 4.11947656709 1.30991408754
0.735915056482 1.35865330168 0.643716329546 1.47772419535 2.72818831371 1.29258830449
1.82198971171 1.50225645298 1.03634944406 2.19719565687 1.81161909574 1.24976693493
2.62942082381 2.73505086421 1.63379516309 2.62942082381 2.73505086421 1.63379516309
5.68375272497 5.75106757763 1.14923027127 7.11155484922 7.19577970735 1.43792569874
1.89146154901 1.90972775954 1.2730614813 1.89146154901 1.90972775954 1.2730614813
2.64101131343 3.37728308785 2.23883864202 2.64101131343 3.37728308785 2.23883864202
5.28600291599 5.32925924624 4.96338887571 6.24425251371 6.29535037596 5.86315481778
1.49834401693 1.58512133814 1.10357748376 1.49834401693 1.58512133814 1.10357748376
1.20211646776 1.12665144593 0.819216001101 1.38865762365 1.30148214548 0.946339706554
1.55050863987 2.98552449608 0.877547543394 2.27865422683 4.38757826779 1.28965899808
2.82625451951 2.86205162429 1.53320890056 2.82625451951 2.86205162429 1.53320890056
7.04127426908 7.17585409093 2.42687416637 7.76981077356 7.91831510812 2.67797451475
1.00605303051 1.26440794166 0.948511951581 1.00605303051 1.26440794166 0.948511951581
1.33544781089 1.61869588569 1.22087774492 2.41964884162 2.9328556255 2.2120635469
12.2697864109 12.338175319 2.14692425417 23.9554958739 24.0890181824 4.19164876958
4.81607503531 4.60822726817 1.09875737543 4.81607503531 4.60822726817 1.09875737543
1.95997864808 1.98228938938 1.07124288264 2.6795378569 2.71003945241 1.46452404509
1.13783756037 1.1363053401 1.05706050401 1.13783756037 1.1363053401 1.05706050401
1.43191024783 2.71620429416 1.37844476158 1.43191024783 2.71620429416 1.37844476158
1.03969493516 1.49109758936 1.03960379521 1.03969493516 1.49109758936 1.03960379521
1.40246672773 2.24776873944 1.40198897891 1.79980802223 2.88459763741 1.7991949195
4.66751129349 4.75855093817 3.9454479607 4.66751129349 4.75855093817 3.9454479607
2.42772002455 2.45320259876 2.30520938116 3.56806214839 3.60551432885 3.38800613491
1.0478103913 1.99903917111 0.996198498634 1.0478103913 1.99903917111 0.996198498634
6.17872339385 6.37052462314 0.970116125316 9.43781004941 9.73078053117 1.48182255994
1.12791980076 2.77501493306 1.12699657451 1.12791980076 2.77501493306 1.12699657451
3.50926820382 3.60892872675 2.47549586128 7.63524460047 7.85207968557 5.38602788688
1.01297978157 5.45070111759 0.990315979676 1.19003462815 6.40340823744 1.16340950735
5.5385635713 5.77238594626 1.1269826351 5.68184954759 5.92172104825 1.15613835481
1.52284720891 1.81146682239 1.4083059555 1.43300502409 1.70459717972 1.32522126834
1.28742623895 1.56064195981 1.11097180453 1.28742623895 1.56064195981 1.11097180453
0.64469424212 1.29418897151 0.641267973495 1.79142361505 3.59618643138 1.78190298011
1.18943447141 3.97274725713 1.14387117725 1.46702810871 4.89991843609 1.41083112194
0.639335878108 1.90319705426 0.631979494445 2.07608073172 6.18014860158 2.05219274592
1.45275995571 1.47523389436 0.765986724146 2.72059301353 2.76268010455 1.43446831803
1.23235282533 5.62935342208 1.12943735386 1.23235282533 5.62935342208 1.12943735386
2.96370598646 22.0421286935 1.17287285486 2.96370598646 22.0421286935 1.17287285486
8.76531160492 11.8066406122 0.599079654299 46.8168597505 63.0610596153 3.19977536668
1.41301902964 3.03375950292 1.41042101534 1.41301902964 3.03375950292 1.41042101534
1.61898066616 1.76131963817 1.04221000035 1.61898066616 1.76131963817 1.04221000035
1.37906547843 1.31606602591 1.31606602591 2.97720702897 2.84120013459 2.84120013459
2.14202697927 2.15380920556 0.858787791664 5.35324640112 5.38269195016 2.14623937959
2.30688808395 2.33814654076 1.3946577359 2.55234068467 2.58692503734 1.54304914283
3.98398586047 4.35957475316 0.387745392206 3.98398586047 4.35957475316 0.387745392206
1.53252598642 1.56076231386 1.08378130744 2.44109522101 2.4860716616 1.72630897854
1.17170889999 1.18728044118 0.65889491626 2.11591649049 2.14403617175 1.18985749689
1.14880361357 1.1165635979 1.04243512599 1.14880361357 1.1165635979 1.04243512599
5.17202671356 5.37641508922 1.05099833942 5.17202671356 5.37641508922 1.05099833942
1.2066328458 2.24163336416 1.14787811974 1.2066328458 2.24163336416 1.14787811974
2.17721998993 2.72055991695 2.20688159523 1.73468217252 2.16758380367 1.75831481331
13.7993064391 7.14072312831 1.14947325719 31.0182817888 16.0510213428 2.58380271193
1.07663490179 1.29020369759 1.05916724855 1.84766868925 2.21418511588 1.81769154851
6.65875156224 3.76207009807 3.76207009807 9.33024276022 5.27141266165 5.27141266165
1.23436810203 1.28993794234 0.125475126437 11.2825173546 11.7904433831 1.14688259465
3.2117320408 3.23867878001 0.975687878321 5.53412232997 5.58055414598 1.68120378846
3.23762985326 3.26206373993 1.48427709272 5.3997478428 5.44049889614 2.47549052634
10.0156772027 10.0315683803 10.0315683803 15.264922234 15.2891420231 15.2891420231
1.55135838634 2.02067962256 1.33567605318 1.55135838634 2.02067962256 1.33567605318
1.27057282133 1.3762439793 0.603390458141 2.24207458704 2.42854372434 1.06475314878
1.06502925943 4.84918031096 1.05791751794 1.06502925943 4.84918031096 1.05791751794
4.9061863346 5.02167460766 2.05808771383 4.9061863346 5.02167460766 2.05808771383
1.55818678179 1.56164747035 0.790480246582 5.69082997249 5.70346914415 2.88700220827
7.33714080985 7.56017803516 4.18844939174 7.33714080985 7.56017803516 4.18844939174
1.28981359757 1.29866907409 1.29866907409 3.48175674017 3.50566144632 3.50566144632
5.32204048754 5.13175616624 1.63081456718 5.32204048754 5.13175616624 1.63081456718
1.03994882662 1.54028538376 1.03944956561 1.03994882662 1.54028538376 1.03944956561
1.01461187244 1.43812755651 0.91969563367 1.01461187244 1.43812755651 0.91969563367
3.70820382676 3.3793806324 1.2385983512 3.70820382676 3.3793806324 1.2385983512
2.43768046086 2.48150072834 1.79249575071 3.65011153998 3.71572672892 2.68403079488
1.45410990171 1.47020382105 1.27051724565 1.73939886483 1.75865032925 1.51978626391
1.36503639823 2.40039403318 1.36528041073 1.36503639823 2.40039403318 1.36528041073
2.15381100474 2.12165581093 1.10988446602 2.15381100474 2.12165581093 1.10988446602
1.75640033101 2.55932794825 1.77052644062 1.81997092922 2.65195945475 1.83460831477
5.43269284557 5.66336298196 0.732285663162 11.1700155973 11.6442903436 1.50563312002
4.49213152093 4.52856970914 2.56710294971 4.49213152093 4.52856970914 2.56710294971
1.8260314438 1.85466648952 1.64305866316 1.52539318105 1.54931374585 1.37254508369
1.82682836485 1.81780663852 1.81780663852 1.82682836485 1.81780663852 1.81780663852
7.55083349018 7.64547946365 0.856366008302 13.710440872 13.8822944859 1.55494827649
1.04127003885 1.18083704354 1.02945615878 1.04127003885 1.18083704354 1.02945615878
6.46143464072 6.48482664417 4.0728034213 6.46143464072 6.48482664417 4.0728034213
1.05601299635 3.46814643464 1.05179193005 1.05601299635 3.46814643464 1.05179193005
1.40034095718 3.33636576457 1.43126515575 1.40034095718 3.33636576457 1.43126515575
1.96861659512 1.961643418 1.961643418 1.96861659512 1.961643418 1.961643418
2.47867207569 2.51463905819 2.51463905819 2.47867207569 2.51463905819 2.51463905819
1.1124129103 2.73940076803 1.09732130513 1.1124129103 2.73940076803 1.09732130513
1.78651959245 1.85102441819 1.66868263421 2.39476809543 2.48123459675 2.23681170399
4.9909216727 5.08757144192 2.44977141836 4.9909216727 5.08757144192 2.44977141836
1.03396666234 1.57312549764 1.03352773041 1.03396666234 1.57312549764 1.03352773041
15.7507908967 15.8996414815 15.8996414815 15.7507908967 15.8996414815 15.8996414815
0.796454875965 1.37667961373 0.716595099142 1.33964541872 2.3155894869 1.20532044013
14.072740574 14.1228636504 0.462172363632 40.8183358965 40.9637191327 1.34054249643
1.92492141329 1.93498558889 1.88276780133 1.92492141329 1.93498558889 1.88276780133
2.36903855509 2.42957536169 0.842133420269 3.49900695911 3.58841821293 1.24380867153
36.4423276216 13.7193762526 0.983851676358 70.7881756402 26.6494946736 1.91110364829
1.54553561376 1.5732979605 1.39187725065 1.58169089395 1.61010269543 1.42443794453
1.57303504903 1.58430602241 1.37208361279 1.66889072953 1.68084851966 1.45569396114
1.32332873778 3.15300604902 1.34017596974 1.8705882362 4.45692431184 1.89440260146
1.40576654286 2.7859048732 1.3967777886 1.40576654286 2.7859048732 1.3967777886
1.44154950768 2.70023364177 1.43644235724 1.44154950768 2.70023364177 1.43644235724
7.8370621583 7.87149435055 1.26942643277 11.608837259 11.6598407739 1.88036850707
1.3466508444 2.0974345156 1.34064418111 1.2451765367 1.93938633533 1.23962249407
1.05688166996 3.20153737309 0.884710110175 1.49278583883 4.52199123975 1.24960320675
3.97744769557 2.78285491542 1.77709247652 6.40006115791 4.47785691114 2.85949719607
1.90194146421 1.96076524093 0.598154751619 4.63495052824 4.77830157248 1.45767771204
1.24820455942 1.25799271506 1.25799271506 1.24820455942 1.25799271506 1.25799271506
3.61572898503 3.66289937686 1.35938562738 6.70634480302 6.79383501963 2.52134736183
1.45422013367 1.38549866712 0.734692856568 1.45422013367 1.38549866712 0.734692856568
1.14330491828 2.99440228763 1.13898685746 1.14330491828 2.99440228763 1.13898685746
1.26658167089 1.30352030427 1.2134828678 2.22908267516 2.29409172242 2.13563301869
5.23296504015 5.31553163234 2.15952414012 5.23296504015 5.31553163234 2.15952414012
12.2067841796 12.6423404591 0.600712155605 19.8302102835 20.5377817853 0.975871137745
2.53641232613 2.56348414611 1.10404950071 2.53641232613 2.56348414611 1.10404950071
1.79623084019 2.45568607542 1.78479460403 1.96894892186 2.69181462784 1.95641302483
1.29327667969 1.9118013106 1.05709118962 1.29327667969 1.9118013106 1.05709118962
1.37793401446 2.60785629293 0.970117297972 1.79053423217 3.38873699036 1.26060334748
1.99385788393 2.00722186826 1.24487612654 2.5065288316 2.52332903201 1.56496504996
2.88176745891 2.90420199651 2.00358461599 2.88176745891 2.90420199651 2.00358461599
10.7584072555 7.44296627258 7.29698740601 11.7268542821 8.11296494288 7.95384539518
1.3663018902 1.38233610084 1.33555339937 3.30737823233 3.3461919086 3.23294600767
1.16625018596 3.04874872755 1.16362852023 1.16625018596 3.04874872755 1.16362852023
4.02093530984 5.38678743116 1.3662260261 3.08033623535 4.12668079383 1.04663099742
13.4245323622 13.5885220845 4.59434233676 13.4245323622 13.5885220845 4.59434233676
1.60514490538 1.62514950703 1.17883455163 1.60514490538 1.62514950703 1.17883455163
2.47270398934 2.47386215402 1.42535167332 2.73205935077 2.73333899227 1.57485302892
1.54470577638 1.57096203219 1.14375921317 2.61498665899 2.65943509682 1.93623609704
10.1468165979 4.54764291887 1.42018789399 14.855171225 6.657853089 2.07918751003
2.93931046909 3.00498899187 2.72580821842 4.22549129553 4.31990936711 3.91856492239
1.51363712859 3.91396968211 1.40907477089 1.51363712859 3.91396968211 1.40907477089
19.5326948427 19.6159373564 1.25238755501 21.7444128835 21.8370810792 1.39419738575
1.67209360656 1.68813845137 0.893828079441 1.90877573837 1.92709170487 1.02034799105
7.31809290318 7.34435524438 1.26762722331 7.31809290318 7.34435524438 1.26762722331
3.2029085203 3.09962240198 1.7087477854 3.2029085203 3.09962240198 1.7087477854
1.02434159336 8.94173635981 1.03628063911 1.02434159336 8.94173635981 1.03628063911
6.59104403498 6.6217413925 2.53434952392 6.59104403498 6.6217413925 2.53434952392
2.29189220145 2.31165923243 2.31165923243 2.29189220145 2.31165923243 2.31165923243
0.874472787103 0.886074473381 0.300256857011 1.89652164719 1.92168292093 0.651185076812
2.12877739206 2.88282305406 0.854480976781 2.12877739206 2.88282305406 0.854480976781
2.66112671665 2.69193409129 1.09073982427 4.6372741192 4.69095898893 1.90072104654
1.03959867337 7.90393523752 1.03669138282 1.03959867337 7.90393523752 1.03669138282
7.16820629886 7.22378766349 3.40424757386 7.30653442085 7.36318836425 3.46994088039
2.1503919716 2.16727441233 1.19343157731 4.66064149753 4.69723157267 2.58657807837
