1.29254748449 1.33029944128 1.27229280514 1.94017546421 1.99684295316 1.90977222381
6.60450274453 6.61655870555 2.56832020881 9.73486980602 9.75263998728 3.7856389527
1.93719945383 1.96202173196 0.886225700983 1.93719945383 1.96202173196 0.886225700983
2.13149678693 2.13730373679 2.13730373679 4.51576766226 4.52807020784 4.52807020784
6.73836428776 6.97597975581 1.29165313656 6.73836428776 6.97597975581 1.29165313656
25.6443308638 27.5508571394 0.778808504963 25.6443308638 27.5508571394 0.778808504963
1.11350567672 1.14507904601 0.51017952427 1.11350567672 1.14507904601 0.51017952427
4.52560083088 4.79119150378 0.892996112475 5.07418505797 5.37197009787 1.0012433045
1.4836915196 1.99939203587 1.05958337025 2.23189921724 3.00766126979 1.59391845503
2.36675313384 2.41675693499 1.07959343342 2.36675313384 2.41675693499 1.07959343342
1.7132211161 1.74556069694 0.251264001281 1.7132211161 1.74556069694 0.251264001281
1.53021709381 1.54139681952 1.54139681952 1.44133685576 1.45186722479 1.45186722479
1.11161025396 1.56357616586 0.699112706138 1.76210687945 2.47855604839 1.10822233297
1.27210301154 2.94049531626 1.19228068984 1.27210301154 2.94049531626 1.19228068984
0.470954705288 0.482289733829 0.228512748586 2.76069948394 2.82714453076 1.33952378013
8.09063301319 8.1243555823 0.894974555082 10.0872413601 10.1292859929 1.1158365895
1.73171139777 1.81598003795 1.7268097975 1.73171139777 1.81598003795 1.7268097975
0.389005952209 0.259876671045 0.259876671045 0.389005952209 0.259876671045 0.259876671045
2.04298518553 2.06409660891 0.704683436779 2.04298518553 2.06409660891 0.704683436779
4.43901693857 4.59266731484 1.21821293141 4.43901693857 4.59266731484 1.21821293141
2.25241771459 2.30523956131 0.449059988429 2.25241771459 2.30523956131 0.449059988429
0.516540222074 0.523575497324 0.339809079932 1.5682619983 1.5896217189 1.03169055179
2.22915178736 2.35790156915 0.631138109651 7.01241084331 7.41742873891 1.98541873588
1.33089031539 1.36661937599 0.627186523225 2.48277138451 2.54942382627 1.17001433897
0.996481808861 1.01404552828 0.405929172851 1.79031676824 1.8218724084 0.729307648577
5.68799755915 5.72884565164 1.20285511879 5.59659933838 5.63679105875 1.18352690766
3.00290725446 3.01438776256 1.74559901962 10.421897093 10.4617413719 6.05828012874
6.11688065976 6.45449057593 2.33936476883 6.11688065976 6.45449057593 2.33936476883
1.70392995244 1.73217715259 0.993578100292 1.70392995244 1.73217715259 0.993578100292
1.16596102862 1.90826272318 1.09904866626 1.16596102862 1.90826272318 1.09904866626
1.46909707395 1.47401684584 1.47401684584 1.46909707395 1.47401684584 1.47401684584
2.54869992536 2.58606858383 1.28045595684 2.54869992536 2.58606858383 1.28045595684
3.21556189374 3.25722028225 0.870198424246 3.21556189374 3.25722028225 0.870198424246
0.892680258895 1.0572947346 0.531592939582 0.892680258895 1.0572947346 0.531592939582
4.0526172663 2.8567562136 0.776656468999 5.74715385333 4.05126277716 1.10140285283
1.17105001697 1.18136144395 0.824446290741 1.17105001697 1.18136144395 0.824446290741
1.42264463689 1.88395955644 1.05615220106 1.42264463689 1.88395955644 1.05615220106
1.21453308009 1.21346469951 0.759539492724 2.05056237705 2.0487585719 1.28237191164
1.01488664024 1.93054895729 0.567252811681 1.01488664024 1.93054895729 0.567252811681
2.91669376613 2.989344294 0.790900490379 3.50586790697 3.5931938913 0.950662931786
7.56970593091 7.63433031013 0.677071934935 7.56970593091 7.63433031013 0.677071934935
1.21134397592 1.21380702054 0.892104230067 1.03407081856 1.03617341091 0.76154995589
5.59067143248 8.75900518425 4.10345738153 5.59067143248 8.75900518425 4.10345738153
8.21383690875 8.59835727332 0.455592148648 8.21383690875 8.59835727332 0.455592148648
27.3437669902 29.0030171836 0.44087303781 27.3437669902 29.0030171836 0.44087303781
2.51456226935 3.79424462346 1.03226747663 2.51456226935 3.79424462346 1.03226747663
1.44430185948 1.44129891473 1.41451582031 1.94241700919 1.93837839987 1.90235827165
4.29768764534 4.34765349237 1.47091262083 5.09934560021 5.15863169619 1.74528546984
1.40628957921 1.40837474367 1.18695223956 1.31174517864 1.31369015816 1.10715381849
30.5190520195 30.533981351 0.91999892539 36.9284041823 36.9464688452 1.11320928784
18.3555954695 18.4005383297 7.36866173017 27.5279140619 27.5953149368 11.0507930509
2.21039001695 -0.230315715795 -0.230315715795 2.21039001695 -0.230315715795 -0.230315715795
1.4457276022 2.30395697062 1.04624187265 1.4457276022 2.30395697062 1.04624187265
3.52302050321 4.45448368797 1.17788660664 3.52302050321 4.45448368797 1.17788660664
119.644113792 120.380595424 1.69542724198 119.644113792 120.380595424 1.69542724198
1.06690362954 1.07621363121 0.978452384003 1.06690362954 1.07621363121 0.978452384003
2.12007511827 2.34913638513 1.26665336976 2.12007511827 2.34913638513 1.26665336976
1.11720524986 1.74164328295 1.44054877589 1.11720524986 1.74164328295 1.44054877589
2.82510314769 2.91960050888 1.13326647813 2.2611262377 2.33675903821 0.90703186186
12.7901122395 13.8733974526 0.957737710875 12.7901122395 13.8733974526 0.957737710875
3.02983250173 3.06884912847 2.48183902012 3.02983250173 3.06884912847 2.48183902012
1.64989696217 1.66883022932 0.626863573942 2.78776727866 2.81975809012 1.05918720968
2.4517151358 2.49578591004 2.18934912496 3.04666380585 3.10142907234 2.72063040277
1.13505803191 1.15113508361 0.134641363784 7.26275418964 7.36562441411 0.861512893112
1.0858293882 1.39079086107 0.452645602522 1.60980876002 2.06193287438 0.671074907383
1.77811524369 1.78293306693 0.986132811595 1.77811524369 1.78293306693 0.986132811595
5.67739777896 8.00186333647 2.10715627384 5.67739777896 8.00186333647 2.10715627384
4.76268581235 5.63882695832 3.64753157343 6.56408390998 7.77160929077 5.02714314059
1.48833088509 1.51018991376 0.967287352075 1.48833088509 1.51018991376 0.967287352075
21.1453422064 21.1503138262 0.660351810873 21.1453422064 21.1503138262 0.660351810873
3.16622316606 3.17922353519 1.24578429188 3.16622316606 3.17922353519 1.24578429188
5.30294811159 5.44587894384 1.46239881004 5.30294811159 5.44587894384 1.46239881004
3.58258226412 3.61979667519 1.67229651464 11.8474453716 11.9705118275 5.53021260689
1.89142854 2.45275429776 1.73415005641 1.89142854 2.45275429776 1.73415005641
3.44891454408 3.52133233742 0.778450975304 3.44891454408 3.52133233742 0.778450975304
2.04262097737 2.06262394924 1.9558286029 2.60672672502 2.63225386976 2.49596510817
1.63851599868 1.65420767821 0.594072155688 1.63851599868 1.65420767821 0.594072155688
3.19789305057 3.25672363147 1.0890528083 3.19789305057 3.25672363147 1.0890528083
3.70568747995 3.70755610318 1.32956142886 3.70568747995 3.70755610318 1.32956142886
3.98993439349 9.23357690624 0.817528204103 3.98993439349 9.23357690624 0.817528204103
1.14603123423 5.2792440848 0.895474775232 1.14603123423 5.2792440848 0.895474775232
2.51317930679 3.10417266281 0.843871712578 2.51317930679 3.10417266281 0.843871712578
6977.19038375 6983.48214894 5.65253828758 6977.19038375 6983.48214894 5.65253828758
2.68810668825 2.70724637977 0.549564560691 4.50169508373 4.53374777554 0.920339989432
47.3844713624 47.4880789051 1.34690898294 47.3844713624 47.4880789051 1.34690898294
1.038269148 1.16422873077 0.895107674788 1.038269148 1.16422873077 0.895107674788
6.03627971687 6.08906405375 1.1570576252 6.03627971687 6.08906405375 1.1570576252
4.61794504183 4.62129691266 1.54881987562 4.61794504183 4.62129691266 1.54881987562
3.84615473924 3.9762549125 0.957610006043 3.83132095789 3.96091936312 0.953916712764
4.30632363499 4.40714071998 0.626475547511 4.30632363499 4.40714071998 0.626475547511
1.47261133101 1.82865778311 1.38449022068 1.47261133101 1.82865778311 1.38449022068
1.18156715342 1.18231732137 0.572350452531 1.38913339511 1.39001534529 0.672895421151
1.29061493578 0.902714022375 0.900986733545 2.02645598842 1.41739428683 1.41468218836
1.31314204012 1.37162397771 1.03256033253 2.14949621796 2.24522592564 1.69020902672
3.77949549753 3.79669733623 0.714596835257 3.77949549753 3.79669733623 0.714596835257
4.21502411061 3.33140016163 3.33140016163 4.21502411061 3.33140016163 3.33140016163
11.1723810478 11.2040176869 1.8807198527 26.5425463224 26.6177063939 4.46808013403
1.04905995513 0.779964215997 0.479337991967 1.04905995513 0.779964215997 0.479337991967
1.73782393733 1.76983413291 0.474248447831 1.73782393733 1.76983413291 0.474248447831
1.76355713361 2.84062904415 0.664954265688 1.76355713361 2.84062904415 0.664954265688
2.64478668241 2.83152711815 0.416796755075 2.64478668241 2.83152711815 0.416796755075
3.6960369672 3.74515738397 0.634366291533 3.42839059174 3.47395398199 0.588429024089
1.74991487123 1.79623422868 0.467779333739 1.74991487123 1.79623422868 0.467779333739
2.75461155773 3.5683733798 1.70581312841 2.75461155773 3.5683733798 1.70581312841
3.44679645218 3.54518093959 0.877547886609 3.90919076598 4.02077371991 0.995272608243
2.2728610021 2.32327184171 1.51269236946 2.86467985068 2.92821691535 1.90657472986
6.3223176994 6.41637618957 0.746107893155 6.3223176994 6.41637618957 0.746107893155
1.04287834537 1.04309894885 0.700219027891 1.38350018133 1.38379283767 0.928922492601
1.10994836014 0.552024942836 0.546682681684 1.10994836014 0.552024942836 0.546682681684
2.45745206872 2.49666458901 1.34674461751 2.19334298087 2.22834122447 1.20200629401
1.56684774694 1.58740925256 0.694790753643 1.56684774694 1.58740925256 0.694790753643
0.825005526302 2.74506600839 0.545487660103 2.22299302664 7.39663238582 1.46982683857
1.9952526093 2.01744372387 1.353891922 1.9952526093 2.01744372387 1.353891922
3.43832359763 3.44831137399 0.473075735245 9.19390544634 9.22061226112 1.26498087085
2.00411717615 2.06515447651 1.67155006827 3.4254088199 3.52973291306 2.85698980824
2.38711021071 2.51827427832 2.51827427832 9.62790101415 10.1569233667 10.1569233667
0.822743006143 2.9629630831 0.660714046408 0.822743006143 2.9629630831 0.660714046408
46.3157376707 46.6645111264 1.46345317104 228.58426367 230.3055819 7.22265006112
1.25424460613 1.60047601421 1.26218821801 1.34237769987 1.71293805064 1.35087949242
2.52801071126 3.4150944321 0.808242519667 2.52801071126 3.4150944321 0.808242519667
11.5772317961 11.6903684455 0.65363477443 26.8174257368 27.0794947485 1.5140754138
0.868210593464 0.880440911741 0.559022215476 0.868210593464 0.880440911741 0.559022215476
0.854891136572 5.17794330205 0.604235877339 1.75972031975 10.6583536234 1.24376789721
34.1834615096 38.1680752596 11.1123282148 48.7792056049 54.4651801898 15.8570992756
7.0665649049 7.12634067104 3.81333172159 7.0665649049 7.12634067104 3.81333172159
2.14470231212 2.75078583931 0.940387078406 2.14470231212 2.75078583931 0.940387078406
1.3953057832 1.41868062692 0.713438982625 2.42160333755 2.46217121898 1.23819899714
1.31742970069 1.36256593892 0.401143074282 3.34937218956 3.46412446892 1.01984755341
1.49812887555 1.18579971823 1.18495697501 1.49812887555 1.18579971823 1.18495697501
1.46290307849 1.49361231317 0.846572636788 1.46290307849 1.49361231317 0.846572636788
1.90089682599 1.92965128598 0.730108327237 1.90089682599 1.92965128598 0.730108327237
2.04875477405 2.07773194066 1.20408151235 1.94410922545 1.97160630693 1.14257987632
1.36711277622 1.36978148849 0.816580546202 1.36711277622 1.36978148849 0.816580546202
1.43285203876 2.04642916662 0.791846957206 1.43285203876 2.04642916662 0.791846957206
0.767491305743 1.34746800564 0.775090942764 0.767491305743 1.34746800564 0.775090942764
2.50902081297 2.55556372226 1.34890431991 2.50902081297 2.55556372226 1.34890431991
1.00136556926 1.97218500371 0.698994727461 1.00136556926 1.97218500371 0.698994727461
1.50570592615 1.81130545355 1.29990516783 1.50570592615 1.81130545355 1.29990516783
1.05691687812 1.0654948875 0.224714172865 1.05691687812 1.0654948875 0.224714172865
1.13079492984 2.10061906709 0.868324344727 1.13079492984 2.10061906709 0.868324344727
1.84192281149 1.87211518348 0.801934211919 3.35573801199 3.41074449203 1.46101731368
1.3959873408 1.49736449273 1.06829561589 1.3959873408 1.49736449273 1.06829561589
1.81327874799 1.84364301557 0.700845035857 2.99362323626 3.04375296787 1.15705651251
2.57309864974 2.68347927621 0.711413673744 2.57309864974 2.68347927621 0.711413673744
0.566538204352 1.59620839952 0.361312217337 1.75245314934 4.93749656289 1.11763465959
1.63752716503 1.6548525033 0.739331633218 2.30530518123 2.3296957336 1.04082856218
2.54716690375 2.54949807561 2.35208429898 2.54716690375 2.54949807561 2.35208429898
15.0542850211 15.3393277014 2.69545903146 15.0542850211 15.3393277014 2.69545903146
3.69537817518 3.74683173973 1.35814511651 3.69537817518 3.74683173973 1.35814511651
4.46384112832 4.6311885087 2.37306407222 3.91063962457 4.05724773135 2.07897147898
1.52701945126 1.56398266984 0.769033365896 1.53257447601 1.5696721602 0.771830972292
6.31563868367 6.3554823618 0.749443024753 6.31563868367 6.3554823618 0.749443024753
22.5458671292 22.6408012386 0.619100721826 37.6869261752 37.845614894 1.03486830046
2.94411371171 4.46156950939 1.15951367133 2.94411371171 4.46156950939 1.15951367133
25.5195267801 25.7413954891 4.31469360366 25.5195267801 25.7413954891 4.31469360366
5.09905456975 5.20133437767 0.94825729416 5.09905456975 5.20133437767 0.94825729416
3.79240039915 3.84385950276 0.446730018587 3.79240039915 3.84385950276 0.446730018587
10.0981049898 10.2312007487 3.27500140376 10.0981049898 10.2312007487 3.27500140376
1.01425060285 1.06312456124 0.979170421884 1.01425060285 1.06312456124 0.979170421884
2.37090926333 2.41550583771 0.964450021863 2.37090926333 2.41550583771 0.964450021863
34.2918602494 35.1963744806 2.57887252261 61.0900267542 62.7013945302 4.59419204022
1.40311940248 1.41862871142 0.668005662251 1.40311940248 1.41862871142 0.668005662251
2.89698603504 2.9328982212 0.982801907272 5.37681667731 5.44346982618 1.82408393468
1.73896768889 2.18468029621 1.73432883286 1.73896768889 2.18468029621 1.73432883286
0.662801510555 0.663516387734 0.24491374097 2.77918498577 2.78218252861 1.02694484076
4.60360654449 4.79835168508 1.55463044483 5.82423784518 6.07061902634 1.96683565038
1.79054564976 2.32467052134 1.10287653497 1.79054564976 2.32467052134 1.10287653497
3.14829407816 5.48529181122 1.33829369872 3.12602220161 5.44648738602 1.32882625022
26.3683141658 26.4529725217 0.239459827929 26.3683141658 26.4529725217 0.239459827929
4.30816446626 4.38469478433 1.39355784353 4.30816446626 4.38469478433 1.39355784353
1.30508375867 1.29486394648 0.78561044546 1.71628772003 1.70284786374 1.03313948343
1.6825766186 1.70381074715 1.04707685487 1.7644084947 1.78667534209 1.09800128976
2.7271346773 2.74394994806 1.59123284887 2.7271346773 2.74394994806 1.59123284887
5.18323268644 5.37531916353 2.52773278228 5.35780693996 5.55636299991 2.61286827402
6.00244282349 6.14648823049 1.23864052268 6.29684368907 6.4479540684 1.29939192885
2.23175351811 2.25222867355 1.81901862062 2.28487995655 2.3058425189 1.8623199888
1.57124676965 1.92253821328 1.03339873644 1.57124676965 1.92253821328 1.03339873644
1.69952926107 1.23045282668 0.951990828224 1.69952926107 1.23045282668 0.951990828224
4.70408938043 4.72913604503 0.664811961765 5.53461071898 5.56407944867 0.78218654284
2.36898172447 2.40212767468 2.40212767468 2.72038596771 2.75844864118 2.75844864118
1.01400108424 0.992459156663 0.878890907905 1.01400108424 0.992459156663 0.878890907905
8.38383852592 8.55224165752 0.589151400147 8.38383852592 8.55224165752 0.589151400147
2.12101312986 2.18810803478 0.697711407612 2.95180112244 3.04517669512 0.971000738816
2.65546218774 6.37208327374 0.735031108627 2.65546218774 6.37208327374 0.735031108627
1.6681229721 1.69521382874 0.626192218612 3.47298454571 3.5293869381 1.30371437493
1.16495692688 1.27501163987 0.965294529216 1.16495692688 1.27501163987 0.965294529216
0.743638544301 1.74256586458 0.59086258875 0.743638544301 1.74256586458 0.59086258875
2.61016984348 2.67667513243 1.68907252124 3.6265229374 3.71892418725 2.34676691884
2.94458806516 3.06787816427 1.78705302057 2.94458806516 3.06787816427 1.78705302057
5.73543044551 5.83523718111 0.819750332262 7.29942087167 7.42644383461 1.04328746407
10.1351834208 10.3595408111 6.6340836418 10.1351834208 10.3595408111 6.6340836418
1.17256272595 4.66075963919 0.844984685701 1.17256272595 4.66075963919 0.844984685701
9.93836603217 9.98964241804 4.7066589874 9.93836603217 9.98964241804 4.7066589874
14.7851207361 14.8297391047 2.75905123304 15.7088398329 15.7562457904 2.93142644448
1.39851105887 1.5306062997 0.886815187362 3.42418477828 3.74761340623 2.17132288404
2.53537384787 2.55475716134 0.703259642052 2.53537384787 2.55475716134 0.703259642052
1.21957671848 2.05771686825 1.04008126409 1.27027107016 2.14325033326 1.08331449786
1.20189474397 2.04706169046 0.941301560747 1.20189474397 2.04706169046 0.941301560747
1.20351848458 1.2758017253 1.10551199943 1.20351848458 1.2758017253 1.10551199943
1.65093305005 1.65524172157 0.837929082253 2.42144505779 2.42776464257 1.22900152429
