1.78215068027 1.81281988201 0.933798678039 1.72745246454 1.75718035944 0.905138294767
2.21021537635 3.03541060524 1.30560829958 2.72805575821 3.74658934544 1.61150459713
4.7836941343 4.83314261038 1.13767027667 4.7836941343 4.83314261038 1.13767027667
2.18341361728 1.83961629268 0.710239406725 3.25263698236 2.74048120776 1.05804550377
3.78230890451 3.02027672535 1.23565095612 5.29241820938 4.22614015463 1.72899194267
0.949229858245 0.959698694048 0.80966548821 1.08446738287 1.09642772195 0.925019167249
1.47683002227 1.04203736962 0.477658637106 1.47683002227 1.04203736962 0.477658637106
2.23445844631 2.2995009824 0.729147299025 2.23445844631 2.2995009824 0.729147299025
0.863268245168 0.976580110751 0.684112225265 0.863268245168 0.976580110751 0.684112225265
1.16362391759 0.682406166481 0.563455738092 1.45313111507 0.852187393743 0.703642347504
1.88489796203 2.38936758786 1.02259749169 2.1085541945 2.67288264462 1.14393578529
1.06718549241 1.07235889624 0.6077412943 2.14237431536 2.15275992084 1.22004032903
1.66346114135 1.53708857501 1.03393609475 1.57481349058 1.45517545554 0.978836517388
1.05192144183 1.05149162265 1.02300342166 1.05192144183 1.05149162265 1.02300342166
16.9357055315 16.9665331513 0.733761535766 16.9357055315 16.9665331513 0.733761535766
2.79673655073 2.823036241 0.838187259462 2.79673655073 2.823036241 0.838187259462
2.53779194389 2.62298085469 0.893099479285 2.53779194389 2.62298085469 0.893099479285
1.69282872567 1.51102139912 1.33345606763 2.79685134499 2.4964736056 2.20310438953
4.02192580349 4.13362310374 1.125796417 12.0821695258 12.4177166699 3.38197764613
1.56910731662 1.58653414958 1.20418049704 1.56910731662 1.58653414958 1.20418049704
1.45470571937 1.30961283896 0.888822211322 3.12742786638 2.81549706733 1.91085201283
0.779779027354 0.659203842457 0.657431844948 1.57195359215 1.32888653292 1.32531436985
4.69599735305 4.75832505604 2.47384172741 6.33309022136 6.41714626668 3.33625887648
1.55919676069 1.56613726258 0.890233145647 1.77539334646 1.78329621106 1.01367193893
1.55791777757 1.6761500582 1.13585505751 1.69938304433 1.82835129662 1.2389953137
1.42480632495 4.3830765738 1.081476613 1.9954770488 6.13860884318 1.51463516288
1.40900779979 1.36548551769 1.06453754713 1.40900779979 1.36548551769 1.06453754713
1.70208072326 1.7224052604 1.21119098573 1.90485656203 1.92760244442 1.35548512213
30.0131762174 32.6835489474 4.03890646631 33.7941846039 36.8009663034 4.54772096534
5.1861084432 5.37109131577 1.7280172322 10.9043444936 11.2932906543 3.63333998839
1.95778820932 1.99982945365 1.28689103279 1.95778820932 1.99982945365 1.28689103279
0.909418250293 0.919017339995 0.594471953327 3.77221995831 3.81203648689 2.46583897593
4.70843237479 4.75293507318 3.06228229898 5.62544385132 5.67861386868 3.65869057015
1.27658450582 1.21817342725 0.98591009729 1.48621080511 1.41820811848 1.14780512592
1.11328404897 -0.234150244844 -0.234150244844 1.61815275344 -0.340336200598 -0.340336200598
0.784318116647 5.0759828222 0.677824326948 0.784318116647 5.0759828222 0.677824326948
1.15005821801 1.15969376223 1.03999217066 1.84271456214 1.85815339591 1.66635800465
38.9772336262 3.44699626236 1.01236864355 38.9772336262 3.44699626236 1.01236864355
0.780557898931 0.796645030134 0.401282714546 4.19257816051 4.27898629889 2.15539314572
6.52788392875 6.88602480165 1.32669948101 5.83641482083 6.15661945702 1.18616822822
1.4372916539 0.256685715485 0.0594429954715 27.7187894723 4.95029473577 1.14638380638
2.93615256179 2.33443564757 1.38498154687 12.0807482313 9.60499453865 5.69848228956
0.581882098174 0.591791252479 0.448368380729 1.28336006003 1.30521502498 0.988891175401
1.53996443993 1.54970570394 1.07933033398 1.53996443993 1.54970570394 1.07933033398
422.912100486 423.001193531 8.29316505753 511.203682927 511.311375974 10.0245335039
2.65523521485 -0.449014269653 -0.449014269653 2.65523521485 -0.449014269653 -0.449014269653
5.73573635442 4.28906802017 3.2187243859 5.07163966357 3.79246990216 2.84605310512
1.3677269454 0.975774814942 0.946531420973 1.3677269454 0.975774814942 0.946531420973
0.798237255755 2.04105309482 0.59648591056 1.39650650554 3.57079791068 1.04354494676
1.8365228819 1.84569520753 0.901358688579 10.426768639 10.4788440681 5.11741977142
0.480171597075 0.471839170732 0.374107412234 0.863471167129 0.848487336466 0.672740674044
1.66284390051 1.51553692237 1.07703916271 1.66284390051 1.51553692237 1.07703916271
1.11924356679 -0.231672254223 -0.231672254223 1.98340586535 -0.410545230279 -0.410545230279
10.2234174514 10.239626344 0.760975839146 10.2234174514 10.239626344 0.760975839146
3.7681565316 3.87448079348 0.726511576111 6.54044079823 6.7249892729 1.26101607323
1.30756808753 -0.224403606556 -0.224403606556 1.73254109943 -0.297337075541 -0.297337075541
2.21810758201 2.28822060437 1.35531838163 2.21810758201 2.28822060437 1.35531838163
3.09146977174 2.55955950595 2.19217245329 3.09146977174 2.55955950595 2.19217245329
6.73760706787 6.76969542309 1.6300841248 6.73760706787 6.76969542309 1.6300841248
2.71136616756 2.76835463122 0.749532314056 2.71136616756 2.76835463122 0.749532314056
6.7913878061 5.18969457436 2.62594143392 6.7913878061 5.18969457436 2.62594143392
3.22463274821 1.50387039084 1.44659416312 4.17605232198 1.94758347012 1.87340803917
5.89947818051 6.10211449791 1.33470956964 5.89947818051 6.10211449791 1.33470956964
1.08688937089 0.794648233965 0.701609278098 1.4096640712 1.03063577091 0.909966936697
3.44914622825 3.5322964518 2.56062484625 8.09293379264 8.2880340318 6.00814403831
4.18916803914 4.21901678893 1.31970659455 18.5256665311 18.6576660069 5.83610971465
1.01474997666 1.03962742903 1.00359697519 1.01474997666 1.03962742903 1.00359697519
0.729515440469 0.708914737946 0.67417201616 0.729515440469 0.708914737946 0.67417201616
4.71516365637 4.71969903001 0.4766843466 6.71793065811 6.7243924329 0.679156148046
6.79276797271 6.91805713383 1.89864198803 12.6969313236 12.9311197841 3.5489106984
2.39565057033 1.14149562212 1.09278434627 2.39565057033 1.14149562212 1.09278434627
1.09323674813 1.09971702873 0.630731663906 3.89333569302 3.91641386686 2.24621986408
1.10884783078 0.891332728362 0.891332728362 1.04457293087 0.839666196391 0.839666196391
5.28761912555 5.34326053274 2.31342080645 5.59242718107 5.65127607138 2.44677937121
1.46858928067 6.78677247872 0.816060464416 1.46858928067 6.78677247872 0.816060464416
1.26647276456 -0.227914005002 -0.227914005002 1.26647276456 -0.227914005002 -0.227914005002
1.47345142836 1.26684674847 0.472836420384 1.47345142836 1.26684674847 0.472836420384
1.994299677 1.50268528307 0.364412701438 2.68690242577 2.02455467391 0.490970029615
3.32527795843 3.37996640295 1.06487001078 3.32527795843 3.37996640295 1.06487001078
0.757871860696 0.542259197505 0.181818618024 8.12998254641 5.81702269206 1.95043815163
4.30998332187 4.3633216244 1.75541044418 12.7107788172 12.868081367 5.17696525092
1.37983320283 1.38343784204 0.764541484895 1.37983320283 1.38343784204 0.764541484895
1.62094651748 5.36782870857 1.1011778896 1.62094651748 5.36782870857 1.1011778896
0.554982837177 0.560181141839 0.384711144006 1.56843170145 1.58312258067 1.08722849382
34.5728749239 34.6142952416 1.32736579758 34.5728749239 34.6142952416 1.32736579758
32.6857482828 34.4318801915 0.489105457237 56.2411806687 59.2456864643 0.841586007103
2.86095545695 2.88451491815 1.22772662306 2.86095545695 2.88451491815 1.22772662306
0.449959213165 0.456725575009 0.240711948414 0.449959213165 0.456725575009 0.240711948414
0.754321142586 0.765769587265 0.743039144106 0.754321142586 0.765769587265 0.743039144106
1.71460766169 1.53312532612 1.46914177313 2.09190891434 1.87049119642 1.79242799405
3.78491872226 4.04657358177 0.753193330106 3.78491872226 4.04657358177 0.753193330106
1.54314230368 1.56886081178 1.56886081178 1.54314230368 1.56886081178 1.56886081178
2.49756801518 2.1942401239 1.01369884284 2.49756801518 2.1942401239 1.01369884284
1.08456860252 9.10493714364 0.511039810125 1.08456860252 9.10493714364 0.511039810125
36.3209648933 3.77465305448 0.374944513463 36.3209648933 3.77465305448 0.374944513463
1.61125613368 1.6546274232 0.587990449066 1.61125613368 1.6546274232 0.587990449066
1.88286133068 1.85827368696 1.11050173192 1.88286133068 1.85827368696 1.11050173192
0.763389540328 0.758728469735 0.640826163141 2.15641829189 2.14325172704 1.81020198354
103.289565408 103.355456638 3.20001183713 103.289565408 103.355456638 3.20001183713
0.770849364315 0.771394835725 0.764973659481 1.11593055629 1.11672021538 1.10742451234
0.782432127695 -0.281154193846 -0.281154193846 1.21856273731 -0.437870598527 -0.437870598527
1.74916853259 1.79829553915 1.29713123984 1.74916853259 1.79829553915 1.29713123984
1.87573812241 1.20150497266 0.713260098371 1.87573812241 1.20150497266 0.713260098371
1.4570225091 0.892672105633 0.706981629479 1.4570225091 0.892672105633 0.706981629479
1.10662738433 1.03124522394 0.85507095743 1.35074054504 1.25872968226 1.04369277992
1.85920785245 1.70346877612 0.603988705278 1.85920785245 1.70346877612 0.603988705278
1.5828104177 1.58817231178 0.712569868538 1.5828104177 1.58817231178 0.712569868538
0.788401924938 0.804669718449 0.615782316497 0.788401924938 0.804669718449 0.615782316497
1.53229622636 0.986956367857 0.861802750788 2.37407125308 1.5291460624 1.33523864464
1.51567416422 1.54931741988 0.639723760531 1.51567416422 1.54931741988 0.639723760531
3.07074058167 3.16817316953 1.04249397012 3.07074058167 3.16817316953 1.04249397012
2.81425247254 2.76062845406 1.84153806046 2.81425247254 2.76062845406 1.84153806046
2.32872392231 2.36677346875 1.4681012589 2.18946426022 2.22523841156 1.3803075607
5.00288844552 5.09294676529 1.11169693034 5.00288844552 5.09294676529 1.11169693034
1.72224446017 1.71749680053 0.524901790247 1.72224446017 1.71749680053 0.524901790247
5.39920469868 4.08716388661 1.96070693273 4.08768969039 3.09435530132 1.4844337198
1.18516824405 1.17320826636 0.388410894078 4.73811873407 4.69030459915 1.5528064838
2.86134551126 2.91947110439 0.974856582467 2.86134551126 2.91947110439 0.974856582467
1.12425525918 0.786222208795 0.721913435325 1.12425525918 0.786222208795 0.721913435325
7.03655200058 7.88085929726 0.729659665154 15.0785781097 16.8878383157 1.56358259751
1.52155679218 0.895952530257 0.862843488461 1.24901437047 0.735468824631 0.708290299841
5.41757795016 5.47763006941 0.482753574121 15.4213769441 15.5923179764 1.37417955148
0.369306883434 0.375129243447 0.273373924744 3.19526794003 3.2456433896 2.36524954328
3.07140610464 3.23659872079 0.939419743879 5.7488743215 6.05807198432 1.75834971303
1.90693024737 1.91301304817 1.20034380247 1.90693024737 1.91301304817 1.20034380247
1.93831706554 1.43227572759 0.802300308406 4.1149308488 3.0406354462 1.70323542404
2.26932287082 2.3152561194 1.99265128519 2.26932287082 2.3152561194 1.99265128519
1.17447229633 0.860136998893 0.676053645893 2.49310860009 1.82585400771 1.43509145679
3.81183518427 3.84801933567 1.03556925543 3.81183518427 3.84801933567 1.03556925543
0.936148983048 0.936829156387 0.716802490329 1.07788130809 1.07866445921 0.825325904219
2.50209374598 1.23351366158 0.876218199514 3.51705448032 1.7338817768 1.23165135171
1.39189429198 1.409227144 1.04792541923 1.39189429198 1.409227144 1.04792541923
2.91904634387 2.99548269851 2.46314792818 2.91904634387 2.99548269851 2.46314792818
3.40258749718 3.52663149626 1.76724430424 3.40258749718 3.52663149626 1.76724430424
34.785069421 34.9025026187 1.2505740576 34.785069421 34.9025026187 1.2505740576
0.843447687766 0.84456516062 0.805209823328 2.24800461065 2.25098296267 2.14609088582
0.891456549399 0.904451679143 0.794539497937 2.18217548153 2.21398595342 1.94493451496
2.37709823717 2.39089453497 0.729797080753 2.37709823717 2.39089453497 0.729797080753
1.28387076278 0.904993546249 0.79034955753 1.9118718961 1.34766814339 1.17694642712
1.07797677189 0.638927023477 0.638373212466 1.07797677189 0.638927023477 0.638373212466
6.62417269057 6.68395603886 0.694603440756 6.62417269057 6.68395603886 0.694603440756
2.29371126732 2.08942290197 1.06983310487 2.72886422334 2.48581915512 1.27279720269
1.70382140291 1.74229865344 1.29988404733 2.34175351643 2.39463713239 1.78657694614
1.53365806933 -0.211023401519 -0.211023401519 1.53365806933 -0.211023401519 -0.211023401519
50.6310711464 52.0558336252 1.90283082304 123.65848743 127.13824737 4.6473672408
1.66300669827 1.59045263891 1.27269589382 1.95636815474 1.87101525064 1.49720486389
1.62384065793 1.65607123717 0.900504173855 1.62384065793 1.65607123717 0.900504173855
0.869130064627 0.872438519153 0.370672754277 6.68101790727 6.70645005469 2.84936790229
1.26846778198 1.26726463435 1.2536393795 1.27541559464 1.27420585698 1.26050597215
0.760865022808 0.772698029903 0.633292369829 2.84710462345 2.89138292276 2.36973652368
0.488535736842 -0.0868414513629 -0.0868414513629 1.82565083673 -0.324525221775 -0.324525221775
0.765634452034 0.793111306114 0.75241850066 1.11499802397 1.15501273063 1.09575155507
1.23251198564 0.654325062624 0.624746373761 1.23251198564 0.654325062624 0.624746373761
1.32077620408 1.20307822386 0.928985115194 2.17987378648 1.98561927084 1.53324256932
2.94514210635 3.00686523356 0.378336139121 9.71711584207 9.92076332516 1.24827120673
2.89205628112 1.93282557883 0.901704324221 2.89205628112 1.93282557883 0.901704324221
1.72848030305 1.50807160957 0.994338445222 1.72848030305 1.50807160957 0.994338445222
2.3123559294 2.05768994087 1.00462045597 2.3123559294 2.05768994087 1.00462045597
4.03328859294 1.31188580867 0.317844957282 4.03328859294 1.31188580867 0.317844957282
1.54028115418 -0.230505031604 -0.230505031604 2.47073982085 -0.369749353191 -0.369749353191
1.65712837257 1.65326154704 1.5555818804 1.65712837257 1.65326154704 1.5555818804
3.29546255092 3.74045574601 3.07013009909 3.29546255092 3.74045574601 3.07013009909
18.9027182934 19.2251011465 0.726510414684 18.9027182934 19.2251011465 0.726510414684
0.965377686834 0.683479301249 0.280765382473 2.985130692 2.11344748002 0.86817975172
29.878143729 7.32451367848 0.797334215525 29.878143729 7.32451367848 0.797334215525
6.81947824396 7.05589772459 3.08884540335 7.63884401764 7.90366948825 3.45997265285
1.16530523417 1.15738328952 1.1160982485 0.910350060552 0.904161344853 0.87190898857
1.1012088321 0.725250759559 0.704681241374 1.10627775127 0.728589124972 0.707924924268
1.65834564167 1.69375249012 0.971819841703 5.40780102862 5.52326139265 3.16906693487
0.880356712638 -0.225481741233 -0.225481741233 0.880356712638 -0.225481741233 -0.225481741233
1.89520054268 1.69563254522 0.4875630571 1.89520054268 1.69563254522 0.4875630571
5.58019482536 4.136392306 0.915698115231 5.58019482536 4.136392306 0.915698115231
18.0008871735 18.7131930912 0.998691902727 18.0008871735 18.7131930912 0.998691902727
0.741515635132 0.618950330897 0.47206486871 1.02821066798 0.858257470273 0.654581118708
2.68565708111 2.8986067907 0.837074518096 2.68565708111 2.8986067907 0.837074518096
0.448441420805 0.398681425372 0.219691718226 1.2128634156 1.07828156116 0.594182507202
1.77088632902 1.99334212177 0.658878449424 1.77088632902 1.99334212177 0.658878449424
3.06288737402 3.08875965575 1.08504282004 3.06288737402 3.08875965575 1.08504282004
2.64347899163 2.48929612183 1.4110784146 2.64347899163 2.48929612183 1.4110784146
1.47215009835 1.49518924136 1.49518924136 1.47215009835 1.49518924136 1.49518924136
0.706795561175 1.31976189121 0.447315476774 0.706795561175 1.31976189121 0.447315476774
1.23211018562 0.976710642775 0.706181400109 1.23211018562 0.976710642775 0.706181400109
1.15613972425 1.16642667071 0.503809668165 1.15613972425 1.16642667071 0.503809668165
1.1038318409 1.05077951069 0.548370869965 3.39918341347 3.23581197028 1.68867493811
0.912619560656 0.924929046075 0.35858270861 2.47452714612 2.50790376562 0.972280986336
1.30462273103 1.32247021573 1.1153420679 2.64935821358 2.68560193298 2.26497714494
13.5300590205 5.28820505424 2.23833522709 13.5300590205 5.28820505424 2.23833522709
1.17117518941 0.937573533841 0.92907152917 1.64329215185 1.31552242899 1.30359314832
2.20214808177 2.26886933859 0.858983753123 2.05690769671 2.11922842247 0.802330373592
11.8182314999 11.9496209324 1.71312301698 12.6606212621 12.8013759802 1.83523242827
2.34777582583 2.35997873279 1.52826349339 2.95758526089 2.97295774124 1.92521344375
1.9335828244 0.840629574648 0.850318796674 1.9335828244 0.840629574648 0.850318796674
1.04759462218 0.886665397808 0.817898714145 1.04759462218 0.886665397808 0.817898714145
1.71696334359 1.70779175864 1.37378242364 1.71696334359 1.70779175864 1.37378242364
1.04548724481 1.04702392576 0.984686075874 1.04548724481 1.04702392576 0.984686075874
1.94856295589 1.97175785509 1.29098691468 1.94856295589 1.97175785509 1.29098691468
1.47490177206 1.00515836763 0.745674336676 1.47490177206 1.00515836763 0.745674336676
1.52164838352 1.54964492671 0.927907181272 1.83591640431 1.86969511 1.11954905892
1.99873106664 2.05889091151 1.38446842875 3.88503243476 4.00196810084 2.69105976305
3.5329743047 2.94024426657 1.6696660813 3.5329743047 2.94024426657 1.6696660813
