1.00016903204 1.5054138816 0.831844864068 1.04507588791 1.57300586059 0.869194088267
13.7067573361 13.8519640621 0.152305906188 438.512931975 443.158452838 4.87264112453
1.46918118851 1.97470704582 0.951950802713 1.46918118851 1.97470704582 0.951950802713
1.66384277131 1.68454372862 1.68454372862 1.9279922986 1.95197971314 1.95197971314
2.17502150764 2.22553529049 2.22553529049 2.17502150764 2.22553529049 2.22553529049
2.25066336224 4.81941235564 1.61265645044 2.65659508644 5.68864602248 1.90351665836
1.57941530201 2.25682902622 1.57924899305 1.61458189827 2.30707863131 1.61441188635
1.35317607215 2.71592934387 1.36252319468 1.35317607215 2.71592934387 1.36252319468
2.3132492935 2.34074664727 1.37625189659 2.89273217652 2.92711778305 1.72101128722
1.53627318175 2.15131218784 1.23368000437 1.53627318175 2.15131218784 1.23368000437
1.14800023248 1.48323612962 1.16302227743 2.00065084455 2.58487544814 2.02683016582
1.06607033574 1.59764595019 1.0671622876 1.99743613641 2.99341952131 1.9994820653
0.881799156245 1.94990208582 0.859029148422 1.48271605461 3.27869572916 1.44442904115
1.99255627543 1.99571530096 1.78934282313 5.51422937244 5.52297170586 4.95185349308
1.4291697196 1.47824790382 0.712504418246 1.4291697196 1.47824790382 0.712504418246
1.97667675011 2.01393530741 2.01393530741 1.97667675011 2.01393530741 2.01393530741
12.1137511007 12.2489818614 1.85249453844 12.1137511007 12.2489818614 1.85249453844
3.75534217739 3.80485577383 3.80485577383 3.75534217739 3.80485577383 3.80485577383
13.6441736849 14.1933412127 2.08025201258 25.4061308557 26.42870814 3.87353284009
1.30935076693 2.3457477825 1.0988305959 1.61148126338 2.88702515446 1.35238391549
2.05398421596 2.09370921823 2.09370921823 2.05398421596 2.09370921823 2.09370921823
0.976143502261 1.19869568966 0.967582465311 0.976143502261 1.19869568966 0.967582465311
1.77956254677 4.70514030975 1.47532070256 1.77956254677 4.70514030975 1.47532070256
7.93596344228 8.02314082768 4.3094747242 8.66403760043 8.75921295634 4.70484161377
28.7696163306 29.1716723206 2.77056140267 28.5403945172 28.9392471276 2.74848696479
2.52991233977 3.03402126481 1.38792090858 3.48581543853 4.18039708311 1.91233350442
1.80166731564 1.84548788586 1.06410249455 3.5200437476 3.60565906784 2.07901164672
1.96828223659 1.99657828414 0.86272838434 1.95705792018 1.98519260683 0.857808593783
51.2688100272 51.2890607977 0.881599644726 51.2688100272 51.2890607977 0.881599644726
1.02665367232 1.09712159095 0.922184794478 1.02665367232 1.09712159095 0.922184794478
4.68802304386 4.79986336724 1.58799401002 4.68802304386 4.79986336724 1.58799401002
1.72852756832 1.73329039593 1.45950524664 2.89982017458 2.90781041081 2.44850174026
1.46714829566 5.27360822453 0.65775398322 3.70705278488 13.3248589205 1.66195110778
1.52581322501 1.68313799445 1.53973085184 1.52581322501 1.68313799445 1.53973085184
1.49910631041 1.51165587964 1.20574825542 1.49910631041 1.51165587964 1.20574825542
1.25445058955 1.96723633385 1.25666309668 1.25445058955 1.96723633385 1.25666309668
4.45574796088 4.47359208553 3.00189796689 4.44764122117 4.46545288041 2.99643634615
6.9779384031 7.05817225646 2.8268506294 6.9779384031 7.05817225646 2.8268506294
2.52190371702 4.81990529943 2.53885143075 2.52190371702 4.81990529943 2.53885143075
3.43434666539 3.49756548336 0.630028299175 3.43434666539 3.49756548336 0.630028299175
1.35064048781 4.94136640873 1.33487907749 1.67247995938 6.11882759708 1.65296281686
3.47990762536 3.51241578283 2.68871399207 3.47990762536 3.51241578283 2.68871399207
2.25925864696 2.26905251808 2.26905251808 2.25925864696 2.26905251808 2.26905251808
1.19450601014 1.88794427092 1.16541823255 1.19450601014 1.88794427092 1.16541823255
1.14932009453 1.16524156103 0.918629940733 1.14932009453 1.16524156103 0.918629940733
1.92736338843 2.47070938123 1.83594125619 1.86679405267 2.39306485038 1.77824495302
1.48719093814 1.8558680357 1.40175177784 1.48719093814 1.8558680357 1.40175177784
1.09817342692 2.43264810854 1.09860200283 1.09817342692 2.43264810854 1.09860200283
1.72184776692 1.72644240796 1.56675600985 1.72184776692 1.72644240796 1.56675600985
6.24066297535 6.28409559333 4.04888960625 6.82667170922 6.87418272296 4.42908713992
16.889346166 18.3800529986 1.13056510521 16.889346166 18.3800529986 1.13056510521
1.15143097519 2.79430915576 1.15304183226 1.15143097519 2.79430915576 1.15304183226
2.90840857895 2.97606207684 0.835545829145 10.3533475873 10.5941803864 2.974374528
4.27795152344 4.49253622878 1.59363291442 7.35191914296 7.72069597326 2.73875481435
2.53714599547 2.58031246309 2.58031246309 2.53714599547 2.58031246309 2.58031246309
1.16014018733 2.79813343046 1.05444664137 1.53466506654 3.7014471821 1.39485076261
4.30183067693 4.35902782875 0.421434677086 14.1171019629 14.3048029871 1.38300104163
2.9526317984 2.96787075762 1.6128516203 2.9526317984 2.96787075762 1.6128516203
2.96413483392 2.96601972904 2.96601972904 3.80695701171 3.80937785796 3.80937785796
62.9764041415 63.0972548502 14.6647717985 62.9764041415 63.0972548502 14.6647717985
1.00156543262 6.1021796194 1.00230887371 1.00156543262 6.1021796194 1.00230887371
4.37167839384 4.41644563973 4.41644563973 4.37167839384 4.41644563973 4.41644563973
1.20117676924 3.09799121328 1.19876374523 1.20117676924 3.09799121328 1.19876374523
2.83258690399 2.87352599577 2.87352599577 2.78006492657 2.82024492353 2.82024492353
6.02756986394 6.08701644383 2.41269691696 6.02756986394 6.08701644383 2.41269691696
1.25442588356 1.84755320768 1.27562403184 2.9922470333 4.40706436066 3.04281207433
3.10025413386 3.10774459621 3.10774459621 3.10025413386 3.10774459621 3.10774459621
1.90104042104 1.91889833384 1.53508801258 1.97651067103 1.99507753306 1.59603015499
3.08307250648 3.2569462901 0.53557256026 3.08307250648 3.2569462901 0.53557256026
4.6789840149 4.99579757665 4.99579757665 4.6789840149 4.99579757665 4.99579757665
2.07755177304 2.67326763494 0.666639816234 2.07755177304 2.67326763494 0.666639816234
3.4366872084 3.47633700809 2.29627909111 3.4366872084 3.47633700809 2.29627909111
8.43743460964 8.45437250577 4.12996121266 13.2282238469 13.2547791083 6.47495997629
2.54120574424 2.58554016287 1.26401465637 2.54120574424 2.58554016287 1.26401465637
3.47314442842 3.55567219994 3.11431271411 3.47314442842 3.55567219994 3.11431271411
10.7116275148 10.9354915683 2.78034617112 12.994813876 13.2663946142 3.37297772485
4.76236837808 4.8394838152 1.27715086842 5.23605953828 5.3208452978 1.40418326671
3.50400402397 3.62742101694 1.02850638004 3.9229031554 4.06107448963 1.15146298235
3.48306245644 3.5207328809 2.91068004861 3.48306245644 3.5207328809 2.91068004861
2.32446958774 2.35456082599 2.35456082599 2.32446958774 2.35456082599 2.35456082599
2.16743647692 2.2445322921 1.99293512059 2.980254268 3.0862620494 2.74031255921
3.57036672549 3.63838040216 1.59907418385 3.57036672549 3.63838040216 1.59907418385
2.3131117634 2.34707619265 1.70399006662 3.62571286697 3.67895079092 2.67093826052
1.33840029591 1.36529682159 1.01714264748 2.23874152514 2.28373133059 1.70137401259
7.60414747918 7.64087454795 2.58000177037 7.60414747918 7.64087454795 2.58000177037
77.0944362202 77.4874295449 7.62598944599 77.0944362202 77.4874295449 7.62598944599
2.43385196618 2.4731662247 2.4731662247 2.66722549883 2.71030946378 2.71030946378
1.51367781886 1.51464876024 1.48209288702 1.42598149917 1.42689618817 1.39622646947
7.47643071828 7.50955740054 1.68748360192 7.47643071828 7.50955740054 1.68748360192
1.51246304141 1.63502496161 0.779245237234 1.51246304141 1.63502496161 0.779245237234
1.89448833038 4.18369989666 1.17505340505 5.32538831393 11.7603398138 3.3030637197
1.95897149339 1.96958856552 1.96958856552 1.95897149339 1.96958856552 1.96958856552
1.5593007164 2.61621350538 1.50379193599 1.1676850177 1.9591559737 1.12611717221
1.26547058932 1.6122617661 1.21973308092 1.26547058932 1.6122617661 1.21973308092
1.14544603643 1.6861769845 1.05361248969 1.21246275013 1.78483029213 1.11525628985
1.91320737514 1.94748199363 1.9172446687 2.11073306161 2.14854630203 2.11518717836
1.88974851189 1.90777863409 1.90777863409 1.85553536474 1.87323905872 1.87323905872
27.0047145691 27.3357787557 1.30541976554 27.5608453961 27.8987274663 1.33230337403
1.04545892251 1.42646898189 0.819402517176 2.18623725105 2.98299584857 1.71351381493
2.62889373832 2.66815696713 1.42869889488 3.38339989904 3.43393187849 1.8387429002
14.1022085479 14.3101082242 2.39757608106 14.1022085479 14.3101082242 2.39757608106
1.42403112358 1.45250161033 1.38606925673 1.42403112358 1.45250161033 1.38606925673
1.06118211167 1.09656302287 0.977100372651 3.10401525317 3.20750633807 2.85807160451
7.06755611828 7.20370570522 1.45147016814 7.06755611828 7.20370570522 1.45147016814
1.42627257922 1.7492190481 1.3899670118 1.31061475571 1.60737318294 1.27725324188
4.88967735734 4.89075541937 4.89075541937 6.13296942227 6.13432160177 6.13432160177
4.63852990399 4.72629895971 4.72629895971 4.63852990399 4.72629895971 4.72629895971
1.32595564622 1.34862767824 1.28141844329 1.3865801938 1.41028882285 1.34000668763
1.82615461772 1.91293187367 1.67626388119 3.15874229177 3.30884293805 2.89947278412
1.15504466063 1.33749393565 1.16194348382 1.15504466063 1.33749393565 1.16194348382
5.58515518887 5.61936218955 1.46346295105 5.58515518887 5.61936218955 1.46346295105
12.1141508037 12.3095199997 12.3095199997 12.1141508037 12.3095199997 12.3095199997
1.0715856465 1.58777532604 1.04512359174 1.0715856465 1.58777532604 1.04512359174
3.53171298807 3.56339663781 2.81598495815 5.54078137003 5.59048874341 4.41790061851
1.46905183662 1.48738157726 1.02558354143 1.89548358689 1.91913402703 1.32328670868
1.25600756904 1.71490256646 0.90926777999 1.25600756904 1.71490256646 0.90926777999
1.20798803495 1.22746827615 0.794409401006 1.4841348521 1.50806828857 0.976011884848
0.586911180779 2.09277041089 0.521534984303 1.60993769295 5.74061302207 1.4306062943
5.81903175163 5.8200401415 0.548666357235 6.84094526658 6.84213074557 0.645020800652
8.05159940619 8.12701588831 4.02581751022 8.05159940619 8.12701588831 4.02581751022
8.31460765158 8.53766449439 1.75084769824 8.31460765158 8.53766449439 1.75084769824
2.47795096524 2.51702295735 1.82998682453 2.47795096524 2.51702295735 1.82998682453
2.59193936842 2.63311341765 2.63311341765 2.59193936842 2.63311341765 2.63311341765
1.82775854562 1.8703578098 1.64616593829 3.3328193007 3.41049676536 3.00169495825
1.02660296381 1.03003307571 1.03005047236 1.02660296381 1.03003307571 1.03005047236
2.82025735375 2.83655756651 2.83655756651 2.82025735375 2.83655756651 2.83655756651
1.64054198858 1.96342891649 1.50200268388 1.82946981899 2.18954099892 1.67497607335
3.93108026056 3.95182778284 3.95182778284 3.93108026056 3.95182778284 3.95182778284
1.20447213838 2.78152791278 1.01982474973 1.20447213838 2.78152791278 1.01982474973
7.68821244332 7.77698963766 3.72877233412 7.68821244332 7.77698963766 3.72877233412
3.07981946401 3.12604378733 1.0952201902 3.07981946401 3.12604378733 1.0952201902
1.37995447756 1.39666956387 1.39666956387 1.37995447756 1.39666956387 1.39666956387
1.1497035259 2.21276016042 1.15469008984 1.98667442222 3.82362401625 1.99529114714
1.30204739223 2.26422592287 1.30252904311 1.30204739223 2.26422592287 1.30252904311
5.77939343215 5.90293152271 0.614347919896 5.77939343215 5.90293152271 0.614347919896
1.26008300468 2.92493803457 1.28667300625 2.12206453388 4.92579238346 2.166843885
1.16543776935 3.31599374279 1.04976837415 1.15479052738 3.28569938587 1.04017786817
2.43552045725 3.41001715749 2.46311660401 2.69003760074 3.76637130906 2.72051760438
1.38975890967 2.24499074127 1.38287044544 1.38975890967 2.24499074127 1.38287044544
3.44363500744 3.4537535799 2.69325931215 3.44363500744 3.4537535799 2.69325931215
1.46253687976 1.46918891202 1.46918891202 1.95775229884 1.96665671118 1.96665671118
5.29173733511 5.71798253637 1.14676812995 13.3765229224 14.4539911231 2.89881549395
1.23164826055 4.3785047863 1.04250683941 1.23164826055 4.3785047863 1.04250683941
1.6558514103 1.96684855546 1.66485063284 2.85464709934 3.39079852745 2.87016153764
13.4270032348 13.4939737181 13.4939737181 17.7923244733 17.8810680707 17.8810680707
2.80707713924 2.84000180713 1.5137862874 2.80707713924 2.84000180713 1.5137862874
3.64295016969 3.65793850672 1.93211191744 6.0668584126 6.09181953322 3.21768042229
2.83512749311 2.85494121646 2.85494121646 3.96199231107 3.98968130205 3.98968130205
1.01900854757 2.68925498856 1.01891659269 1.01900854757 2.68925498856 1.01891659269
1.88482326201 1.91938438712 0.818609431086 2.10439440412 2.14298170286 0.913972753124
2.97916481809 3.01410233681 1.6421917572 2.666893717 2.69816914312 1.47005994861
2.50410773028 2.51143979985 2.38773639002 2.50410773028 2.51143979985 2.38773639002
16.4891674148 16.6301096281 16.6301096281 20.0813262103 20.2529726307 20.2529726307
1.33012665251 2.2070311196 1.29759160792 1.32366430943 2.1963083871 1.29128733446
32.3723402862 32.4180315418 0.47490235798 270.958684545 271.341123454 3.97496495675
1.3609772206 1.39867778226 0.311987228337 5.1775427306 5.32096634268 1.18688776099
2.6446497737 3.99560166636 2.44099611626 2.6446497737 3.99560166636 2.44099611626
3.67305820549 3.70358300405 3.70358300405 3.67305820549 3.70358300405 3.70358300405
1.54226295875 3.5532451934 1.04570348876 1.54226295875 3.5532451934 1.04570348876
1.14349382501 5.11159237075 1.14344029449 1.14349382501 5.11159237075 1.14344029449
3.65112045989 3.79020309949 1.01225816246 4.83884171588 5.02316838652 1.341549006
13.2085152662 13.2095328671 5.31632692343 15.8452691534 15.8464898932 6.37760030644
3.07109226724 3.15230849591 0.677436170341 7.72257042564 7.92679680214 1.7034813933
2.80107225181 3.98338850494 0.962449533733 4.76320732494 6.7737293433 1.63663992101
1.43495277784 2.10070040615 1.45333772054 2.21977128751 3.2496361673 2.24821150419
3.3135282424 3.36729237762 3.36729237762 3.3135282424 3.36729237762 3.36729237762
1.03503635493 2.00189179482 1.03781896347 1.56455590282 3.02604986721 1.56876208031
50.6474724088 50.8057997358 1.02479201279 50.6474724088 50.8057997358 1.02479201279
1.18565258026 2.43781680957 1.18345583825 1.18565258026 2.43781680957 1.18345583825
1.03608100442 1.26330713321 0.906291066765 1.42501831818 1.73754349191 1.24650617687
1.5135170438 4.11014248753 1.42318315773 1.90282347896 5.16735220075 1.78925393572
3.49452451034 3.50853305392 1.46246176452 6.79778551171 6.82503587848 2.84487957229
1.26933858597 3.29470478185 1.2719571068 1.26933858597 3.29470478185 1.2719571068
15.7136040964 15.7552170119 3.6912095507 15.7136040964 15.7552170119 3.6912095507
3.77346957526 3.81984364067 3.81984364067 4.69936570248 4.75711857106 4.75711857106
16.2197943436 16.2391196113 16.2391196113 22.0411263794 22.0673875428 22.0673875428
1.79179037874 2.31855062966 0.774082433353 3.19236217909 4.13087012199 1.37915211124
5.5868954462 5.61173413235 2.3363820168 6.75495707783 6.78498882988 2.82485333632
1.10958849375 17.9518552342 1.11953787729 1.10958849375 17.9518552342 1.11953787729
14.7923793966 14.9745800495 5.81004435229 15.6359510263 15.8285421173 6.14137634774
1.27792108615 2.18863086998 1.2781911427 1.27792108615 2.18863086998 1.2781911427
2.89414876027 3.01787418248 2.53178775066 3.33854731853 3.48127086551 2.92054552347
1.36346890436 1.37353919684 1.37353919684 1.36346890436 1.37353919684 1.37353919684
2.15367869385 2.22111609769 1.38797281874 2.15367869385 2.22111609769 1.38797281874
1.34081637266 3.5243771869 1.34191596307 1.34081637266 3.5243771869 1.34191596307
1.51006186852 1.52652092595 0.780092995189 2.75465963605 2.78468430065 1.42304810882
17.3566026474 17.4025572775 3.91587686761 17.3566026474 17.4025572775 3.91587686761
2.45964889342 2.49092328557 1.47453221215 2.45964889342 2.49092328557 1.47453221215
2.72573956718 2.75883155208 1.4326943214 2.72573956718 2.75883155208 1.4326943214
2.10101956974 2.11525784498 2.12175200957 2.10101956974 2.11525784498 2.12175200957
2.07347975634 2.30190253361 1.56490176561 2.07347975634 2.30190253361 1.56490176561
1.35916802911 2.18167244186 1.02651205217 1.35916802911 2.18167244186 1.02651205217
6.00642183846 6.16749053161 1.33390133654 6.00642183846 6.16749053161 1.33390133654
6.98016532322 6.99922164988 4.59387491997 6.98016532322 6.99922164988 4.59387491997
8.96315243588 9.16250885233 9.16250885233 8.96315243588 9.16250885233 9.16250885233
1.69632018178 1.71043242035 1.04439968468 1.69632018178 1.71043242035 1.04439968468
10.7334513764 10.8798725027 1.31840667125 10.7334513764 10.8798725027 1.31840667125
2.15474346795 2.1896364965 0.790728359419 2.15474346795 2.1896364965 0.790728359419
1.2014756475 1.19910148844 1.20154170433 1.2014756475 1.19910148844 1.20154170433
1.14616378283 2.02552773277 0.98702239425 2.11217836272 3.73269153533 1.81890875972
