7.0906637809 7.10630679913 0.74831273476 7.0906637809 7.10630679913 0.74831273476
11.8278732508 11.9666456831 5.45361022662 11.8278732508 11.9666456831 5.45361022662
21.5565519672 21.6352496926 1.6606049199 21.5565519672 21.6352496926 1.6606049199
1.66977012117 3.35854162074 0.989006465028 1.66977012117 3.35854162074 0.989006465028
1.83907687633 1.885065227 1.31234828666 1.83907687633 1.885065227 1.31234828666
0.611263559318 0.611473997187 0.580465653155 0.850903209384 0.851196147275 0.80803129792
3.43771818217 3.46336582779 0.824435729905 3.43771818217 3.46336582779 0.824435729905
1.01551593665 1.02994334686 0.977623866061 1.14038325158 1.1565846487 1.09783199157
2.09340590928 2.1325962796 0.612259863431 1.67187935016 1.70317837849 0.488975701302
1.20209302475 1.21684786536 0.519742567733 4.03051099191 4.07998266008 1.74265060114
11.1525669265 11.5800994598 1.01245551052 11.1525669265 11.5800994598 1.01245551052
4.64942107069 4.74594375537 1.2701687273 4.64942107069 4.74594375537 1.2701687273
16.5348191959 16.5701437743 0.951946895184 16.5348191959 16.5701437743 0.951946895184
14.2118005865 14.3139012642 1.27806255377 14.2118005865 14.3139012642 1.27806255377
1.33281149014 1.34564062008 0.722032578713 1.44039987778 1.45426461209 0.780317130985
1.06368997049 1.07920240942 0.963298834388 1.06368997049 1.07920240942 0.963298834388
19.7699260375 21.29621758 1.39778683672 19.7699260375 21.29621758 1.39778683672
9.55870133412 9.60486848767 4.24680800028 9.55870133412 9.60486848767 4.24680800028
2.3898983261 2.42087078878 0.481142182568 2.3898983261 2.42087078878 0.481142182568
1.13513489133 1.25554662912 0.582674961477 1.13513489133 1.25554662912 0.582674961477
0.98124740624 0.988280868311 0.466217121324 2.97882240952 3.00017424627 1.41531890925
2.16218054998 2.18336155811 0.83447399562 2.16218054998 2.18336155811 0.83447399562
3.76193607568 3.95898448342 0.740721542755 6.50646150096 6.84726683444 1.28111592114
5.15113224201 5.06907447085 5.06907447085 5.15113224201 5.06907447085 5.06907447085
1.72689154066 1.77738497515 1.15960778996 3.61680425444 3.72255778 2.42868430904
1.25935421561 1.26057793006 1.02663013109 1.25935421561 1.26057793006 1.02663013109
1.61340633622 2.56362401989 1.27908982505 1.90606194753 3.02863952023 1.51110379838
1.07211685343 1.08120858966 0.654369796841 1.07211685343 1.08120858966 0.654369796841
1.38775061412 1.67843020274 1.00828796978 1.13010200287 1.36681426368 0.821090073772
3.26714662346 3.27700314097 2.39766762827 5.14534902681 5.16087181432 3.77602789821
3.24082469348 3.27716342103 2.40888628575 3.24082469348 3.27716342103 2.40888628575
1.11331642547 1.11783493138 0.879952814403 1.11331642547 1.11783493138 0.879952814403
2.51360601472 3.06234434297 2.4806729604 1.85364579741 2.25831004873 1.82935948628
9.53487280596 9.59103913316 1.628498759 9.53487280596 9.59103913316 1.628498759
0.762550711405 0.807317008406 0.727133274781 1.27607797016 1.350991395 1.21680924224
10.4045879848 10.5124975793 0.292294451675 10.4045879848 10.5124975793 0.292294451675
0.692435752858 0.941892517747 0.586468028921 1.89066451993 2.57179493915 1.60132444025
17.5045918248 17.5488555384 1.83286528805 27.321894764 27.3909834086 2.86081235243
1.69847325489 1.71782980547 1.46086416896 1.69847325489 1.71782980547 1.46086416896
6.49250714217 6.51301181907 1.61922711261 6.49250714217 6.51301181907 1.61922711261
2.90304072945 2.96483306929 0.550049977071 13.6757940485 13.9668885911 2.59120381139
1.49770939149 1.53140924531 0.498419449119 3.48846438523 3.56695807733 1.16091847126
1.22792000246 1.27779434998 1.02094203123 3.34594096869 3.48184283713 2.78194977041
1.31314798368 1.05350612837 0.790539475392 1.84097552399 1.47696910082 1.10830145804
1.72603172925 2.20687953428 0.747986008912 3.02671047792 3.86990881843 1.31164280016
13.1478886987 13.3357308444 1.2568022706 13.1478886987 13.3357308444 1.2568022706
1.5564415788 1.09817290658 0.998707445631 1.74785153886 1.2332253461 1.12152770107
1.50880110014 1.52533268804 1.24139330974 1.50880110014 1.52533268804 1.24139330974
8.51982592815 8.64723433747 4.49299910904 22.2176610734 22.549911624 11.7166632569
3.05358050719 3.08817104274 0.543316076677 5.38338742246 5.44436968691 0.95785289653
2.06365829722 7.80023571275 2.09196452934 2.35025016225 8.88349843294 2.38248744045
1.11817259107 2.70010429925 0.826779877428 1.11817259107 2.70010429925 0.826779877428
1.21682967717 1.38482456235 1.35612490095 2.82875466901 3.2192910972 3.15257321324
3.78079064532 3.79279161544 0.990492112408 3.78079064532 3.79279161544 0.990492112408
47.9214227274 50.7376201169 0.885544026515 47.9214227274 50.7376201169 0.885544026515
26.7541779721 26.9314237553 0.910036243081 26.7541779721 26.9314237553 0.910036243081
1.04273932302 2.11277122925 0.92177477292 1.04273932302 2.11277122925 0.92177477292
4.23170904853 4.24941993312 3.74573800281 6.63937776513 6.66716541593 5.87690914584
1.25945853626 2.25496505785 0.398327301733 4.49742205989 8.05229334948 1.42239378455
0.633464033302 0.924685527781 0.520492487903 0.76142747596 1.11147741697 0.625635017121
3.486328264 3.54749216237 1.36819565104 4.3915835534 4.46862918703 1.72345948629
23.9400129487 24.6193428346 0.313593359449 31.2957044628 32.1837619333 0.40994652425
2.25810941904 3.20237891329 1.32759513028 2.83858303628 4.02558812358 1.66886909204
1.1173813845 2.43223814739 0.945911457056 1.1173813845 2.43223814739 0.945911457056
9.92440391731 9.94455456417 0.238429067687 9.92440391731 9.94455456417 0.238429067687
1.23501135091 1.25211286247 0.789686766502 1.23701381728 1.25414305749 0.790967176751
0.828989521584 1.10325523797 0.7045346044 0.828989521584 1.10325523797 0.7045346044
1.30849706744 1.90419675079 1.10597346219 1.30849706744 1.90419675079 1.10597346219
2.11760091102 2.13683895458 1.16106403633 1.95597045461 1.97374011301 1.07244331977
21.080949705 21.1035909516 0.956189113781 21.080949705 21.1035909516 0.956189113781
1.00877080365 1.39882960333 0.865244588647 1.00877080365 1.39882960333 0.865244588647
2.50516919589 2.53953247287 0.481779922964 2.50516919589 2.53953247287 0.481779922964
3.71731661315 3.90940961919 3.27396083621 8.98923614296 9.45375654098 7.91711068553
1.91188100656 1.95087012816 0.859738224347 3.21811419135 3.28374141663 1.44712760424
1.04489419034 0.776123006002 0.703818044802 1.1739202818 0.871960573943 0.790727219205
1.31406187966 1.32650172614 0.553760910941 1.31406187966 1.32650172614 0.553760910941
1.2786607566 1.64789365503 0.887271068586 1.08556990967 1.39904486549 0.753284066007
1.68599072255 1.69023129488 0.732124827698 1.68599072255 1.69023129488 0.732124827698
1.18860724201 1.19581340161 0.941818444979 1.18860724201 1.19581340161 0.941818444979
2.51041619428 2.5326244246 1.42048268422 2.51041619428 2.5326244246 1.42048268422
2.1145634625 3.52517361397 1.47380435564 2.1145634625 3.52517361397 1.47380435564
2.19359366508 2.35218756077 0.359567343888 2.19359366508 2.35218756077 0.359567343888
34.3430697071 34.9466468549 2.31618692584 62.4833893233 63.5815307018 4.21404407547
2.03290167413 2.05996261848 0.814809547365 2.03290167413 2.05996261848 0.814809547365
2.12129534449 2.15213214281 1.39204875188 2.12129534449 2.15213214281 1.39204875188
1.32633232918 2.53706960964 0.681336381528 2.25313276351 4.30989619648 1.15743339012
1.63636748853 1.6475210681 1.51411607145 1.77497097172 1.787069281 1.64236462376
1.423150864 1.44195277597 0.640220329316 2.29917312971 2.32954858174 1.0343087409
5.95824458195 6.17027435665 1.476666667 5.95824458195 6.17027435665 1.476666667
110.970192333 111.043508387 0.69321767617 165.307735667 165.416951581 1.03265788734
1.94380493314 2.32144318017 0.784503711499 2.40423539561 2.87132508386 0.970329665809
2.70373189468 2.70670216296 1.22559341665 6.79955775143 6.80702761585 3.08221877795
2.01494420876 2.2415772058 0.856445856828 2.01494420876 2.2415772058 0.856445856828
6.73237256488 7.08200216693 0.728120762226 6.73237256488 7.08200216693 0.728120762226
1.28592980995 1.31429565507 0.270698271819 6.85265233777 7.00381243483 1.44253685611
1.13063956832 1.62688501074 0.64334633288 1.13063956832 1.62688501074 0.64334633288
50.214546982 54.4565144279 0.513571011236 50.214546982 54.4565144279 0.513571011236
0.995439377628 9.80083841456 0.99879981513 1.8004740631 17.7270015218 1.80655216359
0.705857992745 0.725321503306 0.191246902215 3.32486014734 3.4165406996 0.900845793366
1.85574866882 1.88201570798 0.774788873652 1.85574866882 1.88201570798 0.774788873652
4.65673091947 4.68718316744 0.400672305973 4.65673091947 4.68718316744 0.400672305973
10.4683528959 10.5588628537 0.205781340451 31.8975148911 32.1733025682 0.627024464748
7.1114837483 7.12016413401 3.27094687063 7.18689459436 7.19566702769 3.30563230051
5.13235601505 5.14976391003 0.447614836127 5.13235601505 5.14976391003 0.447614836127
1.47597751484 1.50095122756 0.478407359284 1.79678742356 1.82718927758 0.582391207086
2.58053840937 2.73019982358 0.959285532798 3.58852894963 3.79664998189 1.33399444585
1.83785510959 1.84420760379 0.514781320561 3.00476028648 3.01514615543 0.841630257018
0.838418766203 1.634809869 0.516247047533 0.838418766203 1.634809869 0.516247047533
2.60495920912 2.6593770035 0.778770723198 4.4672916478 4.5606137073 1.33552799411
1.48434574601 2.97620167402 0.956499327038 1.48434574601 2.97620167402 0.956499327038
1.45052045921 1.47078425684 0.647866706554 1.45052045921 1.47078425684 0.647866706554
1.02570372502 1.02829738555 0.751742259142 1.02570372502 1.02829738555 0.751742259142
79.4968409672 80.2106064008 0.975850481953 79.4968409672 80.2106064008 0.975850481953
1.27900715946 1.94940847025 0.802763313007 1.27900715946 1.94940847025 0.802763313007
0.891449424742 0.89792642654 0.89792642654 3.62342814147 3.64975487402 3.64975487402
1.02037500902 0.664219595481 0.54937903831 2.39864820537 1.56141529005 1.29145366425
2.30341902219 2.51313340858 1.10722041508 2.30341902219 2.51313340858 1.10722041508
1.11688386689 3.30549693921 1.03818327305 1.11688386689 3.30549693921 1.03818327305
0.961472991458 2.30491237318 0.886650807291 1.19920764584 2.87482702631 1.10588486285
4.47943679298 8.78612458009 2.55026832696 4.47943679298 8.78612458009 2.55026832696
2.21454802006 2.42305048181 0.424160524555 3.65324883905 3.99720677965 0.699720182117
0.779632273438 1.12732530095 0.501048131524 0.779632273438 1.12732530095 0.501048131524
169.253603819 173.790399869 0.845736337269 565.65942058 580.82176494 2.82652017866
7.00824728263 7.04620206215 1.01309888874 7.00824728263 7.04620206215 1.01309888874
1.46847739948 1.48905413767 0.748418615665 1.70635425288 1.73026419166 0.86965402956
4.9516060099 5.80192135698 3.90252576508 4.9516060099 5.80192135698 3.90252576508
6.30995973118 6.33390638237 4.98935452928 8.83419062293 8.86771687197 6.98529164604
12.4406143384 12.7279309242 0.675078195937 12.4406143384 12.7279309242 0.675078195937
3.12085110108 -0.335023634846 -0.335023634846 3.12085110108 -0.335023634846 -0.335023634846
1.69213489265 8.29328270822 1.38879206809 1.39561044907 6.83999369962 1.14542447545
17.6642156993 18.7705704442 0.732202965828 20.1377963616 21.3990777531 0.834735856503
1.70024613296 1.76452764626 1.70631729489 3.87336623445 4.01980729277 3.88719707528
5.46021180867 5.53516847361 3.87731723805 5.46021180867 5.53516847361 3.87731723805
9.64834925019 9.70405508204 0.287665359211 9.64834925019 9.70405508204 0.287665359211
6.24997966153 6.26362811571 3.80664300184 6.24997966153 6.26362811571 3.80664300184
1.04731020529 1.12235452234 0.908807643147 1.04731020529 1.12235452234 0.908807643147
1.03431423547 2.45945889555 1.07212763478 1.03431423547 2.45945889555 1.07212763478
3.30003301199 3.34007353328 0.368729952111 3.30003301199 3.34007353328 0.368729952111
2.14343089304 2.20258196961 1.9310261704 3.11875274916 3.20481924342 2.80969785272
1.00757861322 0.782833094303 0.765524635211 1.00757861322 0.782833094303 0.765524635211
14.5915819464 15.0130561423 1.7009585021 14.5915819464 15.0130561423 1.7009585021
2.65855596335 2.72983602218 0.605916393994 2.65855596335 2.72983602218 0.605916393994
1.36651587541 1.37308730639 0.78181688834 1.36651587541 1.37308730639 0.78181688834
1.18160732687 1.46141081621 0.566117118135 1.18160732687 1.46141081621 0.566117118135
1.71640631577 1.72182906675 0.45291720742 10.5209304733 10.5541699141 2.77621353735
3.88026856853 3.91682741002 0.415145608048 3.88026856853 3.91682741002 0.415145608048
0.917704951747 2.51573128761 0.475769670755 0.917704951747 2.51573128761 0.475769670755
1.23844116357 1.32971563312 0.493225343896 2.59753793601 2.78897932556 1.03450335749
12.291507974 12.4734696674 0.592911843802 12.291507974 12.4734696674 0.592911843802
1.09585915369 3.39624767848 1.00919350295 1.09585915369 3.39624767848 1.00919350295
4.11066990529 3.61181673866 0.829060926022 4.11066990529 3.61181673866 0.829060926022
2.62499094185 2.64297066173 1.92401991012 5.99045679786 6.03148807665 4.39078016081
2.84015070198 2.8565922235 0.652084226875 2.84015070198 2.8565922235 0.652084226875
2.03558237919 2.3039124774 0.520098331403 2.03558237919 2.3039124774 0.520098331403
3.02611249366 3.09971159417 0.579466286359 6.53991603417 6.69897553328 1.25231988743
1.2380912815 0.921498809583 0.858553521286 3.8716562306 2.88163454578 2.6847972679
1.06845922569 1.75530733557 0.800923406002 1.06845922569 1.75530733557 0.800923406002
1.07012220043 1.34790716938 0.988851270917 1.07012220043 1.34790716938 0.988851270917
3.93054524148 4.04684593552 0.835642606408 3.93054524148 4.04684593552 0.835642606408
1.99740610856 4.58901306455 1.05374266046 1.99740610856 4.58901306455 1.05374266046
0.992841662076 1.00886964289 0.686963469572 0.992841662076 1.00886964289 0.686963469572
6.99372013977 7.04842512483 1.03733861239 6.99372013977 7.04842512483 1.03733861239
1.72907903634 2.94548278906 1.00559292073 2.16355952282 3.68561945616 1.25827685954
1.00818029461 2.06187456672 0.767378343481 1.00818029461 2.06187456672 0.767378343481
1.46548363304 6.79023789688 0.577982951165 1.46548363304 6.79023789688 0.577982951165
2.97171215091 3.04124122609 0.877620375235 2.97171215091 3.04124122609 0.877620375235
1.74662795603 1.81131388477 0.793088947228 4.30129497446 4.46059235616 1.95308307716
44.0776444205 45.5991771295 0.568219685476 44.0776444205 45.5991771295 0.568219685476
1.68981189315 1.91201765376 0.845962359369 2.07440128364 2.34717952417 1.03849748679
5.33049155301 5.45101051524 2.46120848071 5.7963484329 5.92740011751 2.6763051359
16.3274283129 16.3726605712 0.95861397157 16.3274283129 16.3726605712 0.95861397157
1.67425574876 1.67891883094 0.53036660211 1.67425574876 1.67891883094 0.53036660211
26.7722571139 28.2796389249 0.404635368066 26.7722571139 28.2796389249 0.404635368066
1.03610176987 1.08685243178 0.727914100617 3.16255234998 3.31746148125 2.22185360206
1.87092865727 2.07208826402 1.76370344145 1.87092865727 2.07208826402 1.76370344145
2.7218000072 2.76391531923 0.982590753224 2.7218000072 2.76391531923 0.982590753224
1.41095406427 3.11352624686 0.621143886031 1.41095406427 3.11352624686 0.621143886031
12.9502592508 13.4438794741 7.39210328257 13.4053919877 13.9163603366 7.65189639818
1.50328023692 1.7148367543 0.843874810279 1.50328023692 1.7148367543 0.843874810279
1.35684272749 1.38692599345 0.573442592426 1.95360587757 1.99692028978 0.825652668741
2.32547192482 2.36895788572 1.00950157987 2.32547192482 2.36895788572 1.00950157987
1.51129706045 1.53535587451 0.464815197437 2.41031665355 2.44868724377 0.741318064149
4.00649320457 4.07300501064 0.688729696018 4.00649320457 4.07300501064 0.688729696018
0.8523029317 0.872648429807 0.521741624951 0.8523029317 0.872648429807 0.521741624951
1.31058903657 1.31500689078 1.25102601519 1.31058903657 1.31500689078 1.25102601519
0.357845629797 1.2286769681 0.148208984739 2.83100387028 9.7203625317 1.17251734957
2.65796809891 2.69304950057 2.30573332649 2.65796809891 2.69304950057 2.30573332649
28.0809546844 28.366036413 0.811893552666 28.0809546844 28.366036413 0.811893552666
3.22410812116 7.98151589044 0.953825349131 6.19541557598 15.3372052082 1.8328617412
1.23394546381 2.03497494138 1.05274696647 1.23394546381 2.03497494138 1.05274696647
2.27202386478 4.35053168469 0.781352775972 2.27202386478 4.35053168469 0.781352775972
1.14503230583 1.88323709166 1.05775798782 1.14503230583 1.88323709166 1.05775798782
2.33610608426 2.38780035163 1.01422912981 2.33610608426 2.38780035163 1.01422912981
2.11539557544 2.13134868659 0.812468655047 4.08681481697 4.1176352516 1.569639729
24.9117376785 25.2295185415 0.767766246074 37.5816448358 38.061046461 1.15824591401
2.73850875079 2.86778097224 1.0311702862 6.68320432167 6.9986872168 2.51652353169
2.13272004321 2.17604841932 1.12803082584 2.13272004321 2.17604841932 1.12803082584
1.42169897542 6.86771169701 0.943398625335 1.42169897542 6.86771169701 0.943398625335
10.1124995471 28.3720445979 0.780281548417 18.8572874017 52.9067810253 1.45503031612
3.90072910063 4.24522750787 0.603053543498 4.69196204872 5.1063393128 0.725378324524
