1.69288816234 1.69413816093 0.125366433024 48.3783696028 48.4140913329 3.5826487346
2.37049297181 2.41487196365 1.98897336936 2.07943102651 2.11836092576 1.74475646388
22.7402898738 23.2344500126 0.833498048083 22.7402898738 23.2344500126 0.833498048083
0.781617954107 0.808299116424 0.28207935981 4.84285822104 5.00817311126 1.74774688767
3.96598226618 4.04030936784 0.870767504677 3.96598226618 4.04030936784 0.870767504677
6.64859432163 6.80131570568 1.35436886803 6.64859432163 6.80131570568 1.35436886803
3.32964448433 3.3909027506 1.19510223904 3.32964448433 3.3909027506 1.19510223904
0.948585944731 0.955910317516 0.457258684138 3.88309377747 3.91307653922 1.87181600247
0.589930790952 0.965792918235 0.453599572355 0.589930790952 0.965792918235 0.453599572355
0.9268212767 0.941807169831 0.865679082667 1.52774370789 1.55244599355 1.42695879437
6.75612333725 6.83978773237 1.649629718 6.75612333725 6.83978773237 1.649629718
2.28247849353 2.3168899767 0.806898427011 2.28247849353 2.3168899767 0.806898427011
2.36362565924 2.44364563958 0.851540532959 2.36362565924 2.44364563958 0.851540532959
1.47679560968 1.30556442357 1.30556442357 1.47679560968 1.30556442357 1.30556442357
2.13513364262 2.17390399707 0.69232732825 2.13513364262 2.17390399707 0.69232732825
2.68033798431 2.72902458029 0.793140477216 2.68033798431 2.72902458029 0.793140477216
3.99519750425 4.56274342105 0.649138874183 3.99519750425 4.56274342105 0.649138874183
3.03718661221 3.66667194331 1.31896004812 3.03718661221 3.66667194331 1.31896004812
3.75917271665 3.88281758645 0.97231879194 3.75917271665 3.88281758645 0.97231879194
3.02386665808 3.11858789454 0.824844791227 8.20696939388 8.4640489468 2.23868203256
0.731348242197 0.761997736936 0.178593028765 0.731348242197 0.761997736936 0.178593028765
3.35164883992 3.37059171439 0.897934011081 3.35164883992 3.37059171439 0.897934011081
3.03793738866 3.15672138959 3.05389639995 2.30370528435 2.39378065313 2.31580719888
2.02266768899 2.05183426893 1.76553118445 2.02266768899 2.05183426893 1.76553118445
47.6538660447 48.1891406745 1.15213772216 47.6538660447 48.1891406745 1.15213772216
1.06306366989 1.08274403077 0.945845193842 2.37021091289 2.41409032243 2.10886014061
3.31564893711 3.44302895908 0.826635847143 3.31564893711 3.44302895908 0.826635847143
1.01548410169 0.744788494194 0.73834267011 1.54046962353 1.12982965401 1.12005146429
0.754638425088 -0.227123248822 -0.227123248822 1.48616403181 -0.447290241213 -0.447290241213
9.10368554818 9.39597156884 0.992065360599 31.3101446852 32.3153988262 3.41199284763
1.55298320313 1.55556850414 0.861398968399 1.55298320313 1.55556850414 0.861398968399
1.66474333643 1.72750572363 1.18982896317 1.66474333643 1.72750572363 1.18982896317
0.717567993926 5.12501704295 0.704685007996 0.717567993926 5.12501704295 0.704685007996
2.38322486857 2.453237595 1.96436827032 3.86692419944 3.98052401525 3.18730443832
3.56842279508 3.71295632915 0.971578770881 3.56842279508 3.71295632915 0.971578770881
1.91396324937 2.0804450273 0.986454248725 2.09454773931 2.27673725194 1.07952726745
0.833847700098 0.727556475832 0.715747062227 0.833847700098 0.727556475832 0.715747062227
8.05008881934 8.16157500523 1.47827217875 8.05008881934 8.16157500523 1.47827217875
5.73966719359 5.8930359981 0.545796775305 5.73966719359 5.8930359981 0.545796775305
2.91535600781 3.01989112649 2.31997346005 2.91535600781 3.01989112649 2.31997346005
1.38061992131 0.752815841932 0.734894547759 1.38061992131 0.752815841932 0.734894547759
27.6092349373 28.0116866323 1.15511847212 27.5757935833 27.9777578135 1.15371934876
1.03288795921 0.405572102091 0.340178905894 1.03288795921 0.405572102091 0.340178905894
2.41197200682 2.55869722548 0.920112092494 3.25893653573 3.45718434891 1.24320966691
2.018498187 -0.402678398043 -0.402678398043 2.018498187 -0.402678398043 -0.402678398043
1.7093337961 1.85550014841 1.49739136339 2.8925409319 3.13988417047 2.53389116833
1.97124673832 1.97779676286 1.15925228362 1.97124673832 1.97779676286 1.15925228362
1.04029950029 1.04411264609 0.719007563306 8.97388069177 9.00677383016 6.20233700755
0.761361928871 0.896130165143 0.374643642135 0.761361928871 0.896130165143 0.374643642135
2.04300616068 1.40639533053 1.30028817525 1.36833105879 0.941952329236 0.870885624239
5.27475184805 5.37383007972 0.366013758401 5.27475184805 5.37383007972 0.366013758401
1.22252553926 1.22608773539 0.996815643711 1.22252553926 1.22608773539 0.996815643711
4.96113767327 5.01212350906 1.00582522055 4.96113767327 5.01212350906 1.00582522055
3.1295845038 3.16735417128 0.767531454792 3.1295845038 3.16735417128 0.767531454792
3.70237434155 3.73732044758 0.677671103327 3.81687360703 3.8529004529 0.698628693351
1.89907036295 1.92381034287 1.64508602951 1.89907036295 1.92381034287 1.64508602951
1.18081322309 1.79019457444 0.975621170205 1.18081322309 1.79019457444 0.975621170205
0.890988325546 0.903551644449 0.881303570715 0.952089654386 0.965514528326 0.941740747878
2.50817406452 2.52064284548 0.403032599437 2.50817406452 2.52064284548 0.403032599437
2.56449379221 1.89914452439 1.76388808774 2.56449379221 1.89914452439 1.76388808774
0.86267119794 0.887649878658 0.651548930255 2.81432546831 2.89581438028 2.12557316466
1.93451382671 1.95820261074 0.606027542298 1.93451382671 1.95820261074 0.606027542298
1.61011801603 1.62936462102 1.44830707399 1.61011801603 1.62936462102 1.44830707399
1.05658257965 1.08729429988 0.709073107937 2.28604544194 2.35249399921 1.53416626171
2.73650485459 1.80689352053 1.79575159537 2.79572916884 1.84599888864 1.83461582638
1.75845946229 1.11072705239 0.987581039275 1.79415507022 1.13327410465 1.00762830584
1.19273366585 1.20570196999 1.09264435299 1.41630371993 1.4317028471 1.29745332593
1.50792694602 1.71846030137 0.724755034551 1.50792694602 1.71846030137 0.724755034551
7.70638291941 7.77200922894 1.16766060672 7.70638291941 7.77200922894 1.16766060672
1.46871745909 1.48670436984 1.30324513685 2.67380446107 2.70654968507 2.37256161095
3.3790547719 3.41843521521 2.83091323405 3.3790547719 3.41843521521 2.83091323405
3.8865976741 3.96180198345 1.82733104805 5.37873629271 5.48281296387 2.52887812198
8.55315394125 8.69047961638 0.730732041835 8.55315394125 8.69047961638 0.730732041835
1.90147269783 1.71850965121 1.63715454999 1.90147269783 1.71850965121 1.63715454999
2.43021704853 2.44332154955 0.873169970306 4.50121670877 4.52548869673 1.61727416994
1.7199407255 -0.185261894999 -0.185261894999 2.95632998491 -0.318438471237 -0.318438471237
4.9256546385 5.00834913559 1.20322083076 6.27879094043 6.38420260594 1.53375999862
0.947620699345 0.957943736563 0.845105668363 0.947620699345 0.957943736563 0.845105668363
0.872360932457 4.210113836 0.785950268024 0.872360932457 4.210113836 0.785950268024
2.13785335689 2.17186650511 0.146707078971 2.13785335689 2.17186650511 0.146707078971
3.57533234291 3.77001923389 1.34835664442 3.57533234291 3.77001923389 1.34835664442
1.13548281042 -0.190913605786 -0.190913605786 2.14143027977 -0.360047877872 -0.360047877872
1.75619006578 1.76946819246 0.935313581133 1.75619006578 1.76946819246 0.935313581133
1.91697764872 1.93538762146 1.41879726322 4.0768221027 4.11597445475 3.01734558346
2.75311293782 2.77519910174 1.08402029041 4.25580074334 4.28994184651 1.67569382801
3.96558736444 4.01517145111 0.958876317711 3.96558736444 4.01517145111 0.958876317711
1.56575760112 2.67243341254 1.33761731927 1.56575760112 2.67243341254 1.33761731927
4.43283064972 4.54378231492 0.350387363184 9.31719854653 9.55040364174 0.736465903831
1.52529511492 13.3658529643 0.748570994181 1.52529511492 13.3658529643 0.748570994181
4.89462572496 4.97246026125 1.02264238602 37.6773546056 38.2765014227 7.87199307524
70.3863342299 81.9696308314 2.99210942436 70.3863342299 81.9696308314 2.99210942436
1.10322296793 1.38842424492 0.49575781186 1.10322296793 1.38842424492 0.49575781186
2.15231611426 2.24240132098 0.406109696829 2.15231611426 2.24240132098 0.406109696829
1.06864336335 1.08081192846 1.02542220362 1.06864336335 1.08081192846 1.02542220362
1.12454996246 1.1443305726 0.612840761541 1.12454996246 1.1443305726 0.612840761541
1.5726765334 1.70953877927 0.492803127354 1.5726765334 1.70953877927 0.492803127354
0.445611794519 0.288174139753 0.239717821719 2.30074394592 1.48787558041 1.23769014607
13.5553561982 13.7004127026 1.71650993163 20.0217104647 20.2359637302 2.53534207131
9.17247197924 9.17666405155 0.916510926273 9.17247197924 9.17666405155 0.916510926273
1.60408459421 1.63956900736 0.281112526655 1.60408459421 1.63956900736 0.281112526655
1.34904925404 9.90166509373 1.28342351675 1.34904925404 9.90166509373 1.28342351675
0.507832868399 0.480698019821 0.312851832137 1.97236156853 1.86697309166 1.21507875671
1.29873620862 0.923961664311 0.890719078472 1.29873620862 0.923961664311 0.890719078472
1.03642773752 0.985280382829 0.749639615567 1.03642773752 0.985280382829 0.749639615567
2.34102107785 3.20272734393 0.988889912643 2.34102107785 3.20272734393 0.988889912643
1.34758548852 1.04746620709 0.974488669619 1.34758548852 1.04746620709 0.974488669619
5.18706169495 5.38287914042 0.745100491878 5.18706169495 5.38287914042 0.745100491878
1.26811578703 1.27659499707 0.904149610856 1.26811578703 1.27659499707 0.904149610856
0.62822912071 0.628980504114 0.574073830892 2.94735947979 2.95088462201 2.69328799286
31.3753579558 32.1391561029 1.94461632383 31.3753579558 32.1391561029 1.94461632383
1.63738126101 1.64263249654 0.345995047733 1.63738126101 1.64263249654 0.345995047733
1.69474613912 -0.320480612373 -0.320480612373 1.69474613912 -0.320480612373 -0.320480612373
1.08237328617 1.11991518968 0.493117956633 1.08237328617 1.11991518968 0.493117956633
2.43536122553 1.44315201914 1.41413899542 2.43536122553 1.44315201914 1.41413899542
1.45172175237 1.47099238493 1.31378513023 1.45172175237 1.47099238493 1.31378513023
2.22811875988 0.794139132198 0.794139132198 2.22811875988 0.794139132198 0.794139132198
4.07170043706 4.12308057238 1.01097467002 13.2822818841 13.4498888707 3.29789746386
2.64897720001 2.70121727277 1.46867414433 2.43771397487 2.485787758 1.35154333761
1.47725509924 -0.322166126477 -0.322166126477 1.72476798257 -0.376144797401 -0.376144797401
1.81334500959 1.82670961483 1.60247375127 1.30969921321 1.31935187879 1.15739619329
2.29547025662 2.31551662434 0.598070819125 2.29547025662 2.31551662434 0.598070819125
7.69804020258 7.7416580977 1.71567452859 19.1276209333 19.2360000197 4.26300346117
1.33397964275 1.34286015193 0.224192298968 4.56531743896 4.59570946452 0.76725984367
4.89475598932 5.00342193689 1.50881675989 4.89475598932 5.00342193689 1.50881675989
0.792134686752 0.810029275418 0.412949424548 2.24983654992 2.30066111335 1.17286709464
1.3487663936 0.84502030948 0.707199451947 1.3487663936 0.84502030948 0.707199451947
2.30589028842 2.35353290118 0.885375483445 3.50051547537 3.57284055697 1.34406680009
1.04051201623 0.969836173926 0.865657774276 1.71530977552 1.5987989027 1.42705823606
1.27204485205 0.976823053031 0.976889190677 2.20440435472 1.69279643593 1.6929110499
0.861701850312 0.87354609814 0.707209047691 1.627009724 1.64937326701 1.33530640218
1.8571359571 1.88714241643 1.63097251559 1.8571359571 1.88714241643 1.63097251559
2.09816318111 2.12828510768 0.521188442408 2.09816318111 2.12828510768 0.521188442408
1.78222083306 1.81176914094 1.53199586618 1.78222083306 1.81176914094 1.53199586618
1.14454796443 1.16585302945 0.88850769903 1.14454796443 1.16585302945 0.88850769903
3.04688063257 3.18890116192 0.860457242302 3.04688063257 3.18890116192 0.860457242302
2.30748115938 0.653466166677 0.653466166677 5.28240333868 1.49594801523 1.49594801523
2.26020414858 2.48530580204 1.29169187445 3.70883592227 4.07821189171 2.11957544962
79.6845619402 80.0299334517 1.02674912268 79.6845619402 80.0299334517 1.02674912268
1.53615099165 1.54078201858 0.800379514641 1.53615099165 1.54078201858 0.800379514641
0.948499060943 0.828004122982 0.650258546695 1.98646349731 1.73410816485 1.36185149782
0.700580141923 0.805938801086 0.607256094193 1.23680962544 1.42281062087 1.07205462653
1.14823185245 1.29756413163 1.07125387396 2.1702697528 2.45252226821 2.02477389499
13.0740018303 13.2591844426 1.73998286899 21.9678148001 22.2789710462 2.92363592399
0.938879966626 0.943075415316 0.792680498621 1.18286254352 1.18814824487 0.998670867555
3.80934431454 3.88351297258 0.711917022565 3.80934431454 3.88351297258 0.711917022565
1.8147641905 1.2209251268 1.09036580465 1.8147641905 1.2209251268 1.09036580465
1.58194371117 1.62179503168 0.987706065045 1.58194371117 1.62179503168 0.987706065045
6.55894285965 6.58181117477 0.929256266219 15.0895680591 15.1421791285 2.13785604991
2.14621189107 2.18665822146 0.524509406211 2.14621189107 2.18665822146 0.524509406211
1.53744604785 1.53746081647 1.01624508748 1.53744604785 1.53746081647 1.01624508748
1.264405714 1.2796860299 0.703517914393 1.264405714 1.2796860299 0.703517914393
0.880693237735 0.920195767499 0.28126284571 3.57787226882 3.73835380738 1.14264819212
2.02752499634 2.06914909913 1.39210979828 2.02752499634 2.06914909913 1.39210979828
2.6967765101 2.73562931121 1.57308019951 2.6967765101 2.73562931121 1.57308019951
2.16150024939 2.21290200438 1.70570392171 1.22638632217 1.25555051462 0.967777801484
2.41675136252 3.40889342157 2.09249075547 4.19450297658 5.91646034646 3.63171770105
1.16643126246 1.72113882618 1.12171146028 1.16643126246 1.72113882618 1.12171146028
4.10397285705 4.10822996808 0.627767839587 9.9406345854 9.95094615096 1.52057796559
7.15592956145 7.69153363464 0.894256343236 6.96742428831 7.48891919633 0.870699370687
1.35031981133 1.44590384126 1.08091403182 2.32610967076 2.49076617252 1.86202154599
0.626711338432 0.679585297382 0.665594507651 0.88234465838 0.956785716624 0.937088133658
1.10783372064 2.66263524005 0.787892205003 1.21951835037 2.93106490177 0.867322400654
7.18583261006 7.21758585983 0.725742812373 25.720365862 25.8340207779 2.59766288318
1.50411420845 1.52665384134 0.904942199784 1.50411420845 1.52665384134 0.904942199784
0.474858339306 0.476706168512 0.351535471618 1.19372123957 1.19836639958 0.883706411358
0.918841125513 0.746042116752 0.746120674465 0.918841125513 0.746042116752 0.746120674465
7.4388914925 7.54982265022 3.66051092519 8.31189347156 8.43584311736 4.09009553269
1.69906828315 1.72757193971 0.980158786389 3.46783948366 3.5260161365 2.00052780304
0.654027726872 0.883443565926 0.57511244034 0.654027726872 0.883443565926 0.57511244034
0.849019701107 0.860666245556 0.760014116679 3.30874120907 3.3541293214 2.96187476457
1.18957070094 1.06139616538 1.05943696138 0.926308273089 0.826499886257 0.824974271283
2.63855007963 2.64977065242 0.479539826185 2.63855007963 2.64977065242 0.479539826185
2.09944042823 2.133831521 1.15856314828 2.09944042823 2.133831521 1.15856314828
2.99026134933 3.05016341588 2.02417231475 2.99026134933 3.05016341588 2.02417231475
2.02608960023 2.11698215598 1.06250209585 2.02608960023 2.11698215598 1.06250209585
1.39720103454 1.42693222279 1.04437265751 1.39720103454 1.42693222279 1.04437265751
3.43516486442 3.44524569524 1.10111858823 3.43516486442 3.44524569524 1.10111858823
233.772827504 233.795634043 0.997199344654 233.772827504 233.795634043 0.997199344654
2.57322893749 2.60852150528 1.48099435687 2.57322893749 2.60852150528 1.48099435687
1.55299659579 1.57193186799 1.10431160397 2.30602906743 2.3341458632 1.63978122371
3.01233606626 3.02012490099 0.142192561455 27.1901451944 27.2604492848 1.28346781584
1.42487460626 0.627259336573 0.621066105941 1.42487460626 0.627259336573 0.621066105941
2.20364991882 2.23828174111 1.26472691624 4.02211780582 4.08532805889 2.30838873537
1.34298241331 -0.213668241499 -0.213668241499 1.34298241331 -0.213668241499 -0.213668241499
1.24825391846 0.623660367986 0.601450771895 2.05362403997 1.02604438531 0.989505216652
17.4542748094 22.0759724641 0.85079102796 17.4542748094 22.0759724641 0.85079102796
2.06909400061 2.11618986958 0.981541667972 2.06909400061 2.11618986958 0.981541667972
7.64988813515 7.77874223047 1.46331442178 29.8116580242 30.3138031741 5.70254471087
1.81396710801 1.85532802351 0.892760958852 1.81396710801 1.85532802351 0.892760958852
2.5221113426 2.65028897678 1.14561983047 2.5221113426 2.65028897678 1.14561983047
2.19621102541 2.21516203821 0.800837970899 2.19621102541 2.21516203821 0.800837970899
3.58166901688 37.8875683958 2.40893084922 3.58166901688 37.8875683958 2.40893084922
1.85837479602 1.56527389782 1.56527389782 2.41109404714 2.03081885595 2.03081885595
2.5630952027 2.76457855393 2.58102238541 5.68072638448 6.12728482218 5.72045936815
2.17686523202 2.17971951785 1.56102424141 2.65577008369 2.65925230519 1.90444563093
1.03313788499 1.08092335861 0.839541818651 2.3635935314 2.47291624424 1.92068807148
6.07983463462 6.2487966806 3.81550226634 7.13855485631 7.33693933654 4.47991991058
1.18239944203 1.2025444179 0.633609660225 1.18239944203 1.2025444179 0.633609660225
1.12657286515 1.14948620417 0.844457605563 1.12657286515 1.14948620417 0.844457605563
2.02011163192 1.19969771959 0.699105208841 2.02011163192 1.19969771959 0.699105208841
