0.194361667769 0.838157503658 0.998605381941 0.291746937506
0.973505979943 0.475813126155 0.986563065616 0.00164064449496
0.139735927949 0.569989627708 0.824161234854 0.270910663263
0.77521001587 0.328820872446 1.0 0.122470286933
0.308713884484 0.287611413241 1.0 0.151145660715
0.756141778024 0.166280533682 0.998249769863 0.210568975753
0.478264024432 0.476646807642 1.0 0.298970797776
0.587635311895 0.611842602196 1.0 0.344171516348
0.36510456119 0.0692378136123 0.982927504638 0.140986663219
0.32415924273 0.907686356092 0.999997940472 0.263527356251
0.664568141087 0.764603904072 1.0 0.28907035638
0.82889324255 0.599424843351 1.0 0.278669169934
0.428589466216 0.918122363459 0.999999996693 0.319824381996
0.281838234416 0.49967548995 0.999999929869 0.0310148723858
0.808350489302 0.293373714031 0.883901202268 0.15177974615
0.479261035463 0.450866073185 1.0 0.139683075483
0.107042450667 0.837450268581 0.999998870911 0.0410039931715
0.573806982167 0.611399054721 1.0 0.0865350139747
0.0722293907003 0.524895530994 0.875456363038 0.0249497424941
0.960048716006 0.569020159352 0.999988357752 0.287117398155
0.430958671402 0.337634006909 1.0 0.133934428179
0.658194200185 0.0766391825187 1.0 0.3306697961
0.650088458083 0.805263739775 0.999999999999 0.235934441168
0.682035970779 0.71882157851 1.0 0.0479078422101
0.0861449094953 0.714844587463 0.993723575325 0.0268672011749
0.68876062138 0.940957299051 0.999994249221 0.175207832096
0.0823456090811 0.730824819135 0.997019568433 0.15431582519
0.052206841678 0.856918230704 0.85424435475 0.179799628669
0.250639989044 0.023952512461 0.99890338304 0.00716401850832
0.187718771185 0.357434709483 0.998786201061 0.172227281095
0.931357725352 0.273708694266 0.917245172834 0.0558960509208
0.743231077521 0.771877449036 0.999994937739 0.202824460867
0.693482826948 0.00246309454032 0.999785558776 0.18457307542
0.467728373387 0.613342716842 1.0 0.242359436773
0.141885554523 0.524443706786 1.0 0.191243940881
0.351002293183 0.518742187473 1.0 0.366328615316
0.774975443959 0.316859765779 1.0 0.125920199773
0.897526628752 0.742753271574 0.999963283492 0.0938851733479
0.66346919318 0.431998380517 1.0 0.194135975916
0.867516844406 0.150554390422 0.998097997513 0.0472042461503
0.296510863499 0.850724347887 0.999996186466 0.375159363697
0.585189578923 0.904765422741 0.987396735148 0.191273877335
0.485024326026 0.423235438224 1.0 0.0937298831531
0.91811662508 0.301054050067 0.999999645852 0.321831132401
0.559185821636 0.110905331954 0.997526763449 0.206139084729
0.795737010024 0.555803227247 0.999997559748 0.26734178678
0.327561571895 0.279345184624 0.99993655748 0.258982127243
0.241923825071 0.446154877592 1.0 0.450568325118
0.83292841014 0.456407064872 1.0 0.239860109895
0.862589049926 0.372695020582 0.990539855923 0.0974133284793
0.167088383562 0.341147084527 0.791997670261 0.0201419639247
0.395330216781 0.317315917933 1.0 0.346845822999
0.86017482389 0.759561879918 0.910430146829 0.0601158335895
0.148011145307 0.290889457041 0.993408329313 0.0824415325597
0.494570057391 0.463215549226 1.0 0.147898220506
0.578161625831 0.74574295833 0.999790778641 0.328669550227
0.870339872077 0.147254717497 0.870439270739 0.0465634381772
0.261596976755 0.915082703054 0.998575979663 0.149804095575
0.849453792559 0.67823360624 1.0 0.100333605371
0.346895675538 0.121168503851 0.978605864988 0.0108235306889
0.165591701021 0.229709582845 1.0 0.475456191093
0.472544426974 0.523209067815 1.0 0.115283388201
0.590750215697 0.783840527756 1.0 0.358795997265
0.516814809221 0.210122443888 1.0 0.115507327468
0.887486636036 0.66033840791 0.995511491281 0.0844621824121
0.552648852646 0.328025474522 1.0 0.206619502031
0.39755002215 0.670980309702 1.0 0.110635845768
0.171195257058 0.723392525314 0.999999999998 0.164349168773
0.889384149249 0.719983675322 0.999999961803 0.0540616884958
0.322598712151 0.598640195014 1.0 0.0753652435015
0.967429939106 0.850943733799 0.998564766395 0.0871321337143
0.077379996497 0.762585489953 0.999999992589 0.0851753379585
0.509902972693 0.30702952615 1.0 0.0331272007936
0.940582123829 0.943448028982 0.827596667662 0.209689171495
0.452244475634 0.260977640571 0.978294162649 0.147989873764
0.42653139689 0.742551105171 0.999999999865 0.0367800742984
0.956618810664 0.556390867645 0.972724298093 0.0871274270606
0.183579450039 0.650705945868 0.72453412237 0.095049240273
0.464275265707 0.316180558925 0.999999852101 0.0566319941304
0.391648692263 0.671136587863 1.0 0.233947664484
0.736597768154 0.350383212829 0.998783638916 0.153986774362
0.0132926373821 0.737107546481 0.881106687138 0.149580498073
0.772521357204 0.297523635786 0.999999999999 0.145341742406
0.320257163038 0.856384194459 0.960655786585 0.204326391146
0.985559825154 0.202222153946 0.999874916696 0.0760774808113
0.645337840791 0.369302437538 0.999999978009 0.00264108768192
0.422534732637 0.42900421668 1.0 0.191311802404
0.724742011042 0.548452473656 0.999999986712 0.205298454543
0.721353719439 0.981963962583 0.999494961378 0.0732832472467
0.076056397457 0.167868238848 0.999996331506 0.201494732245
0.636683092286 0.0583231464505 0.990239588695 0.13816663408
0.576050978267 0.622741840141 1.0 0.1452785668
0.592427977124 0.0705802914035 0.999936937799 0.356376771331
0.785994649344 0.452008028968 0.999927208176 0.270788696517
0.851118300983 0.312288552766 0.999999958842 0.292378998787
0.541669159303 0.422920267688 1.0 0.175373764358
0.702546234288 0.488283908321 1.0 0.199761654659
0.0134012935649 0.735561934849 0.947122458037 0.0118409154018
0.757642056892 0.63458677577 0.99957432664 0.2227345697
0.980674536354 0.436564788166 0.993065512831 0.129510439809
0.468276613792 0.945879854129 0.994752790738 0.0452968404018
0.289945485752 0.819022376022 0.993539271679 0.25423263344
0.301747056842 0.64415328291 0.999996907288 0.146031071206
0.995288841543 0.232489385899 0.845393776611 0.0650918119955
0.1928998873 0.858850492701 0.996877689374 0.29949769011
0.415734273681 0.256122282271 1.0 0.0723930529148
0.691964010835 0.579332960892 1.0 0.0722524486563
0.202049333441 0.620291010473 0.999999973367 0.184529862928
0.338307373209 0.290352953406 0.99992858997 0.150825255812
0.682977545747 0.367828695681 1.0 0.272906438561
0.876251245708 0.221782981232 0.896837697892 0.0761610080554
0.326660259465 0.51743394151 1.0 0.038198699187
0.707737584243 0.482418651795 1.0 0.315225829445
0.889372166929 0.432861177281 0.999999999274 0.105441833546
0.383025910252 0.29976166475 0.999999999994 0.159550713271
0.887587475378 0.0842603668046 0.987025888281 0.336162265574
0.79649708459 0.823763937491 0.999956061485 0.21841182453
0.192340212132 0.471173326929 0.998482158983 0.27132839052
0.656494639582 0.804313065036 0.999997252405 0.0213995772067
0.136287354659 0.709692055268 0.999999999968 0.0756954681147
0.7312652593 0.957821006581 0.998069882048 0.0554132784061
0.961555120082 0.704555595222 0.999938611846 0.193003653509
0.473494166168 0.553926810533 1.0 0.171831426339
0.415454368265 0.17643267075 0.999999999968 0.16671654694
0.756042511775 0.770709971314 1.0 0.250764347814
0.392017338793 0.413846219426 1.0 0.143689620014
0.131549983015 0.709384316608 0.99958653371 0.27001232253
0.577833870126 0.548085726064 1.0 0.0554538492157
0.436978105408 0.121641259478 0.921163607668 0.317566483343
0.763236218019 0.266766806018 0.999991801544 0.0528960510108
0.0273037911005 0.657688886047 0.864662863578 0.103990055436
0.432811360021 0.671544087144 1.0 0.184571641558
0.567647468142 0.819680570405 1.0 0.295613209936
0.589133896473 0.559612895257 1.0 0.332796799878
0.124001245556 0.321937521848 0.999998637107 0.0249437606685
0.40614126912 0.543861495782 1.0 0.275816201816
0.760692694141 0.516455296994 0.999771000922 0.400485495478
0.55368007003 0.146491254487 1.0 0.200107540376
0.341406630769 0.701034241924 0.999754084258 0.297172629116
0.841620583705 0.458176795619 1.0 0.0571292548331
0.329873851369 0.339087996661 1.0 0.245185079532
0.175995454877 0.302982634861 0.99981975058 0.0637466358534
0.0677455638121 0.726760255683 0.9873881351 0.337190390164
0.515027510745 0.329215228997 1.0 0.207476405213
0.654964203592 0.538029125271 1.0 0.0151251711267
0.272142078689 0.703596688783 0.999675599066 0.18173030003
0.187891352266 0.376201869979 0.999311813906 0.0980989311575
0.306053198475 0.269866089911 1.0 0.193050187753
0.257805397651 0.693075195409 0.999999999999 0.426227375142
0.867597944151 0.0260928217705 0.836464251654 0.213245249993
0.910461458516 0.776350602551 0.996938133228 0.196018400291
0.335242223104 0.525929820678 1.0 0.14247070883
0.511682189667 0.556550843174 1.0 0.0239727062252
0.233899200268 0.547405268636 0.992464793091 0.357064861839
0.0724229719806 0.603486792248 0.999999999972 0.00184857112634
0.0412913551819 0.0798734309232 0.606662835975 0.104979317528
0.77100975774 0.738653837469 0.99920434524 0.221922231488
0.155418626491 0.458385316507 1.0 0.129559096777
0.819378674228 0.206076836904 0.902002546708 0.259224585826
0.480391729168 0.461300706614 1.0 0.49471040928
0.0143366506612 0.783163169636 0.936123703687 0.11912327592
0.727034228206 0.400803315188 1.0 0.0176451997367
0.111753684382 0.900637177267 0.764480241426 0.085789233555
0.553244553222 0.119718124417 0.882187349536 0.119340064877
0.571354844479 0.564325756875 1.0 0.23421079472
0.376115686673 0.685962692878 1.0 0.107235329883
0.872901679399 0.444061853298 1.0 0.290881401993
0.121278323768 0.23022247855 0.99866227116 0.00780256015448
0.276540525878 0.434281610663 1.0 0.41668866554
0.124504880061 0.675445872557 0.999967060793 0.240350381972
0.807764772499 0.495646810267 0.999998857852 0.224392593601
0.944153281734 0.542700767061 0.998041765852 0.0831871818558
0.649790518231 0.719707332396 1.0 0.267362234736
0.154926454891 0.34759206758 1.0 0.0356689667662
0.684046248484 0.574575020277 1.0 0.0753210266194
0.210243333515 0.595026416241 1.0 0.0161961368263
0.179470190696 0.17418223128 0.755773841169 0.174592360611
0.846671983572 0.750367977189 0.999999995953 0.070870130319
0.587359045051 0.538848216416 1.0 0.455104598789
0.585394633119 0.200483443888 0.999999113258 0.0356899710601
0.717877597603 0.544733083823 1.0 0.406616869626
0.572467900947 0.218936564371 1.0 0.143300500183
0.642346976051 0.500316872556 1.0 0.194842446662
0.480854053363 0.192136732807 0.992442068509 0.15162145796
0.466605194244 0.645056698933 1.0 0.368305359975
0.146983506874 0.23322278996 0.994540184592 0.145165421979
0.365076546455 0.0304831767604 0.999299144137 0.0233502537481
0.923036584338 0.125255268746 0.999969201853 0.167589047413
0.174862121497 0.659244735604 1.0 0.0822212795465
0.321714038953 0.423964096475 1.0 0.209517670874
0.799922833622 0.750039600903 0.999436778992 0.197048382576
0.849042541302 0.478246420776 0.976462781053 0.277861719792
0.0114956844782 0.0436564603962 0.864014584517 0.0932246271335
0.258830813439 0.313402430432 0.999971012459 0.0477853885411
0.841153304413 0.313446728981 1.0 0.0575914099184
0.733096923079 0.72769937434 0.979312569687 0.139271511764
0.997054479929 0.824932500789 0.934790301317 0.0495173809402
0.0652115241563 0.291373386407 0.944111231889 0.142787403073
0.434271597097 0.404198321445 1.0 0.209288218151
0.743360917233 0.320868817257 0.999999985768 0.247693588916
