0.703563490875 0.151831193136 0.663132308312 0.0567652385652
0.00841845139927 0.0803069286448 0.930950202104 0.0462211288181
0.98492319892 0.335071325287 0.999401680981 0.0174844146591
0.390819738116 0.277606145181 0.998670115897 0.102567582876
0.112391850948 0.821699836115 0.783149454463 0.0857097030395
0.207554402613 0.587788648577 0.714996719637 0.355794520048
0.798788573524 0.913937801045 0.938528374109 0.110703141898
0.154033917331 0.241338769601 0.566127783429 0.31895627738
0.943328767468 0.842421906891 0.621066901476 0.125906550458
0.887483920133 0.250017907191 0.607314927401 0.139080847337
0.0962818553261 0.375131725466 0.982693615914 0.0173015879016
0.658002637208 0.00325350754873 0.758359892503 0.0633377752545
0.879110810363 0.823901922983 0.998723630239 0.0209782811396
0.623102826265 0.479724819938 0.998193789178 0.0168312199227
0.498299320091 0.295140990738 0.687636657327 0.21457372349
0.207635335796 0.105732022899 0.590289171179 0.242857672824
0.353996322643 0.737569956101 0.729344459826 0.0197217540473
0.0399528228517 0.731739176885 0.866606263979 0.0657080058477
0.171934783571 0.381861822647 0.766674372244 0.10279615475
0.110566121436 0.307278045919 0.750180026487 0.258909010842
0.7899029354 0.385851972588 0.780570581854 0.129055623378
0.918371520261 0.538615474908 0.941820453972 0.153537565186
0.438571885393 0.667636619374 0.695683090352 0.0465252909017
0.060334544676 0.857356553361 0.0635240050698 0.102527137896
0.349045871897 0.233049859764 0.537975521139 0.148309227722
0.373330339555 0.596572668607 0.68046643043 0.19547959379
0.327287914381 0.397188778233 0.996311490917 0.163125809919
0.472630013226 0.789214883597 0.694003346183 0.201879950646
0.500511812433 0.649323082542 0.736436279913 0.300371160786
0.773668531883 0.813881450668 0.881666632238 0.0910323528735
0.47564867217 0.185746254019 0.945768865869 0.103051896349
0.121317336071 0.334004492505 0.742520806104 0.292296675078
0.505934061798 0.607540000562 0.999815583112 0.252953623946
0.00708181449506 0.257509821052 0.96817605873 0.0418117282418
0.350410129927 0.355819316124 0.664553871752 0.238546618206
0.715713974581 0.117495629154 0.934751273714 0.00891768016268
0.438003244136 0.648265497014 0.623651011867 0.336455758048
0.303659034895 0.162840560277 0.962196910952 0.0141176566823
0.537497289529 0.586910000132 0.522161470395 0.173963250695
0.847016727569 0.545515910745 0.960891232476 0.0381594651722
0.0582671142382 0.00886090521964 0.892340689288 0.0490002929336
0.0568270575192 0.48271429198 0.607255542006 0.129929932822
0.335027720063 0.502493681554 0.946884219047 0.12047177886
0.343984151695 0.445868262213 0.432003262935 0.158311893735
0.15977902456 0.70392657413 0.780224044066 0.152252936019
0.924128792127 0.737415146947 0.982521644996 0.0204759618326
0.546963038188 0.638232382115 0.246253007987 0.227474222722
0.806610115822 0.663364247415 0.825233828086 0.223603378533
0.924472474555 0.63697295343 0.950182084707 0.0261305510812
0.0763452053883 0.593028250887 0.811023112756 0.0769635788027
0.25056573656 0.371169939807 0.361349257783 0.226861611322
0.861739553854 0.224803110524 0.968632710108 0.206813649716
0.11611694978 0.548542220849 0.648802533048 0.255905847962
0.162273189127 0.0422095772264 0.502651901647 0.138896936617
0.787568906212 0.120082068391 0.831563551492 0.0132658311095
0.719033539277 0.0474925331062 0.9485297236 0.0183103656255
0.601726678006 0.634959703125 0.957847808302 0.338360099692
0.881966663426 0.441997460983 0.870490587978 0.100970747303
0.665434139897 0.801309686244 0.886074968803 0.0955476941834
0.599951605391 0.459619592066 0.795551295339 0.345836317275
0.401749966195 0.384711918187 0.987015626684 0.0982718763104
0.00348758483989 0.396022569786 0.970247283434 0.00605888204692
0.42514839392 0.343457587745 0.941793544918 0.149109158451
0.643000087179 0.33861538806 0.957131031765 0.364981158967
0.91536459513 0.761684870154 0.967079305561 0.00981521107114
0.936490401572 0.945864020786 0.799828305884 0.19512289977
0.290009647203 0.371211942719 0.840269158653 0.234490245757
0.633445119796 0.814107831188 0.946780121431 0.27707701649
0.907156126082 0.770130735425 0.996908948866 0.116414191923
0.440948835807 0.565555436459 0.950461678389 0.0157475443282
0.185743157634 0.474969258521 0.826671719613 0.324824867681
0.993981207345 0.717326103125 0.807047831525 0.0714319889676
0.0795766395851 0.137122049644 0.895032880897 0.0629495739568
0.66694055157 0.313590090969 0.853851718678 0.134493460498
0.345145492015 0.436621025287 0.468134084051 0.294913657021
0.107679954608 0.501659318997 0.733899619628 0.215257342006
0.262048206113 0.605041211295 0.806930402607 0.255963688659
0.12854400125 0.414276871983 0.737472189219 0.150888278893
0.54111124365 0.360407138436 0.658933296077 0.357379656039
0.488220304977 0.927968794436 0.823719135625 0.180935586704
0.0655902853835 0.6302042828 0.998005775841 0.259434777779
0.968430744687 0.487275680839 0.994899971329 0.0571784139493
0.366944447989 0.735574901577 0.986349587841 0.00562789888327
0.456357156367 0.319342363509 0.732255431402 0.161354309775
0.913302052732 0.840889175884 0.791808565729 0.130296769728
0.367808241878 0.632343754291 0.950784720319 0.198225034758
0.239100551832 0.161967482125 0.692012901378 0.238406784513
0.346070838119 0.679052367414 0.68610869053 0.133823376849
0.0660411006401 0.657475270946 0.711913702334 0.0843377399373
0.197380149304 0.992504914407 0.984071850319 0.00546886344407
0.9072155031 0.549665710766 0.568290390082 0.188267422054
0.382310891464 0.133586988842 0.804682766082 0.0828234039979
0.958429724726 0.811483893988 0.960382329836 0.145971347585
0.586145061636 0.600081446023 0.736791638572 0.0327717755992
0.464551913165 0.378356972135 0.957162763066 0.0177836749213
0.387495536262 0.497571442061 0.737654986887 0.281654497399
0.422600938833 0.513647569504 0.911422486811 0.00426838358153
0.332801448502 0.0680133446473 0.956718373824 0.328187087674
0.0444506525327 0.713983457142 0.623749926025 0.105802495913
0.914304186174 0.44532613236 0.621208556128 0.223883683808
0.559518557205 0.0588657804502 0.911680536921 0.0450034029545
0.129909266726 0.933069993136 0.959838873729 0.0136370146539
0.421371138583 0.283193684123 0.9967777582 0.0412611504412
0.755282563044 0.378453905611 0.991972109862 0.0473560676975
0.917691652021 0.852745711762 0.696678313989 0.135738503895
0.228512483684 0.503374393551 0.981146876702 0.0749404855843
0.797362719248 0.343594916066 0.685829757373 0.108461431389
0.217409750788 0.268549448595 0.961276011633 0.13636569136
0.739901271883 0.248711047645 0.896671002038 0.119364586569
0.361218043525 0.535313556836 0.822232371755 0.269672072518
0.198936040641 0.7503373349 0.88605105717 0.212617354695
0.669658192531 0.413831291212 0.591205071995 0.174059997482
0.138898260987 0.716990324305 0.959819174935 0.00378901413295
0.563036435134 0.772727658724 0.549034883672 0.189545271264
0.643923409474 0.938478852364 0.990848641272 0.196857900236
0.316194051351 0.39488936392 0.347595884066 0.164109148321
0.0555036665338 0.898524069321 0.652767066169 0.227880063422
0.453047499112 0.682245295748 0.978698692286 0.401421973514
0.817913894441 0.429743459821 0.98652756002 0.379963317861
0.77701648679 0.280383884154 0.996569685053 0.0719030994149
0.559770406499 0.0849817509294 0.810066256684 0.0853927468388
0.286149703535 0.311032262584 0.574481837441 0.12338024291
0.904181167223 0.10743157983 0.99111616139 0.00155605166512
0.950327637867 0.135285504353 0.899448097112 0.0872958516778
0.909305839748 0.145365092468 0.760182852427 0.132624487788
0.073052963128 0.744550938 0.945228811693 0.100727999731
0.14367245389 0.551780532535 0.849514465304 0.0696365125976
0.190291962686 0.0235713749457 0.971443664229 0.0223772836851
0.392364465739 0.450031488215 0.0113420162269 0.107350086241
0.226650471876 0.657309523389 0.952992399538 0.189798523012
0.261695929603 0.374392941459 0.984151346756 0.0182174437508
0.152878143113 0.739922467484 0.889179568235 0.1243630471
0.935245478886 0.230861320818 0.919107013344 0.0771089790418
0.77829897465 0.685781290037 0.935273584916 0.00785861440133
0.9187026024 0.358650859694 0.999999760536 0.0211907515765
0.649023685018 0.339178459318 0.976051023413 0.251135893168
0.371897664716 0.686466848053 0.811573255368 0.372997134994
0.323657224241 0.453826745362 0.98918881997 0.0426534591922
0.164852731477 0.883434235218 0.722454487222 0.15416942059
0.13497555774 0.287094655255 0.494005061261 0.202191037213
0.995639373318 0.555891266746 0.877655534542 0.0453890122057
0.830715765394 0.723667965699 0.938932833691 0.0322915917786
0.801022636922 0.228757988993 0.954609650987 0.144201711492
0.740062137247 0.340249789669 0.965545438318 0.25525000301
0.981674756293 0.901737371117 0.90756115684 0.0460426978972
0.45903738127 0.634193413615 0.988007901469 0.0424294010373
0.277176393724 0.670941695597 0.829529886159 0.143685315786
0.743566618382 0.411233423063 0.634765240944 0.156106119567
0.417408183876 0.909833353947 0.948926944924 0.0201303189416
0.710918516038 0.403510305302 0.923116624818 0.273678956201
0.20110390588 0.493764967749 0.479792643005 0.103631762093
0.233099048035 0.907809500911 0.91331800238 0.112545697241
0.962211621755 0.159821753217 0.865318712178 0.0835173144609
0.492625855965 0.483680340933 0.879039096325 0.0992021417926
0.116637237151 0.500779643208 0.874668126681 0.0621599051983
0.264608615102 0.786798454644 0.300919026867 0.110944283427
0.158672884628 0.899308340362 0.761271103462 0.233567679414
0.645072957645 0.689212956213 0.841603066734 0.150040483486
0.279689843123 0.326130733705 0.811262293695 0.0510248161342
0.739948777407 0.211380021213 0.753657905632 0.21423811177
0.219035399129 0.732368645027 0.99788199758 0.169755583363
0.218902527004 0.37272602581 0.888546802645 0.0783993459301
0.0954312209209 0.328918827256 0.702164827125 0.223171210494
0.252173191555 0.526300559709 0.766402546744 0.252473777839
0.756119179403 0.507491212478 0.999970795353 0.1898914189
0.903880763188 0.0852133378044 0.974677445126 0.14578438663
0.687332223136 0.93139537433 0.678336734279 0.10119438773
0.810075003862 0.919881338898 0.999172554185 0.00662952877472
0.50196333339 0.562211679344 0.56272928623 0.132918503731
0.71861544393 0.797556118785 0.564261247371 0.106833053639
0.345368051058 0.0846210718152 0.96403419923 0.0231869694015
0.670762658238 0.279265953644 0.937187423201 0.12947616633
0.981437369122 0.122675399076 0.874940346369 0.00816942053912
0.0942748677991 0.645183473465 0.646836614799 0.0961514600516
0.741128816515 0.410768586825 0.98762409484 0.179957702892
0.180585574555 0.0530886265789 0.681216050973 0.182827057196
0.579146328853 0.330069304 0.853151317272 0.276492796169
0.317489937149 0.966251839088 0.903895461985 0.0469924624642
0.642563056378 0.666515080229 0.957896923849 0.244612033325
0.330409329714 0.275397923375 0.807589874111 0.166417452381
0.942451368557 0.679288752046 0.655859064888 0.172345427145
0.112242440413 0.533951601693 0.905181441919 0.162891619935
0.982566948149 0.948619977118 0.765288698874 0.0791423213002
0.992204108752 0.471064990721 0.921422663782 0.0776469389313
0.586181674554 0.809709556908 0.607854733832 0.205504270487
0.812239089452 0.6557960151 0.766059810578 0.133506738992
0.549525677832 0.891263478301 0.95274668783 0.129237787367
0.514327642079 0.737593263843 0.999304978351 0.0097957188035
0.438257306125 0.37928128416 0.891385711983 0.0762348173258
0.316996854662 0.386013809347 0.911642479616 0.314775157724
0.356200144221 0.104082271268 0.894146385821 0.152348617673
0.414514670444 0.414560848656 0.884479293263 0.301298584528
0.035523160464 0.902372363876 0.540851837375 0.201870023164
0.414002950688 0.0165106691428 0.917867186868 0.108186986301
0.134174213386 0.0798221883606 0.972579118174 0.016831455454
0.276575743039 0.351967711356 0.560825456448 0.0835671256855
0.673980339501 0.552812701419 0.599343833181 0.164577575047
0.471465306509 0.0396901422238 0.901573845063 0.194255161814
0.136087840959 0.474333335317 0.995700732523 0.0177893850854
0.503168246443 0.79925933069 0.627945072392 0.0427690111035
