0.0448176213845 0.121501391269 0.999952966722 0.050940581712
0.742011246826 0.529035709202 1.0 0.205329261396
0.898565184529 0.683559520927 0.999998946829 0.188298752964
0.935775818597 0.680604572155 0.99968682391 0.0756339032491
0.921773161997 0.317112692825 0.908547606048 0.0273321871324
0.281601160224 0.717744309624 0.968339463708 0.316242798197
0.770797033395 0.694138312009 1.0 0.0856880200328
0.696164080626 0.592997976461 1.0 0.300677631164
0.729859274598 0.274400791902 0.9999999363 0.157294609777
0.552750870385 0.602672941052 1.0 0.244792931283
0.571613857887 0.198281321324 0.893340950679 0.151408350434
0.527266655323 0.425023688426 1.0 0.367575846631
0.235228423158 0.659871787957 1.0 0.423093824706
0.333336721473 0.192504472612 1.0 0.201709974071
0.034473864693 0.404594740094 0.997158240549 0.00176932066147
0.728955476659 0.431108202484 1.0 0.259234230075
0.542121936318 0.335322868708 1.0 0.241579480879
0.702391058521 0.074872270454 0.999985159281 0.0233689594218
0.693690921226 0.471544661159 1.0 0.266774680459
0.599813548791 0.564164412219 1.0 0.0080133268551
0.937775560169 0.787045200492 0.953820141784 0.00656597355431
0.229786999689 0.484430125933 1.0 0.110472622189
0.0866139357697 0.472567416509 0.999616916296 0.195606666377
0.393628399887 0.0972717647785 0.999537569081 0.272167608967
0.602958225182 0.922771123739 0.999616931844 0.079420908554
0.447884704797 0.74276274608 1.0 0.286656338227
0.516181024746 0.770596188695 0.882150575543 0.394165160777
0.302745845041 0.85837732776 0.999999999989 0.195916168376
0.663578955611 0.316672472288 0.999999991461 0.179874945366
0.0516641094098 0.0288798603426 0.999999698781 0.187376736966
0.889309778449 0.664621777619 0.999944214238 0.11187021724
0.665152766162 0.674758018255 1.0 0.00980224787716
0.619673255113 0.452884843922 1.0 0.0207898640063
0.360980738849 0.0353698465708 0.980358552276 0.226341161179
0.40203983169 0.331153961903 1.0 0.297815556581
0.140908406808 0.611827163477 0.999999999997 0.215874830376
0.821305984658 0.273236520851 0.96444130766 0.222774839552
0.380930966285 0.751778002724 1.0 0.0400048689024
0.299314122209 0.337816402224 1.0 0.00280498091111
0.198437724454 0.454504225166 0.999994991548 0.2366119329
0.0801647327005 0.469386586239 0.999999999961 0.124905425537
0.877868744797 0.167577051703 0.999877331927 0.102864146781
0.525103423607 0.536237002075 1.0 0.465682900599
0.867585566304 0.061371577766 0.999999227361 0.0748522639662
0.226628211751 0.008650376314 0.899373766679 0.0767020783711
0.527552130733 0.645275720628 1.0 0.23298992519
0.888404891178 0.94050313343 0.99999899692 0.0981504446531
0.655460829114 0.710438348349 1.0 0.0459419589336
0.365242709221 0.752172734725 1.0 0.196864471133
0.948818266944 0.185047409345 0.971619944065 0.206293864548
0.95447601415 0.482934292308 0.999996937463 0.0670103128635
0.85273364425 0.0863230817982 0.975468353708 0.0933576907411
0.0593478764782 0.292163629871 0.985514302805 0.0411039699768
0.611506572809 0.329404323026 0.999996626404 0.202595292715
0.96482047826 0.339165916062 0.999997259643 0.169491732865
0.586143061575 0.330034651447 1.0 0.312832820194
0.044103164845 0.469898475181 0.982362730377 0.177367338709
0.511014634999 0.533446653392 1.0 0.131605805759
0.713670996479 0.0676385528374 0.999857251068 0.067307100614
0.0765968000128 0.538398103348 0.813617261166 0.0560161889888
0.151685561127 0.296797169464 0.931976649323 0.208231212711
0.147130019667 0.00245245504006 0.883000263973 0.082024872123
0.804309173039 0.731153995906 0.999999997414 0.0944973394414
0.910074640261 0.474050360369 0.998721900933 0.256596521538
0.533035678302 0.367044056747 1.0 0.284512275597
0.581542053416 0.452735593638 1.0 0.435610829677
0.994506841597 0.910367814137 0.946502808052 0.0875907160244
0.544553622522 0.220152145962 0.727683906538 0.257272874902
0.124408750433 0.408295376061 0.999999999129 0.166977968867
0.929896178151 0.18510516207 0.9999573147 0.00444437939869
0.693942128282 0.259221710363 0.999999529259 0.248933014501
0.900110098509 0.881403408419 0.999999113995 0.0977313218942
0.53178766976 0.240409557994 0.968964147162 0.229050573508
0.56291889455 0.117166742595 0.999463640891 0.112193551411
0.393377297239 0.0697868446282 0.999583036742 0.0746007554049
0.695638670821 0.695115410651 0.633666942432 0.242697347375
0.548145759091 0.640965171192 1.0 0.258511645878
0.759491494707 0.229232252766 0.99996372962 0.358270255616
0.0252976411555 0.958901080576 0.889281708174 0.040980345098
0.962897334734 0.291400241607 0.994035587903 0.148957934446
0.265728115423 0.269322148682 0.999999837195 0.222023201812
0.705591440843 0.355455466813 0.999999976286 0.0232506211428
0.672295760455 0.671531145913 1.0 0.000981531833778
0.296425042243 0.304264862877 1.0 0.268913452592
0.573612284888 0.145270323505 0.999595235305 0.13729795058
0.778534319126 0.582013700411 0.999999995539 0.396701862329
0.526929740801 0.344355652664 0.999999821892 0.376657202729
0.289695391553 0.357527422284 0.989574660209 0.0739252442353
0.75033930659 0.749859254728 0.999999489533 0.00406224171521
0.591494933485 0.193869112858 0.963792523421 0.403143941179
0.646968448718 0.332923772845 1.0 0.107864363934
0.38922562652 0.532395627148 1.0 0.282514852721
0.585618688147 0.77051403146 0.99997654236 0.190549516915
0.251938083878 0.700160352823 1.0 0.0934058117624
0.255215209744 0.228681142083 0.996973525953 0.133686668965
0.461692222549 0.106452200305 1.0 0.134857670459
0.0359110860803 0.49899618941 0.982310333727 0.186396769285
0.241260960376 0.543487992353 1.0 0.338631905448
0.438832913857 0.655357550157 0.999999996916 0.168085489559
0.09621671465 0.177374074722 0.996857828269 0.1284159248
0.403035528394 0.31584689403 1.0 0.0696174477031
0.630678048252 0.77426408746 0.99276372821 0.314446142669
0.834371024173 0.328654173081 1.0 0.0596836753797
0.225300723199 0.213062458272 0.99822156397 0.38563284125
0.360069086846 0.660003258506 1.0 0.251223640586
0.309170917157 0.448660251513 1.0 0.178640607257
0.572702327253 0.36799296814 1.0 0.198325258921
0.102926498486 0.14740472363 0.999998762013 0.189830940927
0.669551702539 0.903329681995 0.999999999992 0.094309841691
0.551790136046 0.709073959543 1.0 0.253485412566
0.229931584418 0.341777408802 0.999999999999 0.151379875792
0.607559310506 0.53345977648 1.0 0.441817482413
0.702192566573 0.232527296244 0.999990049785 0.308010826883
0.326611603284 0.859329255416 0.99996952204 0.101122174401
0.879364055799 0.641593139339 0.998785193229 0.107553025272
0.398518487876 0.365618790311 1.0 0.0590735873967
0.359552420157 0.597222936922 0.999999999999 0.028088636663
0.335057550332 0.157280207368 0.999385297212 0.0560459403752
0.329979438766 0.700120359371 0.793145056946 0.147703556203
0.688729109597 0.482484804185 1.0 0.211197219331
0.552287322462 0.175672867135 0.998317728681 0.119352710054
0.733778936838 0.699226336401 0.998261348921 0.248928063169
0.247741163577 0.458579554321 0.99959710083 0.00220888746746
0.789619745498 0.787137378303 0.999995479135 0.456675147606
0.973504817473 0.235219672355 0.959973614713 0.0368682493828
0.936506397984 0.38082440073 0.981905434128 0.221332033251
0.785486114787 0.504470572315 1.0 0.106091896032
0.242952931829 0.12142560735 0.987637906661 0.482898294449
0.898416860355 0.121337001795 0.951872901475 0.201926693667
0.383311788934 0.0186532056607 0.999939519032 0.166618390157
0.581053220581 0.876562077849 0.999999999629 0.0257243184974
0.204346249912 0.508143829953 1.0 0.175127967528
0.0659565381269 0.77563282023 0.802193930611 0.0742385875672
0.565681976502 0.449807734414 1.0 0.300596830779
0.366945929449 0.493075521297 0.999999991538 0.209802634296
0.266351014824 0.172737213872 0.969134994193 0.144308954074
0.776504089808 0.0488959542386 0.999998563809 0.181930732258
0.685873009435 0.84580343416 1.0 0.198127149722
0.482921192673 0.640529845729 1.0 0.141966214037
0.610696889755 0.300343618393 1.0 0.339530008982
0.407203673182 0.110676781099 0.990257193701 0.364808722713
0.608922478945 0.558498137727 1.0 0.0883009733972
0.895460196616 0.562856032131 0.999715641166 0.383877170406
0.684422596144 0.163442709606 0.983581009838 0.365446307613
0.278205881239 0.106882059314 0.998577666441 0.124031125864
0.153722511663 0.92780767708 0.999354881043 0.111441250004
0.294430364929 0.584114247087 1.0 0.00488703873235
0.1772209536 0.611421837788 0.999999969997 0.211520512128
0.280842036493 0.702543479199 0.995014892922 0.0843957659204
0.800690415955 0.586647659971 0.999966641121 0.335473997708
0.0476601106249 0.545586132228 0.999999828294 0.021729313981
0.573703806849 0.67313790786 0.999626112375 0.436514711282
0.588946403421 0.851185607884 0.999999446977 0.0772801327943
0.632977213463 0.678043183816 0.999999917292 0.216323655127
0.0726331776255 0.263756215816 0.999999970067 0.248586031177
0.824522313665 0.100757268962 0.948237486312 0.192213103543
0.830444784781 0.947513498566 0.998252206438 0.089251117052
0.970740625181 0.826982076856 0.998788331286 0.25839602986
0.786887743776 0.285314630882 0.865870126234 0.0599915177095
0.476931073843 0.88740754937 0.905562855534 0.28480994014
0.118824758922 0.865638368877 0.693353009675 0.11309365184
0.925471912435 0.221844901545 0.819535343338 0.0910648162219
0.491614241223 0.589573976961 0.999986102696 0.28112538087
0.492131564896 0.174172633634 1.0 0.342461198931
0.0649566759812 0.819199927978 0.939821762033 0.188481737795
0.486817061707 0.112051571132 0.80366123704 0.164801525948
0.970461554772 0.288124361058 0.999999999166 0.00822848601879
0.760178701816 0.472870338472 1.0 0.383065135403
0.844781355191 0.682755836417 0.999999954721 0.120638268134
0.676064400461 0.0393383846666 0.960053630303 0.248767204991
0.0225417273093 0.813189911665 0.744344251638 0.0337301482863
0.459163527705 0.665100438963 1.0 0.330670513401
0.153151459012 0.457519246235 0.99997182876 0.13985114716
0.585192750622 0.507824602518 1.0 0.279904701016
0.948782409704 0.544959247602 0.999993997629 0.286449186136
0.499971549851 0.596725827322 1.0 0.180792978467
0.038181639855 0.205029874164 0.988459803112 0.179171450092
0.827961935763 0.904154164794 0.888268299364 0.149042525169
0.821605552448 0.65025999487 0.995727155192 0.280667729185
0.740791220981 0.200774774276 1.0 0.170127021207
0.741130582691 0.0184390648631 0.932620542304 0.118060796784
0.339018328447 0.438803313401 0.95262876578 0.312402809952
0.626672504183 0.955449413144 0.819063826332 0.0385795683776
0.842268541808 0.856134114485 0.999974432635 0.100447921575
0.42436152436 0.784646811877 0.999999961028 0.120375621794
0.857229051265 0.0886746744423 0.995300271989 0.240719949233
0.897969360588 0.566830713284 0.732287439468 0.0214566187592
0.459731125942 0.611463849162 1.0 0.466379000836
0.102793468268 0.268932304379 0.999949218 0.303278248247
0.375486990234 0.298729102491 0.999999999941 0.133905161845
0.0759214899371 0.127066996203 0.89922400237 0.00617193495662
0.553854011906 0.405844784066 1.0 0.193325242372
0.59422467815 0.429311803812 1.0 0.312107150328
0.448679702294 0.21215101052 1.0 0.104626414328
0.160989437868 0.219689305113 0.999985621661 0.198442611626
0.0598871883022 0.598938552636 0.998225021088 0.0584754030129
0.38413288877 0.800326357059 0.999999995451 0.263318240706
0.513671319116 0.847271204143 0.999999999998 0.160378352701
0.673462674322 0.669181388774 0.999360181425 0.156227700206
0.738498595127 0.386924177129 1.0 0.428332795546
