0.268631199394 0.494178843991 1.0 0.399473535584
0.819551882822 0.942394011658 0.984071587221 0.162196740124
0.182091044439 0.038564972983 0.701571469132 0.0920663458002
0.367477775117 0.92504055714 0.999999927005 0.0763614994059
0.0512645983701 0.443561089459 0.835785258607 0.135405639129
0.290252479748 0.880405176747 0.969516607713 0.144173279485
0.309249886162 0.453893439227 1.0 0.151323113792
0.534844796693 0.98950295789 0.762943134917 0.0699759928524
0.419811763264 0.587197607885 1.0 0.243231371605
0.250776286738 0.194595006234 0.999996274216 0.226353478175
0.732975671463 0.0603084255148 0.999998257302 0.311122027787
0.885839734113 0.320889435403 0.999553836561 0.309978965494
0.819424281896 0.217397579782 0.990370959476 0.165193820298
0.336929007439 0.373135590548 1.0 0.229171442008
0.82869489513 0.581627847626 0.999998855155 0.344254352778
0.428368703438 0.823955762853 0.973181589831 0.109651615684
0.729794179708 0.0926463529171 0.999999999957 0.137111491889
0.760947812218 0.443263230276 0.987231956803 0.242820112557
0.50426761889 0.465288177523 1.0 0.108208231133
0.551631620834 0.875156448765 0.99999871028 0.128955585313
0.36971794002 0.447136810625 1.0 0.338906040544
0.820146045835 0.820392202416 0.910226107964 0.112541506542
0.320588511973 0.901740706406 0.643062270432 0.0711981765138
0.593724277163 0.647772315096 1.0 0.0821258110963
0.806376698181 0.467709912316 0.999965166412 0.0276016694695
0.665691013867 0.505545522105 1.0 0.160757039334
0.751343225696 0.117962482085 0.999999999992 0.217068295565
0.134662469913 0.238893851113 0.980323176851 0.189493595902
0.21917690682 0.896645913976 0.975766392551 0.119413064584
0.667308649038 0.51409621516 0.991247648338 0.300878833767
0.433225018754 0.187030080637 1.0 0.288863408584
0.0682911687768 0.944562375287 0.995023483004 0.048288658872
0.0817822173031 0.0616378473394 0.855072869278 0.283889101184
0.707744929135 0.843373803978 0.907876878628 0.157930957533
0.303040945868 0.703048721675 1.0 0.288883622531
0.907035808134 0.18689065271 0.998149297576 0.29055332735
0.686439797078 0.489564144491 1.0 0.276350975475
0.33790696521 0.432610336312 0.99999999999 0.163270531747
0.419622985663 0.550436442113 1.0 0.267692623938
0.330353448783 0.37193529413 1.0 0.141469481833
0.0769683716679 0.296176175283 0.963198387014 0.110708156711
0.380148254014 0.867623774373 0.999999653001 0.131354830073
0.340339423958 0.274202761354 0.999999982966 0.224514988277
0.72960635912 0.458071425282 1.0 0.233161125509
0.612068752453 0.0543025336282 0.999104411866 0.199673930612
0.860891225142 0.550371573037 0.955081755534 0.190795596193
0.89539330312 0.281010794839 0.999992577376 0.137795812979
0.554997658484 0.464292878041 1.0 0.314731273393
0.355241687741 0.650015260368 1.0 0.1730633379
0.537730740307 0.263386783798 1.0 0.292669429008
0.765418970013 0.22576221697 0.972161515242 0.275705345406
0.855399843401 0.83056894894 0.999993993423 0.256749914414
0.357004566172 0.808797529183 1.0 0.168891125482
0.802174901461 0.168605801893 0.987379282261 0.155835692219
0.640764293734 0.116360169142 0.999933344536 0.0671037544823
0.105102083945 0.0147421283189 0.995496199296 0.16162975783
0.568956139237 0.659831746199 1.0 0.259195295386
0.0928844434961 0.110357759792 0.923858213041 0.0389461958731
0.137411398704 0.185371014556 0.941023087936 0.260996626003
0.907297215932 0.00136940282439 0.968667538335 0.0515014227479
0.286094665222 0.879748676529 0.987714455084 0.209322855839
0.741319750662 0.354573667447 1.0 0.0531763834614
0.416647940247 0.203552032609 0.996197404825 0.065533177361
0.506913830567 0.471215006137 1.0 0.108246567411
0.369480156961 0.487799458921 1.0 0.40566349015
0.725362469905 0.385778109096 0.999965211946 0.0520059389225
0.635894735805 0.248086208253 0.999999998857 0.0296591203761
0.648068736332 0.173878400435 0.996126857844 0.0983566012663
0.555700876576 0.0647739668471 0.999982306759 0.13376935321
0.677405137312 0.54181319834 1.0 0.315987951498
0.0750588478412 0.601995006744 0.969836247006 0.193158311279
0.615705911794 0.402101532774 1.0 0.274686874819
0.210106647761 0.174593611776 0.999999912287 0.217841390294
0.118713770163 0.157715640423 0.996172895125 0.1429548049
0.477756132591 0.237846585336 1.0 0.230559325478
0.531675050375 0.338156143724 1.0 0.246340094734
0.848348706837 0.909575079823 0.999999999813 0.0550010086659
0.371678433704 0.517267820077 1.0 0.273183170919
0.348671441949 0.330004737174 1.0 0.238755828296
0.363633893258 0.530483058545 1.0 0.324132527114
0.92253530361 0.400524099289 0.991304699313 0.107888496636
0.428960506414 0.169172543052 0.997817017994 0.184563416937
0.0354389443765 0.693513605681 0.849999414672 0.128700543483
0.824339529738 0.405846910609 0.999538063501 0.0520688637642
0.101546553842 0.992301282864 0.999999665304 0.197644620084
0.564765138509 0.198896832636 1.0 0.124898872149
0.772265823643 0.880351135348 0.869545205067 0.296391704574
0.592866807438 0.50997178068 1.0 0.0874255641688
0.731437736444 0.97733029653 0.980747326322 0.107904010503
0.253499940017 0.604471237355 1.0 0.0512064777907
0.49625165445 0.998861401409 0.999977411344 0.127531801642
0.057651341939 0.563371221894 0.921411391353 0.307452856054
0.747600305514 0.504886574056 0.999999511761 0.0266484569157
0.239603954078 0.70607014093 0.999830791212 0.226722488666
0.810870341905 0.137286848168 0.999996791005 0.12112559404
0.530118441977 0.559002302109 1.0 0.207816615662
0.948740472276 0.973393448749 0.836332000576 0.201734352676
0.262548846039 0.77110179882 0.999642639394 0.062054706446
0.59103819399 0.921556160071 0.999714585822 0.100391417467
0.51102632691 0.919515270935 0.999959525429 0.0220801431052
0.669416945617 0.159427912109 0.993024218674 0.104383614271
0.324421249925 0.309523147657 1.0 0.331437787261
0.321702629875 0.399025871894 0.991479075124 0.0872401732428
0.64270885989 0.832207358166 0.999979952229 0.18335987254
0.299594841484 0.308307272979 0.849113339447 0.0550690879093
0.355966179228 0.839447506491 0.992973987972 0.268745924374
0.14326834934 0.951550839818 0.999867977122 0.000150257043886
0.470866120322 0.426943648624 1.0 0.352540922353
0.309339496604 0.272627050639 0.999999999996 0.32195502758
0.0744275561143 0.532049828668 0.99999912663 0.204266599247
0.63241972659 0.189196775499 0.999999998893 0.101471887988
0.588734358621 0.0302869297634 0.999939083078 0.146198052335
0.477403061698 0.666602719686 1.0 0.115604561092
0.495165170457 0.146022111761 0.999161605291 0.21525403516
0.725235399794 0.607105447183 0.999389805573 0.14815650675
0.693101182089 0.589469297967 1.0 0.363835505094
0.490347949403 0.949621958929 0.998903747072 0.0848777274241
0.506790437004 0.666283237064 1.0 0.04237768697
0.877685223067 0.391389146165 0.999999999473 0.307179057951
0.287868879263 0.265314065177 0.56739548343 0.0418523411492
0.0305534046239 0.58117437525 0.917126171102 0.211116304178
0.812145675951 0.075573400254 0.927597730515 0.0235051093364
0.077404591658 0.401729994049 0.608183695181 0.050735977643
0.203040896158 0.97120281508 0.801943905979 0.112920860121
0.0578927723833 0.464376551928 0.999831664444 0.333679975253
0.663343730844 0.814138505503 0.904184883262 0.0477279171325
0.338077504506 0.162554408177 1.0 0.0375555591966
0.496937828061 0.481005845377 1.0 0.0445450127714
0.625819895721 0.396251635756 1.0 0.191424735992
0.444358387808 0.499286967278 1.0 0.00843678932684
0.595821550562 0.451076034348 1.0 0.04831743843
0.687012377137 0.469873292456 0.999999999568 0.384615035784
0.193567791799 0.849195185071 0.999980545267 0.228098568223
0.245453276742 0.615959100973 0.807766540005 0.0285435608145
0.585303473609 0.267732032383 0.999997103607 0.340499806786
0.392897270223 0.556934711602 1.0 0.0820514821302
0.421995761348 0.274742753974 0.999999999307 0.116696735217
0.573676375214 0.577261437789 1.0 0.275479144335
0.606736687377 0.277907197547 0.992257422222 0.304983296442
0.834054024058 0.835104941268 0.993911543151 0.0696550509893
0.0670207683518 0.44526539042 0.988768255696 0.196808691265
0.895929270266 0.320840147505 0.999999865624 0.110942094591
0.862994479894 0.585427620602 0.99597076955 0.0863612240307
0.709669096904 0.905519805618 0.999999999986 0.259685435956
0.472327163814 0.303774193463 1.0 0.0551350096528
0.242226751744 0.762875421147 0.962215740623 0.118931652576
0.261966937033 0.281136893231 0.999999999979 0.34908146043
0.320301178419 0.177308660379 0.815431556362 0.0966933118604
0.697217288999 0.0232990741505 0.967895298831 0.168248512577
0.347246892806 0.165474634672 0.999999737926 0.155259203037
0.469559412545 0.390122112441 1.0 0.000682216838158
0.00661422714245 0.849289736744 0.976512079126 0.00439336763439
0.334383999843 0.460855194316 1.0 0.346688509704
0.94542173291 0.903730422221 0.937587029005 0.154576599091
0.406237895632 0.500613623695 1.0 0.177087797051
0.0827498173032 0.551234883712 0.998043897263 0.0153571703806
0.184203149622 0.0712024513496 0.761591096964 0.143561511041
0.11768751107 0.710663763006 0.999988478705 0.0536092353656
0.392223350114 0.848427447375 0.970967560804 0.0160310735186
0.369077342667 0.265008657359 1.0 0.176234624722
0.960348157251 0.490581867904 0.988017254555 0.0999232103399
0.425143718758 0.50983161855 1.0 0.103447776141
0.395823004111 0.658635149016 0.99650791014 0.287587156412
0.944286420807 0.606963441357 0.99831063708 0.238500820463
0.49799487131 0.538142618923 1.0 0.173510076698
0.891236110947 0.898338757639 0.961091459134 0.258237426085
0.565004252398 0.519360104129 1.0 0.0148821392244
0.323605579707 0.833603729927 0.941539329173 0.107710157533
0.793614234337 0.494143327993 1.0 0.317333989415
0.742715784321 0.192705445545 0.999999997045 0.168016838376
0.228311074895 0.60475315591 1.0 0.320891812324
0.0797520306805 0.590407320494 0.933789851973 0.0236174801536
0.870405648304 0.718316020132 0.999828386424 0.295116776261
0.204310456375 0.0325577310639 0.894602713288 0.101561635452
0.40425430144 0.955937920435 0.982510228526 0.219290300178
0.831415763657 0.436479203007 0.999999999642 0.0181118286254
0.642229919456 0.723034096714 1.0 0.394936966528
0.626289962179 0.646031130767 1.0 0.365227014907
0.361847249256 0.980713715238 0.998785958634 0.201184383234
0.148298987785 0.16625381102 0.561786539484 0.172072726668
0.910701300807 0.490900732493 0.955117917336 0.0843335554906
0.0240685956709 0.0367336331227 0.990741901827 0.112681892301
0.631921008923 0.139701751092 1.0 0.134564349947
0.31150290721 0.543493930812 0.99861950498 0.240325258583
0.125494035046 0.996531668277 0.999622041437 0.0689386919623
0.677110099 0.694163381671 1.0 0.188391921128
0.48397379603 0.0832556111807 0.999968512231 0.166684603225
0.657666436669 0.78474482291 0.999991409151 0.113113262439
0.580463709683 0.300024235006 1.0 0.137354584445
0.184979182399 0.13567543969 0.999998886311 0.27913194678
0.773988986478 0.544034484755 1.0 0.190292184255
0.222594538689 0.292557690261 0.999999954874 0.0547669094684
0.861152017341 0.351820625982 0.99914711819 0.106739878906
0.632194053489 0.967592896285 0.802659310892 0.016096881278
0.281625678127 0.637193232164 0.990651391085 0.373374779248
0.24441482599 0.322624568528 0.999877636483 0.0211521231205
0.00990897056319 0.258627051809 0.997838929368 0.0826637193622
0.33046978672 0.359000586241 1.0 0.252480545017
0.812907073051 0.887761859001 0.998672438348 0.331423532447
0.33102127717 0.563739950474 1.0 0.0851059693835
