0.26033950841 0.1529663627 0.539384177705 0.154172298027
0.909585536073 0.804458454014 0.920863112929 0.0946775468013
0.534141757794 0.635906713387 0.678357026305 0.0685837598037
0.411602300272 0.660169133123 0.747907857062 0.0715720797319
0.321279032553 0.0786998175906 0.79087608928 0.0761963684808
0.444244156986 0.0235283919188 0.639491948276 0.216675665081
0.774262453025 0.712500646797 0.657411465008 0.0621431031417
0.561218447375 0.296412298642 0.76325400325 0.0766224997761
0.609644180338 0.251304606908 0.768317668068 0.118079971235
0.584933925641 0.113138046774 0.222816748723 0.155416610591
0.45809506852 0.485599272612 0.493694064295 0.111649146236
0.344804584744 0.452912391364 0.588619347588 0.149186188918
0.459342875178 0.494244740366 0.754707663497 0.156589354248
0.667393978492 0.820181680217 0.635025421753 0.275110712987
0.22287186676 0.964075247674 0.984436085421 0.0079916693623
0.756868749074 0.168872360424 0.66041713029 0.076514775519
0.55212146158 0.537341744517 0.919021797046 0.0453164880233
0.951500970513 0.296491006 0.680465471529 0.187269148413
0.591287871353 0.88116330891 0.938809778695 0.0443446090277
0.728129311399 0.797663302591 0.634728269781 0.230300258493
0.14671371867 0.798594229968 0.720914907705 0.148305859637
0.789854146457 0.226705659288 0.483167836757 0.246333257801
0.0372515255068 0.464857467695 0.848724629336 0.0988936012184
0.341773161817 0.441817236891 0.795364550713 0.0756685895335
0.48850098257 0.623502526323 0.629899126853 0.14657251091
0.366580215037 0.400833991251 0.922818073206 0.114821833943
0.680298473748 0.892868987751 0.490063116787 0.215623028446
0.942869228198 0.257680968291 0.697215108073 0.202159423322
0.505337623056 0.53666465843 0.98929181352 0.0125033446101
0.721265875647 0.739608041795 0.716003926481 0.0565027601538
0.660598047187 0.281231493299 0.514991818555 0.149957003513
0.0947470659813 0.474493442246 0.703593377382 0.119831299679
0.824873969141 0.559911354336 0.62537267911 0.098821369356
0.959480767071 0.054128131216 0.752349010234 0.245562695891
0.573687579166 0.661929387967 0.0558313462082 0.210323901668
0.482655110607 0.0995484887737 0.965090394271 0.15293231838
0.660044992736 0.167240803755 0.54885864715 0.22924727842
0.969686341286 0.759996427128 0.986069052709 0.00766136505685
0.857104219658 0.692305423572 0.661263242345 0.105774461555
0.661694979642 0.534988398751 0.680855407357 0.0478943677316
0.864153033928 0.363139372832 0.979147104884 0.0117213791946
0.740419016121 0.197784061314 0.912827454139 0.0376434989346
0.942431632826 0.238695147638 0.5409342428 0.260068425156
0.254957591234 0.281880270211 0.628271175443 0.181097858039
0.432298921302 0.243257677136 0.999135908629 0.000713386495057
0.395739480999 0.468411569333 0.00438518062578 0.169105270652
0.0127069884396 0.0227415250743 0.772353613339 0.12487137933
0.641870544991 0.296501141629 0.177708600516 0.211158912314
0.415453419853 0.382946903435 0.96342196956 0.193178678812
0.909460497225 0.611673033584 0.868530308802 0.0647957653071
0.202666042228 0.0894042878118 0.539284382184 0.274674836276
0.202184618764 0.122583698625 0.7595332715 0.206262325658
0.365653462506 0.550577513591 0.493741982484 0.206990025315
0.875203852481 0.19906209938 0.977971289179 0.0130294074221
0.276642543814 0.782144477745 0.900568044122 0.0456628231072
0.357081112763 0.390613301735 0.0295616890176 0.171619060373
0.922719285768 0.246055524424 0.873988936155 0.0976874947238
0.539399857436 0.266824898441 0.466023066311 0.130620989906
0.022822241445 0.237088212115 0.906059299591 0.0360090161512
0.447178117692 0.650611938035 0.999935818387 0.037854144037
0.510456334768 0.551387450562 0.793839017734 0.05049785344
0.46256946464 0.593078312791 0.403347340331 0.0828912984342
0.243374227552 0.530148616134 0.732291654572 0.0339233923846
0.413858781197 0.705101982779 0.350304366234 0.157312053493
0.0303496160168 0.208549325778 0.941075508141 0.0745411231336
0.0467004076938 0.946538131934 0.946757522271 0.0237637761193
0.848793191826 0.365443107768 0.522138703133 0.226467788534
0.725480533551 0.641002875791 0.49604700354 0.332495930262
0.135783632025 0.555994173252 0.958226197903 0.0238376005742
0.724814576853 0.422961083111 0.865884113135 0.0411786536331
0.471672705281 0.360433023046 0.00186121650788 0.143189638861
0.351830693339 0.0250287999316 0.799137090681 0.0959615248426
0.407885904706 0.437833341573 0.416244744976 0.227183926055
0.704658581285 0.228815263287 0.765963634095 0.0872106814514
0.676135623506 0.29727114547 0.968479681337 0.129023438287
0.411478165299 0.320401668425 0.12274572127 0.179959657546
0.476631902917 0.938866262116 0.708308908597 0.0723855376159
0.438078261189 0.361173795551 0.879720926647 0.0494669298056
0.664073659464 0.626681774351 0.931098520936 0.0429730373313
0.12337425721 0.436475459187 0.874155964743 0.0597187584377
0.589694287905 0.977569142519 0.956863692618 0.0452030788645
0.176581154707 0.157721285809 0.797229015039 0.0571883788086
0.713566784628 0.306589734537 0.979746896851 0.0904076356963
0.959327671562 0.827624100304 0.622645955425 0.261999531168
0.93315189542 0.355773824601 0.975068654103 0.00870086887657
0.185058088562 0.39478436994 0.897919681772 0.00455220902844
0.377111577162 0.758744244507 0.746542166397 0.0958589885568
0.936522457426 0.456027527594 0.653042486982 0.134463200905
0.0628287399558 0.79547184246 0.501925332408 0.275252754513
0.155554057307 0.00556115462094 0.595062186706 0.163945034531
0.506724605054 0.352354988937 0.600865538887 0.0509748516494
0.179583317276 0.819258232176 0.632268628509 0.136543949707
0.505128552076 0.304527013921 0.723687885104 0.0881367638939
0.144587731448 0.3131838282 0.988637082683 0.149219301917
0.812638167531 0.305109027531 0.992518373008 0.0014930045489
0.636049571954 0.299811719726 0.586193522038 0.11352166604
0.560985114632 0.440350751267 0.50016047515 0.138137768345
0.269831406212 0.0266784831521 0.596742957306 0.176495120534
0.958591474068 0.65768669265 0.988005630505 0.00275227343797
0.640860827544 0.317877728809 0.647482425235 0.257667278965
0.318855399301 0.231943148223 0.474487198916 0.359333651948
0.583094832875 0.61739732348 0.808689591081 0.139376043658
0.842599250902 0.62996599426 0.460202737204 0.0924099001001
0.131000980163 0.770759918114 0.495843054844 0.0783662730516
0.199676811673 0.746915825818 0.45468954964 0.340778259186
0.488168913606 0.31481130955 0.619921452143 0.104061231072
0.933552494725 0.894446917246 0.901659773355 0.0402981682336
0.576141667952 0.296116810804 0.587416078758 0.155843561164
0.512646886134 0.519421456521 0.469104771694 0.0783058131926
0.808947849528 0.674084662477 0.578449648118 0.137010178784
0.181290202991 0.709499247481 0.621971953406 0.0812611676466
0.928183633812 0.574884315024 0.749802939011 0.138269310957
0.785765424662 0.316508600477 0.578575762752 0.181811228654
0.362782581723 0.443979723155 0.843295588008 0.0603294963861
0.41271987765 0.398688602793 0.596729011159 0.0837664366405
0.551956960607 0.100652008658 0.791241284703 0.0510753468186
0.924269981982 0.73197113478 0.871319958578 0.0535891805755
0.782663627935 0.775516234077 0.922618047761 0.0773356531576
0.176647257745 0.56641480439 0.362628557628 0.172930386234
0.225244858904 0.974359806507 0.67411648045 0.0244283568474
0.473761820258 0.670009328553 0.487460466563 0.176146760411
0.836346146959 0.551813278945 0.816646936113 0.0283061626862
0.390194082734 0.853062420691 0.735647331728 0.128330316761
0.682568197031 0.36369982928 0.549768563145 0.0694873218935
0.254023163986 0.207648362587 0.953654133924 0.0215112062269
0.291540082073 0.849101057384 0.794385762597 0.0943163407923
0.421634156411 0.361683722817 0.680646667683 0.122062418017
0.428096556878 0.309335983635 0.200738110993 0.187522290241
0.910032602451 0.24275497292 0.794619595087 0.0725078788481
0.114343995161 0.0690903759612 0.655227487723 0.27327067301
0.571202738183 0.61749619325 0.462988440515 0.069104834193
0.098139259652 0.0814696389075 0.692661206576 0.122902065697
0.610710889921 0.661799795088 0.887327775847 0.105324328257
0.608030639945 0.428741847856 0.509357734002 0.0990250419532
0.421790911218 0.61192489002 0.980628889053 0.00669261785867
0.546586166087 0.744104545116 0.755809620641 0.190554136591
0.862436327824 0.761473326051 0.586212697194 0.230233070746
0.75051190614 0.325335678696 0.783914628447 0.0515198637736
0.614214809939 0.621307331384 0.359168140914 0.183440105634
0.597979818278 0.433598702783 0.446580320712 0.19514052992
0.32070377138 0.161052737385 0.897464894306 0.0283097985176
0.167144685511 0.041555495817 0.633728493527 0.165472876323
0.632941530779 0.15123060316 0.591765239303 0.13422307162
0.474035881109 0.500445835893 0.194029883903 0.137594817084
0.428563226442 0.916631985141 0.996049474059 0.00613107498834
0.143482970489 0.0776869207404 0.743582672462 0.158378098746
0.639794511047 0.856422053967 0.604298019728 0.120266652751
0.909612121546 0.71375848437 0.880334574829 0.0756608824036
0.810553734244 0.401844331469 0.625398381695 0.214345314284
0.0455900151461 0.864335118273 0.639916826365 0.198402468926
0.438186349 0.176118286982 0.298421845317 0.177758646531
0.342309181334 0.776511272387 0.56775551308 0.311258937225
0.637512982911 0.689991125422 0.123312394736 0.12044346939
0.117559350197 0.67303198748 0.667942082106 0.196044371307
0.352833063955 0.0874867663949 0.879508802245 0.0295587661218
0.0909356962201 0.0505790807017 0.863006201236 0.0739446901182
0.811996900663 0.0848035187819 0.537071234383 0.167573501458
0.430687513413 0.90355734463 0.954185369981 0.0603753144806
0.949233345796 0.653268834096 0.889647493567 0.0206972159187
0.39636942434 0.665458190813 0.193870231082 0.14965127047
0.415923492951 0.290952382889 0.571547528203 0.212345672469
0.362868622302 0.283189736247 0.969968360263 0.0847024592159
0.606466809855 0.0831096692151 0.999993746422 0.00623331278864
0.195823681396 0.873035508719 0.81097987481 0.0846254020064
0.0777962963846 0.618115971668 0.861308992897 0.00495630940101
0.555632846221 0.777506485711 0.525981454961 0.0554616387917
0.180158383931 0.28083833106 0.565053654243 0.297992984343
0.468026404501 0.626298246589 0.120002065661 0.217350802743
0.566865129266 0.149949544116 0.776275962914 0.0488236065234
0.171543843931 0.183229781484 0.474591981888 0.256125429609
0.182274092906 0.597863420913 0.859632096798 0.0678896327104
0.211589565574 0.187535308323 0.756588306998 0.0445135493851
0.287662049361 0.904045883612 0.857114241718 0.00668168450742
0.544608423427 0.066372581255 0.460732430166 0.188908938024
0.448903234457 0.645006534805 0.506666635481 0.0446966333999
0.880785232618 0.101763923221 0.529440428155 0.14027194341
0.318660314964 0.594074935695 0.828249157375 0.0701054271943
0.404117710972 0.315787775794 0.642885319664 0.100151149428
0.606917090563 0.908951232089 0.649645517176 0.118064859329
0.152661450137 0.0686974829745 0.529497432824 0.155124293209
0.209840728253 0.200992968813 0.839763572255 0.14887521872
0.163218569679 0.718226732937 0.466201093098 0.200418090984
0.506776527214 0.209172283678 0.783764765041 0.108873257585
0.0333976760352 0.628425238715 0.710916220063 0.170846590811
0.577271985488 0.838719272437 0.626661004 0.0997556250819
0.508941459951 0.518397865299 0.724250038826 0.11732501678
0.985182665507 0.926971191139 0.875479699626 0.0385179192338
0.276728077617 0.74974576058 4.25531829764e-05 0.290175187977
0.679746430152 0.148157669501 0.631496640616 0.127503179928
0.406658810327 0.320500274669 0.883621260446 0.0248417994506
0.899594001486 0.178676605513 0.878993116042 0.132255551373
0.782987123208 0.400585954919 0.0411013393296 0.123377794648
0.450603950178 0.39175856262 0.362866886168 0.182586097823
0.654818859397 0.631928098346 0.741764066949 0.115977550732
0.631726870648 0.117555708289 0.568007314503 0.235907093129
0.721420209936 0.910716626609 0.823999520702 0.123539625153
0.409866069136 0.584098544352 0.432470825282 0.149523751026
0.221194192821 0.56343581576 0.560054037414 0.122998247862
0.720516323103 0.0166866135092 0.783215591003 0.105648453693
0.745800857683 0.697617153798 0.885201951977 0.0497081686509
