0.26233765508 0.293765778672 0.648195849862 0.0591077722352
0.878566603118 0.29904682575 0.561343613696 0.20715882728
0.393175847161 0.778951312628 0.927589646107 0.0183182288103
0.991816419897 0.802232349997 0.992330050036 0.000890416183107
0.530876142711 0.295593837094 0.311950944763 0.254429879164
0.289079700778 0.673898319311 2.59936643193e-05 0.193261726208
0.90180851139 0.637945855629 0.53284166519 0.155765393371
0.192082960156 0.430070816005 0.79786361479 0.0386062681693
0.993968327931 0.0109899261207 0.792962566046 0.164671103555
0.285749900635 0.637956574506 0.660293584863 0.16676627119
0.137890496815 0.174860440234 0.63031201434 0.105128412279
0.443125414908 0.787948697518 7.39106122255e-06 0.160980659793
0.380343453962 0.160407244084 0.984515285836 0.00210431378642
0.462411785573 0.526298260044 0.418670866511 0.150726416087
0.46423978426 0.628800782755 0.680801549278 0.148871020363
0.0159282999868 0.634368101409 0.686488596725 0.0922668223915
0.859663592564 0.2908478964 0.577664246256 0.208688017546
0.848907040231 0.361746680951 0.850251156866 0.053960894048
0.540627333477 0.631179940466 0.500853553868 0.282559618099
0.428995254698 0.669344647727 0.559212361542 0.243179368659
0.378701023164 0.24493763411 0.467473170449 0.159191726708
0.81476401505 0.31675013226 0.954606214954 0.0973494908712
0.645306687629 0.95830622369 0.785217186884 0.143532198384
0.55503804636 0.797519871086 0.507616056481 0.142680387986
0.147092835 0.823481955557 0.998027443713 0.0324972118408
0.985754370462 0.0651321384964 0.918091577556 0.017632344054
0.262437261641 0.26861280848 0.406301464273 0.276741707452
0.870199332475 0.61213318836 0.960820489574 0.00440407497625
0.634504473805 0.125889167359 0.765510540855 0.089237603712
0.196290283402 0.042106226591 0.673825403291 0.115162559974
0.769972442095 0.732553306229 0.821624867417 0.0620764657421
0.0596942254003 0.121393700366 0.921895286534 0.0512878804919
0.414329735572 0.0289910113895 0.651551962711 0.106427692386
0.444258086625 0.609565744164 1.24638287773e-06 0.288070120197
0.441043167153 0.81315122018 0.745182325393 0.120705384671
0.38476351264 0.383520832487 0.716087197151 0.0856393088514
0.440314108006 0.512592838475 0.995839931669 0.00138577776733
0.311032445939 0.346052908509 0.841082207982 0.0846466744322
0.689765746902 0.214222536957 0.821631766852 0.0521122080483
0.109474013219 0.730158768008 0.714694609045 0.140581376767
0.797215053725 0.238013391797 0.951243315338 0.0203214968446
0.160809904396 0.754002482536 0.936596158359 0.13085312009
0.399768046195 0.542791414261 0.775888426667 0.0500424943282
0.77481910478 0.0401038614785 0.565799162971 0.220719993611
0.256609842112 0.0400835637646 0.925989776151 0.0320540033077
0.523481097736 0.429348387466 0.938547341249 0.0209857138297
0.495413929608 0.711885253804 0.729878968287 0.0667124963239
0.49755682505 0.376348469272 0.387035127309 0.14680915786
0.115468518271 0.533351530012 0.638102007203 0.0931662451202
0.348447875805 0.271086342129 0.644530969344 0.0718461727956
0.0933095381089 0.0269752571618 0.982252008644 0.00389467278043
0.41256868553 0.184524491112 0.000529920445578 0.262817989898
0.373361714153 0.268768895043 0.769591897501 0.139357056055
0.624479130422 0.901834360358 0.915412051073 0.0858363830831
0.856513761624 0.742492324903 0.581374721756 0.119719167919
0.916454848577 0.535590073739 0.737207524737 0.0539453458736
0.0570504129272 0.74932427753 0.922483437851 0.0133384960698
0.398337822025 0.684747621322 0.999667849496 0.00562589945051
0.947300822266 0.745011466884 0.677235095683 0.113622902391
0.892691640562 0.694922613265 0.890545837562 0.0462163749482
0.570122680765 0.152802508453 0.408072719396 0.305277392044
0.0488372587498 0.125142844419 0.918396534632 0.0538566538115
0.302479149049 0.441852781748 0.928707166163 0.0620425982427
0.302401454315 0.255331424417 0.903506946873 0.0160560123418
0.847026616704 0.957350997863 0.933581492773 0.0492335767988
0.744364442129 0.83860154856 0.82638080232 0.0334993660415
0.355280511435 0.251936331438 0.393499011331 0.201020785719
0.725911860068 0.460552156291 0.359785846635 0.139183336427
0.920323428445 0.622664722709 0.817325793448 0.0265957202267
0.572147426629 0.136155510597 0.997336487575 0.00931384163814
0.856893998735 0.0908627506442 0.587205828937 0.195375269509
0.339115296296 0.632923090556 0.95345761354 0.0977755953679
0.0405373008161 0.641990188021 0.842481535059 0.0525600000455
0.142101346763 0.108494435399 0.646445173102 0.261770040237
0.335944910724 0.205185944243 0.782114159218 0.166106910282
0.634550754444 0.466676007394 0.308063917335 0.269781283017
0.950258681306 0.363423012152 0.943170534202 0.0131012822931
0.939778382463 0.664205910993 0.66108436651 0.0778827301056
0.657820070538 0.543850680629 0.992905697415 0.028147702212
0.427552244591 0.389082152154 0.513275774517 0.138463271052
0.737627900865 0.510941522874 0.219850948807 0.208957338068
0.552823899137 0.721552511919 0.542080297699 0.107803773026
0.455708303047 0.740409645928 0.477865716527 0.204664221893
0.653271426352 0.951331576781 0.948179380971 0.0287107398187
0.90749036747 0.586896652441 0.944456754581 0.0122014429098
0.180265095826 0.857591455616 0.577899524924 0.114519591521
0.376072394844 0.558598998951 0.141019294556 0.154722588543
0.0996508966651 0.438308094178 0.872497701491 0.0464466015938
0.24728953059 0.61914772754 0.0492686421066 0.264281340131
0.78926705972 0.381833238366 0.837620439545 0.0675498160155
0.272971587779 0.610838504722 0.802501562665 0.06094560298
0.574267476065 0.0426168824592 0.576786854708 0.213666212039
0.585974932171 0.908768646376 0.815846605122 0.0433707705778
0.19046273797 0.414595108155 0.88925062861 0.0407494549254
0.408929394642 0.604040035657 0.105104453362 0.17497649812
0.625878413966 0.790230486699 0.516153796948 0.0564161206402
0.50410824637 0.815915275268 0.327463219584 0.242105713635
0.248830758408 0.157311579682 0.601487806096 0.0467677951797
0.711189540466 0.390731261274 0.556198509714 0.0348588813036
0.133947526565 0.302790277599 0.846146162381 0.135258909085
0.417280985949 0.368715421037 0.205300371984 0.1711807784
0.721547728824 0.352970388765 0.911150256595 0.205622688849
0.107696600821 0.472064527214 0.898885894623 0.0388673809022
0.890108560496 0.778501365027 0.701678927897 0.0805006184972
0.866369536872 0.734986141529 0.929512177778 0.04512354708
0.775811473297 0.0316988966303 0.829241633277 0.0298407407408
0.540235877498 0.716730045772 0.738405260111 0.0545756887772
0.376245396767 0.699337270936 0.65611975776 0.267007250083
0.385742909013 0.751770949281 0.417463605376 0.120647659309
0.619345612057 0.326102989557 0.434856922987 0.174477848122
0.41232042639 0.300206600818 0.758222925702 0.117419309194
0.696365889264 0.840540131922 0.726674576957 0.0406839952602
0.0347343879003 0.954646784511 0.703013887994 0.151312009868
0.184692875968 0.701117366378 0.57796151514 0.133760040018
0.74180238874 0.15902364017 0.561227181145 0.236066277999
0.626671295212 0.937637563595 0.93775914575 0.0331320587263
0.631436720851 0.519926669853 0.40173142662 0.121185055162
0.86622835416 0.355339547618 0.752350007814 0.100928479956
0.597489328571 0.72321912177 0.734928450438 0.237829273887
0.905529946103 0.380109032363 0.815652738241 0.0667242318769
0.663526567977 0.541782981126 0.225825543744 0.144146504309
0.841462887944 0.0596291996925 0.912701023298 0.0308484282288
0.523422625151 0.479722541321 0.471133026863 0.0644809193142
0.403254881001 0.782637051022 0.790469753048 0.0574866219435
0.968696636377 0.60086899829 0.685855093187 0.192809729872
0.764015500734 0.63690318137 0.831439252686 0.0378725833482
0.563209475413 0.756731439132 0.68030623957 0.118537234553
0.470559714462 0.429838738138 0.582929868548 0.10573410946
0.852521687837 0.435042788834 0.7128441123 0.0534070279476
0.523269364061 0.946922119319 0.651268661265 0.0932349416391
0.448513893789 0.880344621751 0.752340440597 0.164703457638
0.754936636111 0.324470685294 0.93586151172 0.00845183848407
0.907955231837 0.250499583372 0.768577662469 0.0558121898875
0.902405984857 0.00754904501657 0.648605507177 0.130757849356
0.750073879779 0.675763732337 0.435983890428 0.232266025955
0.281138530817 0.340839245322 0.85861886256 0.0442464321652
0.190979755657 0.599748461871 0.612499766033 0.0947792132818
0.571548077685 0.37173920315 0.884428550341 0.11490901009
0.674513576333 0.250553278524 0.518345151007 0.135091247005
0.27629705852 0.547132655837 0.432908698921 0.0694345030134
0.284013800453 0.351544502149 0.349299912465 0.324384114594
0.505953495072 0.42579434466 0.181325814141 0.289779198238
0.831401484904 0.319384500793 0.979695379401 0.0144030422029
0.616036911821 0.284546004851 0.868453818276 0.0285226994371
0.182454168506 0.512350150403 0.885510233572 0.0164946383708
0.716556888456 0.405656897993 0.676372959061 0.0953691762338
0.446050720751 0.540467165605 0.00616288797137 0.219174323317
0.307966283431 0.764275664989 0.676750097714 0.115142887539
0.269391188504 0.924985963981 0.515535418902 0.307121870078
0.486844722587 0.311663524675 0.925600765305 0.0185984755592
0.862382699968 0.440283253704 0.847001658496 0.122510042912
0.516608927631 0.579967883974 0.234373493937 0.105913210328
0.194333323306 0.445311645128 0.672200215391 0.0714239010524
0.255307750271 0.5654355799 0.992706183652 0.00771018219584
0.731555555001 0.830086375545 0.589276470993 0.213123171495
0.932017158986 0.429725478322 0.899706177928 0.0361727934403
0.403161084036 0.850632631193 0.537832956723 0.144373431327
0.357890301797 0.907987948762 0.907220888872 0.0320485741989
0.397176596622 0.363639046887 0.73137094863 0.108108786229
0.244081477825 0.852701182867 0.724262683748 0.122578004815
0.865337446976 0.265241135945 0.888887449818 0.198157227418
0.15705346783 0.430647910066 0.726487878805 0.139222645705
0.333983760618 0.621738238225 0.0180378235445 0.0376494808647
0.196753310793 0.586803679007 0.787345577408 0.0303033389817
0.138157260897 0.902543885854 0.512050519174 0.246383877222
0.920278336473 0.00321771802344 0.882581726843 0.0681348734717
0.477751837181 0.517231185197 0.377329459489 0.181914124359
0.901472993302 0.711292736136 0.768848540807 0.187691601248
0.947911952988 0.635396624009 0.522594533259 0.255441030114
0.0395329526505 0.874908990561 0.866378321789 0.0531112986902
0.147706323621 0.429266353192 0.631466720114 0.203884491388
0.342492758071 0.751645559398 0.907010995552 0.024749180864
0.658424930782 0.0532159623209 0.58955979019 0.126105978328
0.668859403624 0.354549228861 0.296649892928 0.147790431133
0.583942266581 0.563639132182 0.990937337485 0.0771252280084
0.648163562413 0.784833833477 0.855278332357 0.0683251441045
0.348939733938 0.671979822366 0.466204562748 0.0965528901539
0.0875655823136 0.977088611942 0.662656626056 0.26159687891
0.982526738745 0.915653425285 0.923598682129 0.0434284352249
0.868753840313 0.922668565986 0.880068851866 0.0759132759753
0.413633063029 0.308263126831 0.346973336102 0.100121746243
0.8572160446 0.609290112941 0.540356278765 0.158925123744
0.554186282192 0.353254220681 0.535482227721 0.236152284395
0.575917624701 0.334655058571 0.000753552748788 0.25389071403
0.359388799197 0.42611360947 0.000584608595201 0.179894568712
0.627879966703 0.62163805976 0.806721880576 0.0425717337457
0.494380041946 0.852340537642 0.94015749754 0.247627434608
0.495217348569 0.0402810755811 0.695072983495 0.157455328006
0.812867286636 0.168485441821 0.564206774608 0.151290870567
0.247287938342 0.311227522781 0.620297957926 0.114398591406
0.238585230045 0.475649168721 0.888522820091 0.0346837258185
0.274757480623 0.505466413673 0.473904522796 0.157121545419
0.639391617647 0.291702018572 0.679871963116 0.121729312597
0.740321931184 0.105694456398 0.682247658505 0.103551788437
0.347708080787 0.501919156261 0.511070326872 0.0563319810035
0.808525193351 0.573275638395 0.744547250056 0.13650058244
0.293211973943 0.733763409646 0.804159042905 0.123507924707
0.242732377196 0.86611352209 0.718162381 0.163271094333
0.580049013571 0.610505283962 0.817417413642 0.187281053945
0.644713175072 0.0518030302923 0.804004069642 0.0967494753814
