0.920280520671 0.303689866082 0.509998208957 0.255075545874
0.0336142337834 0.826263510017 0.90508499542 0.0782694503474
0.705045155054 0.60676582077 0.113529562509 0.182927781344
0.977935032249 0.699818489252 0.620945718388 0.0514786530317
0.828900659233 0.555943429591 0.852651152437 0.0792633609284
0.709928929738 0.314661225655 0.97402516673 0.101198288715
0.339984809139 0.628028362349 0.413581465756 0.147488738079
0.0916821513105 0.951006614618 0.937514053002 0.0368988707157
0.766033694274 0.178813828023 0.860330788133 0.0454025845852
0.080850668606 0.139543794397 0.713981215143 0.230649730835
0.73595722907 0.733834444798 0.752281731921 0.0856369209836
0.679494028413 0.139076277899 0.706145122593 0.0807717114405
0.256209890789 0.344805985145 0.945959457102 0.0340024722008
0.250643727142 0.534624076103 0.816996797842 0.0872180249929
0.39033227309 0.47054436125 0.467261624176 0.275698186535
0.505444736523 0.446710925924 0.950045953781 0.0238046774806
0.476418802889 0.330824383653 0.684709001032 0.0527320155294
0.0438081532975 0.760723644903 0.969024028693 0.052698911627
0.278643978625 0.47633327293 0.240541755539 0.160997517169
0.931714254228 0.815424226128 0.743341047402 0.179348727
0.684086289759 0.436664228817 0.25378625838 0.235919473076
0.925943728504 0.47332261956 0.880228032868 0.0727672338542
0.223711707722 0.347438186162 0.892275198228 0.0786212965469
0.515230979519 0.475337163398 0.975163454427 0.0266492437699
0.543320902888 0.0193126347522 0.586516819394 0.27222951211
0.0319295405814 0.160872991926 0.78007340706 0.0461235790048
0.396733277067 0.736934329638 0.648737744909 0.0723753649791
0.483336866566 0.261287222203 0.684907286567 0.201673981279
0.213606395025 0.314606571389 0.979742366854 0.00497000512465
0.555595520553 0.802677041974 0.52161405591 0.261648567402
0.532957645038 0.879963219663 0.598657041338 0.192487213753
0.11970233058 0.403993427362 0.646901532822 0.169775083356
0.563829626299 0.789710338644 0.909987622858 0.0251065152361
0.265003585112 0.819014622872 0.990273111468 0.00605027174717
0.767226121463 0.0681626379332 0.651409825284 0.251128979722
0.920950905183 0.761363567679 0.546535445927 0.17438385282
0.20351380765 0.895648955482 0.584591874952 0.129769344904
0.668854319573 0.380465227043 0.886557625864 0.00912255946149
0.861734514528 0.201512497432 0.610140861441 0.171450939953
0.512522382767 0.580637178644 2.27694289634e-05 0.181682420663
0.648331518888 0.131704515859 0.48245925159 0.0481209331084
0.102097728796 0.598122194798 0.855561743443 0.157538696095
0.911805429931 0.766273951083 0.826628548414 0.168735353954
0.2604918024 0.923820070551 0.592240786829 0.166488520003
0.733370035158 0.841141842778 0.756094875599 0.234537589318
0.237912615737 0.071351198755 0.631338229658 0.110427920803
0.582727509318 0.448271802974 0.742710295486 0.124136598346
0.776093822867 0.934115225181 0.806585360824 0.1072034422
0.106949151916 0.566915479931 0.821131378532 0.0827616148107
0.668693925036 0.279170768408 0.441588852909 0.128617406342
0.776759762795 0.652863805229 0.690688583788 0.153414717185
0.901850468835 0.447175412062 0.977642513605 0.131166240928
0.674264748013 0.702151192964 0.544238597696 0.201635600055
0.410676990422 0.73256641996 0.849955219725 0.028766090848
0.627092129567 0.445589295878 0.479680684388 0.180651774065
0.254889042337 0.862520153135 0.754535850085 0.0664255790561
0.478294154092 0.472091587941 0.823004040417 0.0545213031264
0.0426180623344 0.0413037699613 0.431970814959 0.207376386225
0.774142292108 0.349266428705 0.723297072381 0.0941385730464
0.0199677082104 0.361317145457 0.591738353364 0.16290257422
0.603704472175 0.514103959691 0.507950940555 0.162187586727
0.175153412209 0.70631699858 0.965149530228 0.0211504199743
0.569316212221 0.576889185317 0.786277816113 0.15405449477
0.602029368767 0.547642917874 0.954486460648 0.00213909613478
0.591410237788 0.460054228524 0.719823389488 0.0909398290923
0.540086586619 0.376484692761 0.966293150952 0.0110298208842
0.0320121063992 0.259827624223 0.981323260188 0.0702365534511
0.568898006369 0.703455214465 0.961677292972 0.00555047345578
0.874646531223 0.960730511364 0.973530346125 0.0327159446562
0.880380861408 0.444020580445 0.711539835439 0.035654413756
0.154250437758 0.20061846443 0.586687484099 0.133407876129
0.637844116621 0.228523581686 0.886908482634 0.0290431557424
0.146992781353 0.384704700426 0.476947332581 0.143480330234
0.498168251025 0.889049077883 0.51678785652 0.173991556662
0.280755170482 0.16088094407 0.568479629635 0.298410747516
0.010930743892 0.0810089156853 0.859468499332 0.0580837550584
0.852630061376 0.216278688807 0.297447354062 0.167927804869
0.958181457783 0.391245047161 0.901614654816 0.046293045958
0.572686937358 0.316822876454 0.658344050114 0.0810375989625
0.257784949077 0.7341377829 0.481248949734 0.275142347334
0.487341673518 0.256846741022 0.743456543321 0.0722819651435
0.317213605893 0.577669077466 0.86722250165 0.0297256992288
0.864937025988 0.143770852068 0.801259037816 0.088232703722
0.487853060077 0.738800310562 0.701592034802 0.139940629962
0.676006339922 0.64082519663 0.710815980045 0.090566325685
0.254976785547 0.63511304483 0.6713971035 0.0484218863411
0.959699267757 0.119127835541 0.614756895825 0.211307045966
0.271202155964 0.0856589412721 0.781165757318 0.0985740471021
0.645644548926 0.756427110333 0.697457473489 0.148725875532
0.738402594688 0.0252756598678 0.975365370877 0.0137737706223
0.795782649057 0.373529612129 0.425804356373 0.0618787343795
0.212137493614 0.337292022262 0.595877140518 0.121630343895
0.123467509155 0.329618125856 0.882409858738 0.0573265103204
0.417771440506 0.235468595779 0.990272751105 0.163722369303
0.355602551995 0.844530351301 0.799520080335 0.0854918135569
0.264087512376 0.407695791056 0.523320098457 0.221919382006
0.446256148089 0.614600672327 0.371292979792 0.11393495257
0.678879141443 0.504719080303 0.982985127512 0.00500317072381
0.945343678831 0.410468400015 0.981694929744 0.00644543391627
0.889766762149 0.525585443175 0.766003965293 0.0258956445708
0.967150860552 0.264427799277 0.812481693151 0.0486236349647
0.686911814258 0.222563354311 0.699532266272 0.116945345119
0.4337139019 0.69909842804 0.752939411068 0.118222257109
0.243117641156 0.658855842216 0.778150223884 0.0608900794475
0.353790973767 0.654356648218 0.524803526896 0.199476968112
0.368616270321 0.655503075713 0.394489233489 0.144006715958
0.525392911081 0.696249527649 0.43247272644 0.150371289059
0.311830665022 0.839590508835 0.758294177765 0.0487847143275
0.144180290013 0.860309967977 0.0553611931518 0.314148938135
0.767733793721 0.286692092301 0.788193638738 0.200858812774
0.293343647545 0.934812424781 0.547570024163 0.269767804093
0.00849631906889 0.0968099068138 0.90101754053 0.0522198144282
0.397928547827 0.236147240024 0.6070832415 0.0759164437751
0.627771099417 0.460286945528 0.76671092103 0.0255373848035
0.201471236354 0.634986121437 0.874433279452 0.0310433139436
0.540520364129 0.492991549404 0.940615004701 0.0762739032097
0.503415821639 0.443535694874 0.644028707871 0.244824839429
0.781156306836 0.547876433919 0.295739824805 0.245295574987
0.802155704068 0.617529390384 0.553420339022 0.0999551785909
0.32613027999 0.877718965324 0.767812564305 0.160741097594
0.395399494613 0.149439082871 0.695421283506 0.146649545834
0.242871010339 0.459148112724 0.937109174892 0.025839792241
0.808360542667 0.254557482586 0.563101760929 0.212516349873
0.316868155723 0.112950731174 0.918872607243 0.0307888740368
0.279349975801 0.375332717588 0.725524701909 0.0324403011804
0.316729447235 0.986459439626 0.664878177123 0.141076069221
0.356243091319 0.609984957123 0.944376107978 0.00530161635663
0.526081415529 0.731152311306 0.189311073526 0.166961428799
0.0330545001303 0.0635220761345 0.624841140663 0.325514427438
0.71918684267 0.43229332803 0.86386289618 0.0144600424342
0.232597942729 0.00609934042105 0.919214305133 0.0160250569993
0.0535095517227 0.314143324224 0.809683867286 0.0268208893739
0.431749842043 0.829625441892 0.615214153216 0.254660869162
0.189252530731 0.485834383202 0.8741188401 0.0250638155773
0.0761699125922 0.729424872319 0.711901526474 0.0505943391949
0.787784706738 0.585759874334 0.798007564004 0.042795173944
0.337634523765 0.76667902504 0.45881085993 0.224126701643
0.395004941946 0.461797813314 0.759376501914 0.145774987384
0.692797312941 0.196285000317 0.644381926264 0.0905417784787
0.765269940797 0.878433928167 0.661695377929 0.245857338669
0.735783576867 0.199179150737 0.797520827221 0.0559902732169
0.669923229549 0.425249856918 0.861788525327 0.0143590525288
0.55549137062 0.609374992523 0.464308378829 0.12944180664
0.437399163315 0.277179048818 0.417988045603 0.104899877811
0.899499357411 0.926445713899 0.556610845436 0.255326642267
0.667537240669 0.309142014248 0.814552755566 0.0587573907842
0.617979608493 0.405699305007 0.371217406605 0.21186231151
0.688848628276 0.829707640313 0.902703888519 0.0365796710286
0.640950126147 0.856276255442 0.539960546846 0.213989502932
0.476705091644 0.604648550046 0.630382790224 0.0698931048621
0.293732277863 0.532165581613 0.390685189452 0.0511282103885
0.789814116107 0.463873796232 0.758268023907 0.0408833885129
0.752320651607 0.00218089569304 0.952679218859 0.0110726739184
0.699682513053 0.718143140688 0.916758463251 0.047082859703
0.504213810466 0.92589408525 0.520312363474 0.125135609964
0.743477345468 0.374984377926 0.534404335545 0.241621729463
0.381744747434 0.086405104442 0.546492922074 0.164987930763
0.767154216401 0.302173321068 0.39963978416 0.100414829641
0.587428855281 0.948024979088 0.486943138791 0.186724085972
0.215452442154 0.562621855421 0.48289331148 0.124483405548
0.410714094055 0.530964839458 0.922008892543 0.229917351841
0.274592465066 0.395440360827 0.357106682011 0.15286680328
0.759201566091 0.711984218513 0.871012338405 0.0743377023877
0.0995059823903 0.337255691243 0.585774833941 0.137708728132
0.577774094734 0.516983941746 0.912388254604 0.026039308333
0.747091279136 0.340540299423 0.92531344539 0.0280238630272
0.227337339375 0.496177837937 0.49229508976 0.123956590288
0.262498264604 0.438727607259 0.146872168513 0.219072725905
0.768981801257 0.12052517497 0.577153566513 0.298470483302
0.356475564841 0.138396658385 0.746112158729 0.137648276149
0.380095384798 0.0603361325336 0.952289086196 0.150855754514
0.966459662413 0.192482362474 0.7813465633 0.061628477854
0.435846768788 0.0528305376362 0.730547343923 0.123327546812
0.602807472012 0.66467195018 0.909355322284 0.0251256657675
0.230359724393 0.826945644205 0.986084920942 0.00911354214931
0.975618228886 0.379889002982 0.369633209171 0.155434062459
0.258135614172 0.480686696722 0.753642303189 0.150940813743
0.512083724411 0.425268009531 0.287978923482 0.0864318750001
0.882882050342 0.732608363467 0.896403833205 0.0441870682022
0.0535003427168 0.583751930373 0.993165573944 0.0291787079032
0.148370843768 0.238219171448 0.972419458549 0.0186203724918
0.527774492646 0.793214292868 0.615817173996 0.126372261724
0.434770253827 0.747667862876 0.389938203041 0.166170486429
0.616087826925 0.370865026771 3.74573990281e-07 0.206455981982
0.751013051124 0.790580848147 0.899009914573 0.0523853608968
0.580157082035 0.46752215972 0.449202950601 0.256438063342
0.782455761886 0.841374809879 0.995523526168 0.0017659096056
0.584378557994 0.573392746815 0.437133162925 0.207758007269
0.0795404746434 0.904928116922 0.835079789621 0.0676615642288
0.481545697207 0.0343470779195 0.814394192833 0.164897084869
0.673184887708 0.57118925445 0.590390472139 0.126403462084
0.216883486505 0.504643400758 0.854953219865 0.0773714818581
0.119167361147 0.663721360586 0.941812538252 0.0186055028305
0.691356261922 0.578736119265 0.105875998551 0.241908102918
0.531931987332 0.914159582465 0.71839903828 0.110961992036
0.133206785604 0.768676745862 0.799645053563 0.0730279360217
0.966018023327 0.255549578648 0.553032584942 0.0640976764763
0.718223059759 0.877517447482 0.65991962509 0.186385359977
0.50035098673 0.883544193387 0.899681857278 0.0323497911005
0.54946414821 0.326319216856 0.792517233514 0.0314621522137
