0.714748410253 0.606111427753 1.0 0.282547539378
0.762278398781 0.109708516748 0.999782279207 0.2161293202
0.893450893927 0.208097128826 0.830457952325 0.0599848441351
0.578847738205 0.475172791678 1.0 0.304845451768
0.98364000328 0.285458466791 0.855580409675 0.156431804045
0.36900656237 0.142679573731 0.999694688844 0.159616306431
0.586269513312 0.315972565999 1.0 0.135505884709
0.81270304759 0.714619247126 0.999999786894 0.265210666548
0.639282409007 0.559937150638 1.0 0.374215222953
0.62150075146 0.462890141351 1.0 0.290276189795
0.693810097817 0.684261506259 0.988595419834 0.0958072004952
0.359495788637 0.614186235234 1.0 0.0898360809784
0.40326129302 0.889229925287 0.99979415369 0.0702678188454
0.852779926269 0.635176556024 1.0 0.144397447238
0.656609220865 0.335921464236 1.0 0.225458243705
0.916315856304 0.294538932916 0.999968767398 0.222011884855
0.45307493991 0.642176888184 1.0 0.312749591927
0.512981921503 0.504750689707 1.0 0.118585756518
0.467304520565 0.615947107848 1.0 0.148232800467
0.765641593299 0.456902785543 1.0 0.0980693580616
0.186863569303 0.641349622386 0.99999999982 0.0355850376753
0.418465835057 0.861543496499 0.953125493046 0.260955201183
0.642767922764 0.182618572375 0.957806758742 0.135004366129
0.621634536457 0.251987396358 1.0 0.117878263181
0.478609104133 0.758172572016 0.999999976985 0.225775218793
0.244818546664 0.471386290235 1.0 0.154747230605
0.515161341663 0.823117062722 0.999970569261 0.325742283047
0.901326562908 0.201715556124 0.999999928071 0.255368999037
0.547967171075 0.680366246298 0.999982934874 0.0384980908061
0.407540813 0.216664157933 0.998770736154 0.332651707688
0.913269732806 0.779320347061 0.850980819697 0.162031711888
0.356508079766 0.64737345672 1.0 0.0562460383994
0.550906716727 0.604145400855 1.0 0.0566195365772
0.396990164343 0.949247911608 0.984389041425 0.0452666266305
0.289120038639 0.507528384035 1.0 0.17813943314
0.890823965963 0.45894020088 0.99489262363 0.236148197537
0.0983342501778 0.497932339879 0.999973815535 0.356690370698
0.827911436538 0.336274046625 0.999760260214 0.139156853809
0.763717576551 0.754074073574 0.999999989222 0.287193907841
0.321568965768 0.28467484718 0.999999592248 0.204621139591
0.518632102395 0.15911659371 0.999999738157 0.15917781853
0.238167008841 0.496179235557 1.0 0.0694623805802
0.71046915114 0.59351647477 1.0 0.376395673064
0.712902624661 0.56893257792 0.975717746566 0.0811054549815
0.356546875732 0.222534561774 0.999982199116 0.117118759615
0.324859855591 0.661196794795 0.999999999966 0.355474598867
0.87379572656 0.799212775455 0.988888265025 0.151366643553
0.220044533976 0.517615705184 0.999999923541 0.296597634947
0.192340064549 0.526209238333 0.999868509605 0.0432963410843
0.401954722854 0.263494158885 0.999999594634 0.158335988461
0.602804374482 0.652410276111 1.0 0.182614079406
0.267949794095 0.531550814967 1.0 0.208176789775
0.274813695033 0.605552586088 1.0 0.2343409449
0.736587485619 0.682738293524 0.998646330252 0.260492260568
0.84662703709 0.250112922787 0.942898706869 0.415505635595
0.671583594104 0.653804442791 1.0 0.0768764581075
0.621627977195 0.112471125953 0.999999999999 0.174349404454
0.552132540879 0.500489218741 1.0 0.327033693425
0.177160883665 0.770503475353 0.999998071753 0.076558419124
0.482395538809 0.17000089924 0.998540526449 0.307600853107
0.527654486412 0.0209068370893 0.969112812695 0.151420774305
0.866403450028 0.888278659816 0.999999061211 0.0974020604143
0.449666306836 0.826775308032 0.913539510331 0.0536153606517
0.261844505128 0.181317817482 0.999999996499 0.258673600855
0.538773423318 0.87462375269 0.99999965281 0.230303554743
0.623395671362 0.283692485615 1.0 0.0857721691443
0.371969753187 0.963786023357 0.964298428527 0.23081455232
0.209258248248 0.162830613302 0.997930867053 0.178216146924
0.0678145469192 0.101401316909 0.99872935867 0.224468475891
0.0791781438073 0.24075791016 0.942359770351 0.199974748752
0.610698556907 0.596383565509 1.0 0.0512923915733
0.275889453408 0.307387252301 0.986580600209 0.244230977241
0.713746103921 0.283698335353 0.999900650285 0.265886824558
0.724703124306 0.946976466204 0.997300387038 0.0283684624563
0.65671072952 0.0230683756628 0.701806584141 0.081243197612
0.330954308633 0.618359014089 0.999999999568 0.131884858446
0.632828650802 0.509965594196 1.0 0.281044420799
0.245724672987 0.45367994555 0.992122284591 0.369799010347
0.565950809466 0.386335965046 1.0 0.390917731747
0.500465356824 0.540886964997 1.0 0.269597145543
0.463123640854 0.327609009252 0.999999999972 0.084978116234
0.611952591134 0.197986582521 0.997723246711 0.149278089524
0.343802684865 0.609918401402 0.999813128299 0.286298980622
0.0408628978344 0.356461447443 0.782447345234 0.0552080268186
0.321103067652 0.635085258422 1.0 0.346541847427
0.538396678103 0.876144322838 1.0 0.0915623269495
0.714071059321 0.675199818132 0.999999999967 0.431591201155
0.773629244071 0.185205899702 0.627438546099 0.0821252496978
0.323729572052 0.348334245279 0.999999979335 0.24621825543
0.342717894289 0.184147628449 0.999999999831 0.30032265617
0.526522016268 0.550591377641 1.0 0.331593988796
0.449429049685 0.749812751153 0.999999999647 0.349233049196
0.273820870628 0.498976409767 1.0 0.31213152596
0.955465569661 0.367713377763 0.904362058543 0.212399860532
0.17514928488 0.672875509232 1.0 0.394295357626
0.904948024926 0.960200951264 0.999567311031 0.173225399367
0.188264416908 0.288548666021 0.995702197071 0.00867292734301
0.356707464164 0.534710644557 1.0 0.361305879262
0.0688709727587 0.701778717294 0.999948809292 0.268698008175
0.142052721319 0.316440669557 1.0 0.209632819578
0.803366804123 0.805593700892 0.998574977252 0.130618527738
0.951204187866 0.840039991486 0.952661766471 0.223881178597
0.637773211499 0.868641971085 0.683786094268 0.0330388225717
0.66028658338 0.72648262902 0.999999894812 0.128877759476
0.0828377282967 0.22352559359 0.999327696026 0.210110400337
0.803527988923 0.388335113203 0.999999651753 0.25359618164
0.664355086767 0.877919733193 0.654181491764 0.0839289292761
0.449404466314 0.71722910902 0.999999999993 0.358652110682
0.432110609858 0.263995897111 1.0 0.266162965547
0.747094018238 0.213184116631 0.999999996255 0.019701892419
0.563208888436 0.744194479514 1.0 0.237182055321
0.535774771191 0.263358121859 0.999916634016 0.063499942217
0.852442540978 0.120018657521 0.711945145178 0.0494347951718
0.68005457936 0.216967453342 0.999999984854 0.0643376884406
0.971873073876 0.556042828743 0.988755100513 0.127180907591
0.601801729973 0.226978387474 1.0 0.018425375116
0.527594078583 0.874394552365 0.999999224588 0.2646767403
0.1386655362 0.193880629947 0.999886580285 0.15000838618
0.627526080397 0.601701369373 1.0 0.472110702846
0.483235935678 0.782570388999 0.999983563562 0.0941281429897
0.977220778006 0.334446533971 0.999955549597 0.094710971347
0.199366347049 0.334488719835 0.999996526571 0.0850510127884
0.225950996119 0.239584738066 1.0 0.133576591551
0.979253784693 0.0425369490348 0.873445509163 0.116752755698
0.530171377787 0.279844110914 1.0 0.36056160604
0.139754226466 0.667521872934 0.992699584095 0.310356658425
0.987774649314 0.145731060863 0.936902589865 0.124976658151
0.821368651784 0.84649155131 0.995586035303 0.131072254732
0.636384562052 0.256955921214 0.999879289783 0.141224434915
0.752286300061 0.445521477336 1.0 0.330345771155
0.120770740091 0.536328402725 0.856959313287 0.173207597283
0.4613835493 0.664121578183 1.0 0.264345737827
0.301090817796 0.036375179187 0.69254573943 0.0455082097193
0.642915018582 0.571039087009 1.0 0.0913212911673
0.35032657069 0.613225310506 0.999999990785 0.232850250002
0.521325247227 0.562276184674 1.0 0.215345476743
0.14691919088 0.730958864851 0.999513294682 0.0416818286618
0.638533055315 0.454095773936 1.0 0.313222864961
0.68493238866 0.233379759553 0.99999988741 0.0447846205229
0.24116393542 0.452271740482 1.0 0.461881847642
0.510876621266 0.556595529108 1.0 0.261770306124
0.703833368255 0.534403180127 1.0 0.189463441653
0.378486519161 0.330665159139 1.0 0.133966646452
0.401386467784 0.338083388726 1.0 0.36777029926
0.107908458002 0.582689259138 0.999999992562 0.265013553245
0.320543714645 0.868390909834 0.998977036586 0.0943252931073
0.240729225953 0.421537639537 0.999999996171 0.335930396674
0.733208571211 0.506898164441 1.0 0.0169897493154
0.22609473026 0.182045639932 0.999765609308 0.337087395614
0.25270988806 0.986330017168 0.999235372192 0.0148610052316
0.718092346272 0.329159148901 1.0 0.240343925766
0.95731082907 0.598007106735 0.745965048332 0.137586820013
0.990156440245 0.44642980565 0.986850329109 0.0103017019428
0.485269755194 0.276755814945 0.999721851775 0.154697914163
0.837699072605 0.427945604905 0.999970826253 0.22797351599
0.377546694489 0.253243160038 1.0 0.288506284126
0.647598497029 0.607675436847 0.999403542853 0.317984113674
0.65824907736 0.277741876924 1.0 0.260789368893
0.0142881735641 0.456056017789 0.986549301805 0.0367316085589
0.732200156616 0.566971901229 1.0 0.310381204827
0.710464068419 0.0924255049949 0.998610544927 0.273121077005
0.751574908603 0.0949617412095 0.99998386691 0.121296470264
0.964039129301 0.619454062862 0.793833393134 0.111088645332
0.682751698021 0.570860630813 1.0 0.124004523351
0.350250473824 0.231225786833 0.902529968942 0.0787104140739
0.949479366725 0.766560168899 0.970024119423 0.207085612879
0.623491893518 0.492746962254 1.0 0.460801969575
0.694601421647 0.672623815268 1.0 0.177300783925
0.960981498468 0.595993713212 0.993478500728 0.0886973089
0.400297638705 0.0918273816712 0.999950933984 0.0185285261839
0.149223416067 0.00816990736856 0.984441548143 0.130723635548
0.517934402882 0.380934287624 1.0 0.285137396098
0.644161973348 0.950610316952 0.998053773311 0.299696491057
0.120335722086 0.76158409174 0.99984754468 0.259903467712
0.941403016666 0.722572111225 0.923404152165 0.210643660156
0.565090018478 0.15834212143 0.99999530675 0.128782499629
0.72115566635 0.254191191641 0.999994285176 0.0364039690314
0.64974339118 0.100077231023 0.999999942004 0.19315909064
0.226518633072 0.36895119867 1.0 0.293896429415
0.769479598746 0.881734289948 0.583510743112 0.182526654604
0.651635765312 0.143599812856 0.999993650746 0.0487758557911
0.0326754931237 0.87543109148 0.967067454611 0.273287593629
0.148985029424 0.428274311069 0.897744168777 0.168684300011
0.44791289047 0.984201546931 0.999260380917 0.198875825784
0.0187904791063 0.567471840121 0.998074258868 0.0454536286556
0.394500923488 0.354718769219 0.9999970472 0.126540253652
0.337328815518 0.748672464467 0.975185643831 0.316272677733
0.111225689328 0.891414514342 0.999973322306 0.0243124306428
0.924981273646 0.770448108513 0.949158677808 0.182975200981
0.959329189506 0.0608072171219 0.999921633785 0.0688302311073
0.979924244333 0.0395368878943 0.98750830565 0.189274853129
0.653473754194 0.376410134509 1.0 0.395059511495
0.760076354825 0.394310097701 0.999979500011 0.0521063271371
0.430529212925 0.567116902412 1.0 0.141317712356
0.709750400426 0.153334815294 0.635432300456 0.157625973288
0.213298932856 0.0345028979823 0.993519586658 0.207527127397
0.0451601983469 0.693028679308 0.999999995202 0.109638667271
0.372118913297 0.312362647973 0.999999998111 0.404651006445
0.738994904395 0.477621915342 0.99999999908 0.0384446000358
0.312748630885 0.679033989796 1.0 0.104880472122
