0.514678618413 0.0311049882141 0.706265644607 0.0672919927506
0.322787770657 0.467032767976 0.975569885349 0.0777301068059
0.604928440326 0.285786943458 0.975699273906 0.246579250389
0.783041395536 0.0131949952764 0.685501709399 0.229925779637
0.585620783797 0.764674872717 0.99063610479 0.195727450961
0.67405486596 0.530637567109 0.897369512294 0.260912231947
0.194562610463 0.0930350617481 0.654968941411 0.226978590732
0.605556318168 0.626819582104 0.953397042948 0.0605162802153
0.401040463692 0.83300295946 0.758735009651 0.0319903755045
0.068236652061 0.470253066565 0.967706028007 0.236075122537
0.504112925997 0.767322749196 0.719980228229 0.160930449025
0.953478763152 0.104183114957 0.737059392558 0.201495281258
0.574694221843 0.444695241332 0.689316875364 0.238687294118
0.844155453932 0.619550642777 0.848668804636 0.0352925828859
0.171144371609 0.498516731148 0.964524214641 0.0174898183178
0.8679113564 0.657183138086 0.988965882709 0.223355110583
0.332983082706 0.875676664522 0.291369567877 0.157962796648
0.627586298628 0.601673685548 0.906858627186 0.188914875449
0.277855689818 0.481592182862 0.541744045723 0.176671227071
0.633923665275 0.972580382709 0.999161774422 0.00651772707483
0.0168287501706 0.305273505481 0.827402150711 0.141249194503
0.534901365266 0.00501787814987 0.988271410982 0.0366952435845
0.0982259638197 0.12209682093 0.924623229382 0.431203953058
0.454932835413 0.38113163579 0.994958518901 0.0095497914837
0.974707843752 0.298132725833 0.956308509644 0.0222621313591
0.0576353143701 0.94607289391 0.902406594831 0.0625640165576
0.295543840675 0.403407850921 0.788121127912 0.0854598866222
0.328528033142 0.227689684066 0.976590257817 0.194884835378
0.736718111314 0.0918395380015 0.919127915156 0.239624159072
0.81784856729 0.468602045843 0.998102768109 0.35428135827
0.62712821003 0.869185530275 0.769026261975 0.201966000304
0.0466591844333 0.0661744184005 0.552352271176 0.288656555615
0.448069828812 0.548269037446 0.96711209354 0.0860610795069
0.395000839223 0.552979907869 0.831323927233 0.0599906454984
0.00218332216358 0.0908043473277 0.978013717318 0.00863923407252
0.405358734221 0.463447727531 0.946658873683 0.335369207418
0.354655464608 0.529898058666 0.880931175749 0.235345264764
0.684802300228 0.256372739319 0.876061172946 0.143251607081
0.435595563408 0.215710395313 0.971925737554 0.322382922881
0.984260966042 0.630195447934 0.95110859702 0.0174515846709
0.433197613019 0.520817068019 0.815432849423 0.289885950622
0.745086512267 0.306909331868 0.977179695035 0.0858669676585
0.458806430105 0.280948437242 0.98617115956 0.0802812405054
0.351232974335 0.234378283612 0.750366546991 0.123922408678
0.540139025561 0.690477934738 0.787033038235 0.0404971604335
0.349652881773 0.169889674717 0.707595160119 0.157456802622
0.263826236089 0.174655992752 0.591841482497 0.118305196845
0.698836552893 0.494074316682 0.720431656148 0.1242341136
0.406971056156 0.0135071511446 0.842504997011 0.14877591712
0.088304851469 0.26144916746 0.858302360407 0.128172881428
0.583406240323 0.418444523713 0.960840315232 0.0475503127174
0.938893329789 0.530976165204 0.581060460051 0.185366717728
0.371092736723 0.303330455686 0.855239065645 0.0632787828879
0.396292695971 0.979477111563 0.833725814671 0.142321434658
0.882993474826 0.652835076014 0.806771636389 0.089502633696
0.276126420565 0.0856582124325 0.724219238085 0.196359479591
0.329012750159 0.573815958804 0.0945916397284 0.168881939789
0.504866978834 0.642681880027 0.986479530709 0.124605734664
0.806002087957 0.851932701477 0.646847753573 0.181629343894
0.616376388852 0.205650644176 0.674917589658 0.351533919239
0.394960659008 0.342617435871 0.993654449899 0.137734862484
0.583903422751 0.446067522631 0.668996982733 0.0991129527107
0.806460011199 0.758210310336 0.894055032436 0.132690260823
0.735240424907 0.914574327993 0.775493538334 0.235854766043
0.303755957704 0.647590273552 0.999459016357 0.102262520473
0.273011634893 0.641848309377 0.997811195278 0.00578909385466
0.193303819832 0.721169516894 0.930506809719 0.0545921930329
0.9162424664 0.644830786282 0.938715195658 0.111131876583
0.224964810072 0.432745020471 0.974477790471 0.016300771001
0.456198408817 0.284244303256 0.998536659834 0.115483995666
0.371468850476 0.634049130078 0.84247278491 0.130741605601
0.205996425258 0.374418387548 0.458156066054 0.255999397389
0.364700130994 0.56691634004 0.970939867894 0.338618448443
0.435742476719 0.896506753388 0.697205733639 0.047990627939
0.788528047065 0.34747450383 0.207179113613 0.167188153209
0.533672181927 0.549049148793 0.829267862325 0.0829273271424
0.202103225367 0.453446234755 0.537576276193 0.31278410728
0.452281888819 0.0492382809218 0.901714603566 0.0365395830474
0.543150897263 0.368008061585 0.158899710484 0.0918256788517
0.279033148879 0.210058697774 0.910053915537 0.0847511644007
0.471245016585 0.444421380362 0.762143691023 0.275589371951
0.145091012152 0.69447261167 0.708919335816 0.0186039183347
0.557018785821 0.305419932456 0.983928388174 0.0673257565747
0.757766064789 0.932886153915 0.805440888314 0.068868352868
0.131267292453 0.164983779021 0.992380045478 0.145735485977
0.948506173366 0.570460533723 0.74008349309 0.121075257134
0.590807512914 0.439722752238 0.653841534583 0.147127276902
0.24962500148 0.960308831677 0.603771280102 0.127926435739
0.531873130255 0.14871649165 0.938854082037 0.249555353231
0.132581190791 0.496111446542 0.848763258855 0.343809305639
0.962634685839 0.0387794944481 0.981781239054 0.00876971070322
0.661586447152 0.0642134113684 0.994259054976 0.0990319988665
0.753973081776 0.299537335623 0.702177500138 0.0569628391545
0.37912981326 0.199871234208 0.143077738058 0.151457850678
0.53681303157 0.432570957071 0.474805353048 0.330118104932
0.872621777811 0.871120471588 0.883030553534 0.106645930079
0.21945872827 0.448568977207 0.5576536819 0.244595311545
0.248706134311 0.163421959853 0.641981098921 0.0917157575901
0.386581064393 0.513917539937 0.999185130802 0.008282934489
0.220698856461 0.18896156393 0.664222127948 0.162790236852
0.681673296034 0.145799803839 0.985807348768 0.0181092712706
0.354940171251 0.134972994484 0.622411051822 0.129983493076
0.262173521899 0.297487523573 0.779111994695 0.158797348979
0.245366965799 0.928395573891 0.904053354652 0.149153402635
0.183115999976 0.104464674354 0.713879569977 0.246885504574
0.0163269414803 0.283034269665 0.608860147232 0.2285648504
0.473845629761 0.0508943870736 0.957497703283 0.176771475154
0.512640209259 0.611358546025 0.727911302149 0.0781440362371
0.560910435211 0.140648174368 0.991089471774 0.0492653342965
0.351965060141 0.666347576863 0.913445539385 0.075997660263
0.168606960407 0.220501215886 0.594181460827 0.108013896964
0.0891526196512 0.58873538246 0.88689861833 0.134014423833
0.555491505942 0.172714107044 0.984117103861 0.0428942782123
0.627306009894 0.699505589377 0.813332214072 0.0342190351191
0.42554559887 0.638452969105 0.531420207834 0.185817022324
0.118743719385 0.128510290999 0.655253978097 0.228227157825
0.702091612605 0.447156596985 0.683918651143 0.265696349851
0.495410064035 0.664692957778 0.797809044662 0.0689456564172
0.00766956985951 0.104131004391 0.974700482793 0.00973245579634
0.313059424574 0.536523297495 0.984892145957 0.0766399076293
0.4070185197 0.65683411082 0.945251277512 0.127421526962
0.566604861817 0.622624686483 0.895695457828 0.301491041191
0.326782268744 0.289175111425 0.619416634613 0.0506253925946
0.49029132724 0.43487923622 0.619918487449 0.114212324596
0.850929695444 0.441253842325 0.947282861895 0.0104333871319
0.0104718730218 0.0810233975671 0.942131066931 0.400440633065
0.311533723721 0.124203271367 0.985760228904 0.123596522402
0.877153337939 0.917167522331 0.638805486353 0.236063765206
0.766839635107 0.851755867244 0.649628262868 0.168186534902
0.81071689787 0.878431149768 0.748831162108 0.131521057239
0.935125465995 0.0839434643958 0.548876533094 0.261209402693
0.265513329334 0.58622669782 0.973535960868 0.175189583083
0.461656799982 0.0870230489414 0.977611647754 0.0391463676111
0.271091826819 0.259118281914 0.925711568496 0.0611220770209
0.558254835288 0.939541085065 0.821470730025 0.0465455674642
0.532174671437 0.656962629308 0.993356257636 0.308412087551
0.0733407366543 0.570061041105 0.570064023733 0.126222397339
0.692494321354 0.674766225283 0.606576563577 0.102882234889
0.53407086747 0.817703758085 0.85067288698 0.11976075985
0.215376616169 0.237781521202 0.952972039689 0.102808706134
0.207403084731 0.510500790214 0.842262480727 0.0196524087012
0.180580005766 0.836614281602 0.521902536566 0.246860068868
0.247118199826 0.0161961572044 0.999872685682 0.152883152166
0.72241932659 0.388453724511 0.462784870199 0.120010309484
0.312997923795 0.254424595266 0.914254765668 0.040497999723
0.835961062602 0.442246915247 0.815323439058 0.126671912925
0.374469620721 0.654521025794 0.888355370516 0.0852334620888
0.239272343195 0.832789292282 0.248773272411 0.202809179382
0.175998312022 0.311640287136 0.689348998116 0.109169468591
0.942543203601 0.00772741377188 0.860607150871 0.0468037795986
0.62903862974 0.576136249244 0.554921565774 0.269466446764
0.492011789213 0.356193110606 0.999824271322 0.00148410729456
0.407633541131 0.397942458094 0.999506968954 0.264256867075
0.463670287295 0.482212518058 0.926017002018 0.0872303939095
0.693141792253 0.472874770647 0.982970430776 0.111905633898
0.881523812677 0.504825612011 0.731851382375 0.136370685192
0.805823688228 0.876973375376 0.999170589238 0.00394170060995
0.424918954336 0.642769348168 0.71271763254 0.0853857336811
0.0840710758866 0.222462226388 0.708252203245 0.167841565418
0.990338315139 0.298266961924 0.902291617862 0.0534447696698
0.830339746683 0.23934671231 0.563336229306 0.10913744743
0.269156639022 0.453354919558 0.998543264101 0.169660545816
0.773821784518 0.101929618945 0.831252156161 0.121500259413
0.294752251601 0.726592329155 0.98179960097 0.30837286436
0.39131795989 0.381588922369 0.814921968066 0.382099466281
0.581773754362 0.953771211675 0.848854094267 0.31291206003
0.777490937556 0.490032008135 0.991794611642 0.224650212457
0.418246340591 0.631032496308 0.56009150214 0.254096042567
0.135579089737 0.842200883773 0.698148660206 0.246811225628
0.42245932098 0.206741579555 0.991403197711 0.0217143068368
0.776774267005 0.857379410355 0.843270616414 0.0370454715431
0.390372831731 0.260647842735 0.853842962993 0.26336720054
0.453128217148 0.824505257604 0.53868325896 0.266978537848
0.302110170362 0.866728781404 0.995628098082 0.0174406221083
0.203500407421 0.885211023903 0.952469496114 0.114228678703
0.356916311688 0.0463687549454 0.980383063483 0.0300201216276
0.450657439027 0.501790473494 0.830577713111 0.0873400483089
0.490454214912 0.485110945884 0.825802655636 0.106252945343
0.676451734371 0.542008315925 0.995174065561 0.102130081436
0.405178411865 0.569627339725 0.771778249775 0.176013187466
0.759216229315 0.509245273518 0.984271963895 0.00463959424012
0.235931812039 0.647276544825 0.846980489579 0.0561836419209
0.711484300805 0.364603178091 0.937791035744 0.119455467426
0.988289123247 0.489676493501 0.786389650902 0.0676011068852
0.586724561315 0.590501402024 0.955745216838 0.102618896565
0.940558768412 0.239449679814 0.855483273621 0.271359412901
0.436009556932 0.618104557569 0.870858338821 0.131778214784
0.360723621724 0.294606232024 0.783437161704 0.27406057821
0.941052285995 0.193862282935 0.978997639282 0.21078126762
0.414773117259 0.347741378159 0.63089125593 0.297218175031
0.362066566403 0.518954937843 0.821313662811 0.233475808172
0.980912270676 0.112257940021 0.713250696852 0.0323302932699
0.430676355508 0.583570286856 0.96629758135 0.0475425052854
0.789474454238 0.151193405219 0.811238868993 0.0318978309323
0.602644863702 0.128369252157 0.976799408543 0.00466957111929
0.576330586408 0.671870840849 0.84588422523 0.159300256418
0.329350014182 0.0379382112785 0.87361756013 0.255720045394
0.626057706568 0.499846322876 0.812502309248 0.183178330086
0.417269933647 0.306875013865 0.832822095436 0.0367804032648
0.106739606323 0.22863022827 0.683741559021 0.042242233464
