0.212225047346 0.702022232674 0.997489528308 0.00209543310858
0.0627311955073 0.392634937339 0.916735447093 0.0344433860183
0.00966710887634 0.57216749555 0.859935947855 0.0947512010646
0.200761428542 0.636249674281 0.985390391474 0.10906966301
0.199351354415 0.695195656112 0.884726276165 0.0335169794193
0.216678237308 0.244094142855 0.421724168541 0.21238771332
0.4789497657 0.665326904011 0.446540741778 0.16624790845
0.554215114043 0.735635827552 0.412866527969 0.182574394601
0.730451387724 0.424012791932 0.683742992468 0.10149697527
0.0367397917107 0.996405572691 0.904475495788 0.0647299953594
0.653744623887 0.539657187379 0.927520149459 0.257044826219
0.761375655783 0.00443428757606 0.990814451763 0.0528735101644
0.226086187012 0.28690784362 0.965044059625 0.0148641893828
0.773125308326 0.637925107783 0.87251705686 0.126125505654
0.401330386161 0.281143892393 0.909445527192 0.0335085888649
0.576425838185 0.453127405773 0.344666086263 0.126818141032
0.789839612149 0.585562828389 0.765101335186 0.0847785659126
0.501639933463 0.0836875616948 0.939055271578 0.0158823294973
0.293264171065 0.322576736187 0.63994534453 0.0943233182203
0.513464674189 0.0163482915158 0.586097895576 0.292764521732
0.653210929621 0.457061902884 0.468140679635 0.146676072455
0.421556042547 0.264550306652 0.824977661895 0.0929104233437
0.696219674417 0.691058471861 0.96618400088 0.0144278935983
0.247094829906 0.196105683812 0.517416708465 0.170131334831
0.439268477247 0.296486491543 0.0190313205041 0.167748204859
0.184654726349 0.509393433836 0.391022433927 0.27757171148
0.70799911553 0.083184488401 0.991544424076 0.00322762552003
0.27958828774 0.260783588028 0.8137638756 0.0854396015223
0.727392346111 0.855219665727 0.92869921746 0.0476214126766
0.928821384473 0.187351622536 0.97203993168 0.0336133879125
0.695299541416 0.441921226805 0.360819964499 0.246180184755
0.914265462177 0.363726731335 0.67682719313 0.0575580204764
0.616730968097 0.556919086762 0.758470782447 0.138167665048
0.571101970804 0.260923132014 0.546256901641 0.158321326608
0.300670089272 0.413879926272 0.35697478045 0.202685904908
0.119576463645 0.641177543849 0.764506288077 0.0245159474168
0.675892331811 0.612254992756 0.654566773642 0.0803755940773
0.387575356658 0.0902205019724 0.526367350378 0.175636584562
0.224993519392 0.649457039292 0.700729072964 0.0968937453363
0.883635098006 0.930885762029 0.862906106038 0.0642562102073
0.26217473472 0.127046257415 0.83346196101 0.0852117090071
0.848654531421 0.246569406418 0.954524403136 0.156404346619
0.336212789997 0.791934630384 0.336215829606 0.125870827314
0.957772948869 0.741976465974 0.814494035506 0.0912691179584
0.448217504268 0.726613908148 0.510379969314 0.122580706866
0.837962211003 0.823994987167 0.679963712708 0.217625613261
0.870201738569 0.167296810675 0.880013596424 0.0907710314593
0.910321171422 0.578684450911 0.881939736886 0.0679171067858
0.0138311610513 0.716845566613 0.925173335744 0.121180672615
0.332428600668 0.373748904998 0.169422725298 0.0989826078719
0.395492128975 0.590961462303 0.454280470578 0.233114346198
0.245929859921 0.417771974227 0.954169374648 0.0391896289982
0.736335910892 0.636609083414 0.907326980868 0.185277968377
0.521384094451 0.322625919774 0.548649033374 0.127288803665
0.306402012431 0.225484097725 0.823775268879 0.103975339722
0.737654248645 0.646799932208 0.4746227096 0.103037542681
0.289513664329 0.915202346239 0.671102978392 0.0913005659415
0.537182778349 0.632917546142 0.564260983768 0.332089694063
0.360800812684 0.214804834429 0.58922086063 0.282772406645
0.548346626537 0.31118140019 0.815159444308 0.0794365748334
0.709653675243 0.367468487973 0.429935731568 0.178833458537
0.957578208709 0.808186919959 0.722787969485 0.143392751118
0.740885796385 0.539976752414 0.39826022397 0.105140243459
0.0782012191986 0.906030565153 0.999347598942 0.000180887905263
0.180340759617 0.262882134414 0.796206140471 0.0630266348622
0.99166893021 0.821871271051 0.823256699893 0.126839280483
0.454866206149 0.0886631155782 0.659975438072 0.060082496957
0.287868896887 0.476877258751 0.973360106172 0.0132662928756
0.941178717517 0.810001939629 0.566260139904 0.21858291022
0.632790094113 0.627181486665 0.992136298708 0.00487585236995
0.0573426940436 0.216604277669 0.857933649598 0.0667706686321
0.910314866215 0.354893114976 0.367326450497 0.125409947289
0.289864639557 0.647481720581 0.526169229612 0.238398780417
0.529827565392 0.126713936398 0.793218385546 0.0401376723082
0.84592536197 0.099488700156 0.92516887435 0.0411626239249
0.733510678067 0.919167133185 0.950017415067 0.023382720707
0.767350113452 0.436711039465 0.634109741556 0.130027773158
0.125389063424 0.568822742306 0.657357500244 0.161321200064
0.866072192026 0.383925179347 0.59259769282 0.260885787198
0.242748558318 0.429334207787 0.828242553681 0.0125597436702
0.079160815271 0.224436486907 0.756055401908 0.218279135371
0.874644636856 0.690088919626 0.520753354129 0.191974625348
0.486944935715 0.338450363622 0.00299379836034 0.146363393118
0.352066205695 0.435278851966 0.877697575738 0.0365708369957
0.145273238327 0.224123247499 0.712937702048 0.182957356144
0.610746290658 0.434431293598 0.997586392636 0.000655173878298
0.255418977653 0.260941698138 0.577950768126 0.19049462583
0.41158019479 0.390519538001 0.706091745026 0.0862567536796
0.823817159824 0.748558018814 0.97856007133 0.0434188348771
0.451448076818 0.570161978439 0.26721164835 0.305628084134
0.342583235638 0.683794672178 0.492333706372 0.0711143325603
0.38758487888 0.463101998324 0.997674484147 0.135225410208
0.521283192913 0.223752483206 0.971385962417 0.0415791287379
0.800970306525 0.0670382232034 0.817569617662 0.0983028412859
0.60600361111 0.727636361385 0.381775453703 0.0682078567319
0.406998221459 0.123286286389 0.998008545862 0.057425152194
0.873079912566 0.106686183465 0.80416132754 0.102899929856
0.867356269564 0.934198505311 0.718053527527 0.197429042633
0.20782507264 0.288179571681 0.931856982638 0.0655699757945
0.0230742168292 0.840313635732 0.772879900038 0.0401304030734
0.398388609226 0.690260335064 0.91395967141 0.0158022905708
0.469575344942 0.481084639691 0.984156562912 0.00151403136124
0.531790780272 0.947725933862 0.581331734876 0.171637647096
0.982715696521 0.3649018744 0.764832957961 0.0566385014498
0.910008188704 0.16823148777 0.623314586263 0.12316327431
0.0202245490167 0.101760963125 0.627874356222 0.0939093048962
0.825547511358 0.117688964846 0.581313048016 0.0896321798577
0.0595494459952 0.0931615525356 0.786407301993 0.100712297156
0.10497037685 0.490533604225 0.515254778728 0.138603125593
0.158147709483 0.540927359196 0.722941110028 0.104060649708
0.927471304033 0.286332152557 0.981701503636 0.122058162428
0.0490297867123 0.274928443754 0.73379827486 0.188217607515
0.674666879964 0.727651258391 0.536667881448 0.211457344032
0.684585027463 0.56429548569 0.543264421995 0.238197973158
0.312993945999 0.265809912206 0.479491046433 0.190940332922
0.560243378356 0.17196506287 0.343871940959 0.171087862688
0.894731323043 0.192605678285 0.658588408928 0.122365906716
0.478572036968 0.78823782006 0.965656831874 0.0168123714287
0.876060683344 0.0511962977001 0.865365720783 0.0658652232358
0.679234937205 0.507878928034 0.620033404969 0.160152127838
0.457344217745 0.503074893424 0.599483190515 0.0983937301521
0.665047306897 0.591883717208 0.465676446422 0.240173035527
0.344744413412 0.803856693433 0.413448879143 0.152541980396
0.658723711076 0.526971495319 0.239134666547 0.0741997870592
0.380555305846 0.462159788302 0.560181432191 0.183220708787
0.118836590336 0.0365658132777 0.547456968983 0.108489974295
0.739165899561 0.449869870711 0.986331303375 0.0131729573795
0.36823521639 0.906359499341 0.628727738799 0.184242610462
0.254812552181 0.806548332359 0.754648704299 0.0762832443013
0.899102949529 0.539185000927 0.97549276377 0.00903481401426
0.540786282837 0.561995538365 0.613849286035 0.218899284854
0.414432444821 0.681195367595 0.917120688117 0.0474196972176
0.352462645984 0.292868127594 0.951527447265 0.0174082183073
0.165529057395 0.581184284331 0.99703181732 0.0843610587153
0.61210886644 0.484207897549 0.746811757632 0.0877135954195
0.64516122844 0.268441062735 0.866344836547 0.180204752584
0.944135636712 0.773736700643 0.47768850189 0.248575138501
0.640218692123 0.998146980183 0.860678451496 0.153197159989
0.327612613578 0.352360348238 1.5705457705e-06 0.166369412662
0.756161591827 0.922099800423 0.58173231651 0.0643397498236
0.0377960039105 0.617701456796 0.609831740613 0.19333379809
0.0516618335101 0.128235491504 0.846307404915 0.151234018715
0.617459184373 0.616912861754 0.504534495097 0.155178204033
0.42910148469 0.380229392484 0.701685718104 0.080929412367
0.832539603677 0.224107832579 0.655691933769 0.0315781422865
0.67031559863 0.31579088702 0.566416037966 0.206000522106
0.589307983559 0.488774968349 0.992138289836 0.0292647199822
0.920182215001 0.700503578795 0.797172575161 0.0867091999567
0.336043343749 0.292391602826 0.592336275915 0.0822806268457
0.245785907908 0.307670266669 0.682364707857 0.0745862742347
0.451807346871 0.342700753655 0.834738249235 0.0309090711211
0.912825297181 0.586457392186 0.869127206972 0.0256706811855
0.645964494395 0.0992132987128 0.911928633113 0.0446576154459
0.564253413288 0.885608075399 0.885373894225 0.0674032989641
0.754141700794 0.280652581818 0.964816724389 0.00643913250788
0.945048368723 0.129363793798 0.549694780606 0.158813723089
0.818440402111 0.786119943959 0.539195771559 0.251079270953
0.566362134927 0.102951664065 0.593030690046 0.107455467952
0.670233293197 0.623274413585 0.151351869302 0.155044005079
0.0170005230996 0.25894158439 0.532893150516 0.105299609063
0.0674678987135 0.581284570178 0.824531187942 0.119648902517
0.0744463964481 0.100489688688 0.826194250744 0.0964347528977
0.4918557433 0.95020299178 0.803455053293 0.0817114978003
0.649838325347 0.398616140373 0.62898879531 0.129228853734
0.593167189436 0.266072155831 0.930712904718 0.00748927102899
0.619086891371 0.625238495332 0.719400338813 0.0933296014002
0.447369529253 0.873188111644 0.948057624006 0.0874387073597
0.581956271179 0.230752056504 0.0129129032714 0.208839797123
0.752499400081 0.493324509962 0.707357056354 0.0348245233359
0.0846605375838 0.361006567062 0.85272370589 0.157528052628
0.296769525959 0.868176975718 0.677199743448 0.122165600366
0.147367012754 0.645487034754 0.815421341626 0.131575115784
0.593887282483 0.195742499167 0.527334341263 0.161110340282
0.264457455498 0.721779007868 0.937523812789 0.0673549770536
0.219994322983 0.387415199234 0.977663485639 0.00569853345837
0.988621084121 0.557725370419 0.691419141852 0.157983781761
0.416465648777 0.444210773673 0.731269338836 0.101882439855
0.702998292815 0.141577915517 0.967597347342 0.0206109581199
0.52677518783 0.507779264006 0.798383607464 0.118988102352
0.693718414939 0.14408740587 0.977898382055 0.0489247266257
0.172959381018 0.744331811915 0.779377391611 0.0912326718281
0.634283026516 0.697286434441 0.773009260796 0.189163216838
0.249783289098 0.715993002895 0.817779882724 0.0173144048376
0.795458144532 0.125746848764 0.921300086526 0.0502827784982
0.987896931063 0.807314890452 0.712752988895 0.1759701334
0.186493629922 0.733361647723 0.702783526255 0.0698024209709
0.702773583967 0.410296335312 0.52326526458 0.285893996729
0.127044181998 0.120703392678 0.943389414252 0.0737519049439
0.711740665845 0.799071786798 0.763973752784 0.0319052086984
0.40732079905 0.750826974824 0.614301796886 0.130465450526
0.660819255601 0.426358661442 0.290907732814 0.144279604726
0.828690980282 0.558531432764 0.592798679167 0.118243874969
0.385660886214 0.406764247278 0.560793829815 0.257402944636
0.341539993736 0.012588053783 0.787851935911 0.107254960937
0.239616399903 0.191432739265 0.985990143835 0.0211117415616
0.894159194971 0.647381550562 0.674126919438 0.0701402658865
0.607446267681 0.317001760546 0.64004410832 0.15042382068
0.98565893089 0.863920901037 0.873498596124 0.0610344383876
0.225623496575 0.161041468747 0.621555166874 0.0463586468303
0.494007271831 0.290465936094 0.526168749092 0.124900956749
