0.528363080906 0.97362969844 0.96097091491 0.0105439091108
0.25173615944 0.369869640923 0.663659359761 0.149898734706
0.152461822746 0.763417029749 0.978776396469 0.00815535946991
0.112594871482 0.446168142674 0.601596096218 0.0992676789696
0.93763005168 0.562632816493 0.926159609014 0.0281158972831
0.0892246730867 0.333420970122 0.767430862746 0.0500430983907
0.266024545132 0.357005857146 0.87585578692 0.0488289555522
0.613267609741 0.128890798433 0.673195731486 0.128442098992
0.289757403445 0.359088933361 0.869215088447 0.174501395605
0.786290625495 0.573247225379 0.522784335838 0.306682985799
0.103688848104 0.920009647527 0.895919054034 0.0599245581615
0.497047989006 0.888744846281 0.659073213257 0.100393890197
0.192569707745 0.844764749545 0.581158985171 0.120428380827
0.344133157799 0.574314837541 0.466232086992 0.215338868632
0.568316318088 0.970997944549 0.739402137414 0.0983769987509
0.73453715799 0.306952584454 0.867266055463 0.0676020385306
0.550761334222 0.702113626856 0.934718624347 0.040316806207
0.244107013601 0.614669526474 0.572271660309 0.0933829013531
0.576897637546 0.41426356652 0.655844328357 0.0722712793748
0.872494919317 0.454069018608 0.72275871063 0.0471377353759
0.541793279404 0.757022838716 0.68841724424 0.0571133878302
0.11115109448 0.861899597731 0.882487244998 0.0485249102047
0.366822647867 0.141385370834 0.61069386514 0.104619429233
0.978894068083 0.654131543848 0.604422497772 0.194347634275
0.809977485754 0.57779985388 0.99412675873 0.00218691164472
0.760934803161 0.0473013386987 0.65911643211 0.22925207116
0.461562206671 0.439263902431 0.675463417474 0.0521596100091
0.709624654646 0.463596895169 0.366475392756 0.197876005907
0.27663748888 0.079000197012 0.479061011204 0.300969631642
0.718331701325 0.199749724929 0.993249781221 0.0106704934401
0.466277089396 0.339431912805 0.675834958932 0.187113955925
0.192506288152 0.435585419204 0.566027660694 0.141181505158
0.256008787896 0.66994383753 0.961676314454 0.164069597639
0.789447260803 0.77895492171 0.607864073528 0.0908982746006
0.282984556526 0.695526342709 0.601500569663 0.0633716504249
0.765831528294 0.475016471214 0.896170096803 0.0805993607609
0.689884023208 0.628111991676 0.495654070444 0.225179809429
0.362709230969 0.770969126883 0.801661326412 0.0316139059141
0.151794267226 0.35749892534 0.926458066282 0.0239031248473
0.168233394302 0.759859010705 0.566563448545 0.105372630973
0.386971953347 0.523648555295 0.23791954411 0.152395442666
0.44537473548 0.350225930123 0.930507077189 0.0100518412125
0.517391990512 0.799554788745 0.481453202154 0.0955834331805
0.386501447624 0.182084937965 0.596810881593 0.0699982424188
0.598243989356 0.538098886922 5.46506706468e-11 0.199494059809
0.546978463347 0.755587280368 0.723875220657 0.14268651774
0.422732822265 0.398162740998 0.60560366279 0.117663173559
0.856639873874 0.0601649999611 0.88311443912 0.0485290226813
0.682665970334 0.911643218761 0.760210965472 0.174969697394
0.521948563099 0.630288371381 0.368781877367 0.190248395399
0.815082539634 0.27187778094 0.989379752992 0.0167835286132
0.454733507592 0.731146404678 0.621718799596 0.191076788595
0.937076114948 0.117015585287 0.818571025724 0.0643238932786
0.31856108538 0.199215704181 0.853880834025 0.0614111334799
0.756299384909 0.674018291126 0.806245409304 0.0652457744618
0.165637704344 0.950992887605 0.628562991421 0.207160441296
0.344805343276 0.228882359995 0.793537672589 0.21491642794
0.671881781238 0.895033123725 0.512292109207 0.302009288499
0.855344233634 0.0498263918953 0.866712013757 0.0535642626462
0.864428345804 0.271632451652 0.407308787158 0.0984302222619
0.909237869489 0.0505028292511 0.579897190882 0.146508650798
0.0795758604456 0.962923797146 0.766403823305 0.0712956076488
0.532739964842 0.766673835466 0.590208412246 0.174612645123
0.600267920174 0.0119026065658 0.676293776108 0.182205056076
0.213780374495 0.649480187894 0.0136023880106 0.174517339831
0.631291372079 0.783160876383 0.188028013827 0.188952511997
0.747748981929 0.0292568687813 0.632090078286 0.220759860341
0.323171287144 0.100899541187 0.565377288998 0.10005474802
0.46008011131 0.494020574151 0.912307344537 0.0164841562857
0.51731811203 0.0859943276298 0.58575241566 0.2012340682
0.959616594175 0.880098392535 0.748186588126 0.158153867267
0.460634923251 0.705578025703 0.632693589176 0.0850929376319
0.442355631337 0.633376909147 0.87723291731 0.0227777789447
0.84317212123 0.230730331662 0.264005309526 0.248612798791
0.462280543162 0.588665666534 0.874700369241 0.0495170631003
0.430917345564 0.5632700825 9.71909449124e-06 0.107714116104
0.114446434787 0.227192007821 0.715079097908 0.0603569954454
0.797548012336 0.711469029771 0.651317022891 0.15661387561
0.515573427861 0.218055595848 0.992152118457 0.15341865442
0.374822263662 0.319928349807 0.942284132531 0.0143253799691
0.604926420721 0.644571448815 0.576041478224 0.0828988885955
0.339019160371 0.487813791695 0.33957809009 0.168134298498
0.989956088925 0.446371644282 0.70316983232 0.204558867792
0.346955242127 0.38174089802 0.536734375088 0.117067717861
0.807217075435 0.159975233373 0.766155044272 0.0968708044955
0.600967623657 0.600122256185 0.762807273223 0.0630234612436
0.764729823772 0.16659979778 0.875394855573 0.145332577655
0.543663673113 0.288766877388 0.938241136309 0.0189451884255
0.847835798839 0.202190126142 0.991874265225 0.129261411855
0.208659338559 0.62680021641 0.97772946085 0.0126374583373
0.74111693884 0.123359646395 0.810593658765 0.00723676863073
0.122050966141 0.144411887924 0.857069314871 0.104554782143
0.555259832955 0.799176104179 0.908701843963 0.0482128290982
0.12007415105 0.956067843501 0.51460738777 0.371470099613
0.738917208863 0.284599620729 0.639972628658 0.155401275425
0.697009199415 0.40388882254 0.565383038877 0.0753429024937
0.294219199697 0.440169652862 0.482947282495 0.20339325451
0.896097569477 0.0315268319698 0.927303396307 0.0342143257834
0.201583133874 0.724636916414 0.984691337678 0.016521670158
0.724679719273 0.912309883807 0.820651954584 0.0596405518937
0.387229253749 0.590969576404 0.971967536629 0.177463043628
0.549628422208 0.768788402034 0.498293096507 0.149321670893
0.266529348031 0.554480919798 0.265052100803 0.162584973966
0.387479025702 0.779537671917 0.477173851098 0.257967767546
0.434366433909 0.807621711536 0.806084482636 0.0693214443077
0.507194460812 0.215492221781 0.462146992535 0.209905167165
0.478372703752 0.441225565433 0.524322447422 0.0304473098437
0.0852363090258 0.0764406104105 0.686997032597 0.240848466814
0.115718277687 0.159055344714 0.533491000923 0.194682676239
0.38441722693 0.345898467393 0.954959965459 0.00912172955357
0.362281664919 0.438244836219 0.933465395857 0.0296590454613
0.848130321119 0.782240335581 0.451067190657 0.189102429548
0.665796183722 0.913415979696 0.553365201617 0.139699709486
0.676494057451 0.467752872105 0.252372746101 0.106379860321
0.0409836306093 0.967618409382 0.573808443254 0.248676096858
0.281363323459 0.266748342554 7.42995430194e-05 0.0931283002958
0.266307309253 0.633153626752 0.900483067319 0.0376108700258
0.29235585313 0.303626061545 0.638400186989 0.155480474796
0.528953601961 0.29069769861 1.46601360225e-05 0.218084287975
0.68596093662 0.42678203359 0.609619583915 0.122452054365
0.748256669767 0.360404975942 0.928745950225 0.031002563344
0.480000404962 0.198027805973 0.895267883858 0.0231486581677
0.805984492705 0.101484575035 0.846258147655 0.0567010709278
0.101700656048 0.730450245404 0.696827462808 0.0589387591221
0.730971668554 0.817833598727 0.500208568892 0.133357419055
0.680813580977 0.484407047632 0.337295040564 0.150546089254
0.702215845245 0.694034943551 0.704691345008 0.0846857816327
0.405896610007 0.392690401282 0.422017040514 0.184596554509
0.672960710032 0.841022739984 0.00658287262872 0.263091849411
0.808506732664 0.0386591660541 0.628761088486 0.295974917566
0.425013067656 0.0995295785582 0.548723796874 0.218612712535
0.249791533017 0.225973959489 0.752784884922 0.0863230099559
0.969536970323 0.201110400985 0.558083576025 0.185655528907
0.977624273357 0.334126310605 0.592053713797 0.218610037635
0.397911855201 0.819074324926 0.940475618413 0.0442441188898
0.570561714996 0.419658702546 0.00670909994905 0.0731330245234
0.483377242943 0.177845014567 0.498381112015 0.164709412044
0.186599991679 0.242665424268 0.988735425445 0.00456320807953
0.499266786341 0.279694235011 0.550540186929 0.109915946831
0.536807897813 0.547275643298 0.494848502418 0.220523688066
0.463732960686 0.582706495446 0.778840749188 0.196651651856
0.0871551381178 0.735319044783 0.706795959378 0.23403780818
0.0963053311716 0.46170542135 0.965508132719 0.0145366421624
0.82160866332 0.33164962265 0.598218120422 0.261202588639
0.651041186648 0.317268605982 0.945001144747 0.047834663007
0.358967239911 0.55973091247 0.467549289577 0.124395060204
0.396422445799 0.228230723661 0.616221171548 0.10556287652
0.0255566242527 0.96741841337 0.913419832633 0.0424741977649
0.01268322633 0.0947270733044 0.947524352371 0.0832042763009
0.375659721677 0.704018371425 0.652258181099 0.174273543879
0.189406157725 0.829923560404 0.774749610837 0.146129197071
0.660085054208 0.245190150735 0.624389569857 0.0820786550884
0.285812444252 0.670392368467 0.554525115116 0.107033398844
0.387439040192 0.882192880948 0.852097376824 0.105453186625
0.796936382685 0.127919972824 0.516719041153 0.234769774593
0.424793730675 0.512166835439 0.84209818212 0.104639033374
0.524470377181 0.775770388874 0.957999514976 0.140322455241
0.83201167104 0.280455588938 0.969133780479 0.0203523879631
0.809465860205 0.461908401101 0.674767186946 0.0276820772532
0.362134255725 0.112422736777 0.720284608651 0.146727530101
0.564766818858 0.516644846549 0.586589699457 0.215984748651
0.38889561441 0.750961569764 0.953145401793 0.248801307305
0.100994542231 0.170462365619 0.992241763568 0.0253679518411
0.52628667468 0.960578143694 0.693385477527 0.196183920826
0.53730945514 0.787854482991 0.648934007576 0.242609175884
0.301848868536 0.338123001838 0.338023253158 0.271510833594
0.658159666553 0.776793049154 0.93884115496 0.0659075589773
0.309571566746 0.831375687889 0.728925894579 0.119457158278
0.542017141211 0.908406737349 0.85719378136 0.157432900836
0.632332495641 0.101942683196 0.799899997248 0.116611520241
0.694002487388 0.200863942517 0.355849281496 0.406153485434
0.872515216013 0.88485150888 0.889838620193 0.0474735279109
0.471426923264 0.00820058833644 0.576754976821 0.126532032301
0.623656380414 0.602424319916 0.692648396146 0.0760668844802
0.413082370142 0.615442424661 0.902560526586 0.110166723363
0.255790487636 0.838535499818 0.587356214069 0.188406553048
0.382441139402 0.31761981587 0.948088620655 0.028600736607
0.336108598284 0.391632772033 0.992457147623 0.0015463387423
0.250905633685 0.606248159934 0.666864428657 0.079462823919
0.352960345085 0.952308193176 0.616395494067 0.237360553712
0.946805115274 0.487966771022 0.967909848866 0.0132699620927
0.523473120394 0.418716066602 0.356052825287 0.126955038668
0.0202960417762 0.491846575871 0.779189522447 0.104834794814
0.477051169635 0.431194110628 0.347646014808 0.15909980606
0.340170477168 0.538789766718 0.027969112963 0.127030277596
0.561634490242 0.660343005325 0.636986018503 0.0118868166066
0.0822183991143 0.0740867260658 0.741786259493 0.0820696185835
0.190865463222 0.178909728599 0.964116806826 0.0240975949907
0.0638206356432 0.380667326534 0.650585384565 0.114584629114
0.627682372988 0.0664694335796 0.746573888144 0.0962154467498
0.780190702275 0.0803199392009 0.812320890313 0.0886633466605
0.800197389474 0.353274001489 0.996462771481 0.0797683730877
0.63366727065 0.602245428125 0.438734572439 0.13228618965
0.0535373324026 0.151604425712 0.781435225257 0.129327132917
0.518124932642 0.557870966283 0.772629063862 0.0969853170385
0.699958398477 0.191290005901 0.701779130972 0.150594226525
0.472383364499 0.915238588699 0.702406396427 0.071512851429
0.148935600661 0.479240559297 0.534232865986 0.164760011518
0.740927841394 0.0869100721054 0.513661199371 0.204796989504
0.37936597408 0.584898227555 0.418934213289 0.099617174277
