0.685226639443 0.456517382999 1.0 0.303998305263
0.916412972318 0.221671130169 1.0 0.172327880603
0.357945287442 0.0930330896224 0.762902785027 0.158858591253
0.960946653031 0.299853173025 0.999491800835 0.0995832616274
0.514237560533 0.49503242019 1.0 0.395161123581
0.320208394249 0.270930008999 0.999999852099 0.366619179389
0.710834713589 0.122897491673 0.99979434021 0.187491751907
0.160255306674 0.748273506747 0.982098862294 0.0862693984238
0.358784345188 0.0816780232547 0.999999363707 0.104294132013
0.707422496958 0.461874142141 1.0 0.315964663091
0.739293923015 0.598620672097 1.0 0.0947914066091
0.646980630804 0.328033566638 1.0 0.441906373566
0.71406328195 0.769621376287 1.0 0.226894728574
0.514235325298 0.374697126492 1.0 0.333530103206
0.381879824186 0.595800934835 1.0 0.123006210835
0.471036406894 0.62357203167 1.0 0.181157992249
0.335188377085 0.330625785108 0.999999999873 0.0615614643673
0.374925104627 0.717664635221 0.999999450034 0.19051575607
0.796657543142 0.77709788529 0.81693302201 0.267426999352
0.607394913889 0.162995006116 0.886630729258 0.170826435105
0.39715050801 0.973235151162 0.998722641593 0.0452635328956
0.0203109368402 0.94708771783 0.999292775767 0.0582563910919
0.639410817327 0.505569858769 0.978237893675 0.00330631989544
0.22493551591 0.568188785499 0.994912212993 0.0430344299069
0.571495217227 0.725020909894 1.0 0.054114565176
0.828147095913 0.658914573619 1.0 0.148648292263
0.691807993679 0.144547628951 1.0 0.226662655514
0.79485546711 0.107900952032 0.835182005338 0.0943210509064
0.060982656123 0.6361349391 1.0 0.25839275839
0.639809735243 0.565667045246 1.0 0.0644206311151
0.1747861633 0.260628037218 0.999944689695 0.00778115844707
0.301640497308 0.153786790339 0.999990442203 0.0938135489189
0.641500439802 0.162509254657 0.999929942457 0.233817662127
0.86267160434 0.0418014174494 0.701868712706 0.0707106947531
0.773131821585 0.659914172441 0.827439220924 0.282669644697
0.184930497672 0.169448267762 0.999996180027 0.300437239081
0.567786443777 0.552024681274 1.0 0.359924681779
0.717811473366 0.369535588308 1.0 0.280902403876
0.765263535694 0.698742059823 0.999005403604 0.0462468557238
0.595030721804 0.636307488558 1.0 0.237695409393
0.681443302063 0.692639466414 1.0 0.0937905882082
0.210743788479 0.387300903129 1.0 0.190972977248
0.690529094192 0.893342770989 0.999991722373 0.235452349384
0.850645999512 0.34664236706 0.999977907526 0.271572178674
0.829116259709 0.795657342569 0.999008393322 0.126211258368
0.497072151475 0.385895901754 1.0 0.0389007849815
0.0178431781305 0.0301755383153 0.826694394804 0.101886971092
0.66587553034 0.921808586638 0.999999999997 0.00448319296056
0.464221618321 0.420104795375 1.0 0.109301515393
0.154827346607 0.635782647733 0.80562048492 0.169888742581
0.521073328877 0.731147849984 1.0 0.292285906573
0.642687660715 0.706026586507 1.0 0.167146329922
0.816735103931 0.396474062432 1.0 0.205702765741
0.0877577411312 0.176784987033 0.99579903426 0.00936688255431
0.296470209071 0.375115328425 0.962469821816 0.0607112275553
0.476064838098 0.754518415881 1.0 0.152417618982
0.481414700297 0.783780877403 0.999999076738 0.116208317799
0.2806144496 0.192212007545 0.996454723804 0.365662527813
0.68829325844 0.439649328074 1.0 0.305463869433
0.516445124233 0.612463899761 1.0 0.109977732095
0.439459539419 0.525094018475 1.0 0.308740926483
0.685700205217 0.0703806389459 0.996477212695 0.311198051059
0.27914012472 0.291017581818 0.999999694221 0.196372724693
0.68229480084 0.852506167506 0.999807932033 0.141662589632
0.805447009696 0.281423047451 0.999977477981 0.0888630165611
0.686669563518 0.475676258128 1.0 0.232245094578
0.0372447762453 0.72220541333 0.885775900439 0.0477778329826
0.540355965305 0.667837441515 1.0 0.105351201976
0.75391039137 0.549633172925 1.0 0.212516345044
0.505473924866 0.19203794881 0.613823568901 0.0472517612987
0.346778644253 0.873818540038 0.992122571882 0.237302699468
0.551122619603 0.637940391909 1.0 0.0730421443692
0.330596743543 0.418199440087 1.0 0.142524828422
0.925995176189 0.110433378262 0.944974466573 0.064513434436
0.254114521345 0.26077827089 0.999999873101 0.0976847110959
0.328024558625 0.899876065461 0.99999888119 0.418364509826
0.356601803781 0.510965560417 1.0 0.372270838999
0.276335270899 0.740503642877 1.0 0.148425303895
0.805901499663 0.680297269943 0.999995134446 0.134727055696
0.251521461988 0.212891604191 0.999999992617 0.306450793639
0.594616103544 0.676880071351 1.0 0.0900733380841
0.704525442982 0.880903118014 1.0 0.202040226303
0.291563153794 0.680074320498 0.98952964893 0.275974263255
0.0210144714084 0.531093439535 0.999999976 0.150692054107
0.688635862094 0.674078779218 1.0 0.134165868742
0.743988475129 0.59263104798 1.0 0.330189267742
0.656372393174 0.795391829506 0.999999613212 0.137823970323
0.231585046514 0.664211916234 1.0 0.232562521422
0.376670569077 0.608653097876 1.0 0.0778468717201
0.563723275442 0.18806798767 0.999494516547 0.113504759894
0.276060239176 0.622713571337 1.0 0.11048125291
0.903881649295 0.0620250206951 0.621839514343 0.145273765835
0.0156617971582 0.144109289384 0.931169697644 0.0246589185583
0.719396233434 0.562764608266 0.999999972505 0.0948924114384
0.647666287149 0.0510143725021 0.647089983138 0.0794019631622
0.587603548223 0.587913718747 1.0 0.382280671028
0.648218246395 0.0134805646639 0.992865534535 0.164072876159
0.736868315055 0.221658361183 0.999992290686 0.223982582294
0.168746062878 0.538696928997 0.99996570754 0.142464544365
0.629393619169 0.492268840551 0.997085463363 0.119020805184
0.333777218303 0.415152683424 1.0 0.156560736934
0.229731570302 0.699812888518 0.999999328572 0.118432185497
0.0558068361329 0.546443341843 0.999472649432 0.0257937692315
0.831463592896 0.842330510004 0.999878596983 0.28037187524
0.559267044469 0.430040086319 1.0 0.0191147864329
0.0531304806857 0.388420478326 0.991329484181 0.113099393913
0.36470832434 0.220659374783 0.999508799162 0.187740917202
0.268435720954 0.672803288898 1.0 0.293840842384
0.049440123965 0.478190641253 0.999192049957 0.129037572022
0.690689541119 0.974588518581 0.855559654836 0.101502589809
0.698983721887 0.430462956266 1.0 0.342970435187
0.0630401276348 0.583846844256 0.995854280781 0.239898787862
0.439853439554 0.25827530541 0.999998593505 0.251141847634
0.0666950637213 0.894161876632 0.852903020189 0.274101560577
0.648834761711 0.412688327102 1.0 0.193175992677
0.271128768616 0.48299740436 1.0 0.0643529890031
0.205600744567 0.224033706864 0.935921880565 0.253895621299
0.533948548922 0.286942447286 0.999967940513 0.171799823087
0.809179852315 0.459700606553 1.0 0.0572741642466
0.206696892915 0.191433497338 0.99997441101 0.0401930373527
0.940909144704 0.536918647312 0.999821415582 0.227405110776
0.804884982589 0.261919581838 0.999814543185 0.32432917829
0.359115981706 0.0320658358157 0.999196488979 0.0404527944415
0.24872144635 0.274548757648 0.94983538021 0.0879075068863
0.341950114616 0.0779386290908 0.963293413612 0.423720764162
0.450261841866 0.794486727839 0.998231202868 0.057692279863
0.930764871855 0.925152451814 0.968759225416 0.349997692153
0.144501380305 0.420518268005 0.999339037341 0.0591609083529
0.466525693376 0.294319243399 1.0 0.0617070457123
0.377103328922 0.461840143621 1.0 0.34154320247
0.973028851865 0.816233441657 0.927076917578 0.0424468406496
0.352118588308 0.404662572547 1.0 0.214822293256
0.201653776723 0.0409732715127 0.580806943242 0.0692251096384
0.0165110442598 0.846697218221 0.994345531542 0.0194691224428
0.658148235653 0.264146386755 1.0 0.0308473647852
0.686129569691 0.585333833259 1.0 0.0424417008876
0.568662847001 0.903135699938 0.748349726723 0.136096776008
0.317708146252 0.816137755583 1.0 0.283003018727
0.811182457067 0.897896304154 0.743715852728 0.220642843476
0.473816854165 0.590953492815 1.0 0.167094486868
0.752617064024 0.601632895717 0.999999985322 0.09742507296
0.420797317485 0.230285469893 0.999999953664 0.159817084787
0.0544543338369 0.470802292378 0.9194924794 0.072891447846
0.375915564827 0.87901230793 0.99995789584 0.243019707205
0.0673258858193 0.348026698984 0.981621310536 0.0577640514919
0.904530821357 0.752851472078 0.984505772929 0.150871293677
0.330813745892 0.63268206646 1.0 0.402670083586
0.826897027645 0.454393085264 0.999999871856 0.0181921515103
0.416734609242 0.200549489199 1.0 0.12211767885
0.698373823161 0.199880511865 1.0 0.219379207894
0.604038805864 0.937744091663 0.998910549133 0.015927808547
0.70936765704 0.684233613931 1.0 0.0274714903597
0.271169980146 0.028850916155 0.999998828583 0.0972388732408
0.100281557175 0.533031973074 0.990538989184 0.111179622148
0.0773607234408 0.676199377021 0.98787219841 0.109699093475
0.917153722129 0.811114345637 0.996730910631 0.14366500727
0.38621737709 0.447684288015 1.0 0.0300214369832
0.178194651607 0.21029320009 0.995704931622 0.144645420641
0.45089017793 0.268407053021 1.0 0.356490213648
0.410659203741 0.410033389355 1.0 0.0236284490166
0.663586070478 0.39708941151 1.0 0.225952299154
0.37029193685 0.636780139056 1.0 0.183607562967
0.0762713059945 0.412148128045 0.869669949932 0.173108118019
0.732998547339 0.412312313885 0.999943785052 0.190282869138
0.424520946218 0.692734124926 1.0 0.147702986739
0.960921455841 0.0424206951909 0.984381417752 0.00931738908531
0.729247519686 0.448570360362 0.999999992612 0.0840331370872
0.866485471871 0.497904095336 0.998354643389 0.0853191656054
0.371642462338 0.746763834787 0.999821592408 0.265325401201
0.426846686084 0.100965343325 0.980482735997 0.0597211760634
0.237288778449 0.959975215404 0.895051565197 0.127943906731
0.102600621055 0.0951860204267 0.969585038462 0.123523126351
0.255326744961 0.164455937729 0.999999997676 0.290725106559
0.279750270223 0.0333226052562 0.99408708816 0.0550540647974
0.301877473596 0.474441421948 1.0 0.282412619831
0.581029389528 0.464521578337 1.0 0.212645593989
0.512093730209 0.604354369353 1.0 0.401552919661
0.67297056744 0.511713621089 0.999976227376 0.335020835011
0.204403374202 0.141449829121 0.999158373949 0.31164514014
0.964743768437 0.313922713841 0.999886555002 0.0641991795263
0.888490975918 0.584554166408 0.984539814023 0.303363490633
0.567819018586 0.995499991772 0.997704929672 0.157975159305
0.258159357133 0.678803039868 1.0 0.367446721581
0.822771447217 0.800417049836 0.994282961038 0.254080862452
0.535954083781 0.0520278567071 0.992638590471 0.119101409996
0.938104083565 0.911721103928 0.946891298508 0.0379673999576
0.160125782972 0.88477971472 0.851615240764 0.230817758518
0.40347017207 0.892107309234 1.0 0.274790571692
0.231812547389 0.489083101637 1.0 0.402004501456
0.4375466313 0.546111284313 1.0 0.232363407435
0.184130073662 0.140346965874 0.999992589124 0.160032403013
0.379386339711 0.0652836839809 0.9995660078 0.19485359516
0.89928019815 0.607567300056 0.878688024851 0.279287241988
0.409240738753 0.0899418523015 0.993865227485 0.184311583855
0.166900891987 0.889769516749 0.999999854642 0.0713481760375
0.0510377192193 0.223020671693 0.980466557655 0.320011653788
0.914516404969 0.513531709477 0.993043551272 0.171937883231
0.810435000926 0.809904788181 0.999999997385 0.236170599306
0.710268681801 0.209974976469 0.94409642013 0.157529851966
0.649933352954 0.45409568554 1.0 0.278715112642
