0.0809259882092 0.71150165158 0.993339665705 0.236054935615
0.0682237405877 0.503654956022 0.931757650755 0.0426915461403
0.778872674986 0.0454563424607 0.883019096766 0.181066153178
0.733734131745 0.0361076755823 0.691131879736 0.0594362992164
0.0292149799215 0.990957849257 0.733875159877 0.0584288978317
0.605934195273 0.474597598317 0.996246271595 0.00616977157425
0.741429997495 0.949958715014 0.849708023678 0.128267850984
0.303132487503 0.686706411427 0.976784278132 0.0695480623425
0.524310741862 0.901763148816 0.709598124826 0.248666004998
0.68698366155 0.550473447572 0.612468997407 0.127380745107
0.235019276477 0.566053526578 0.950034395256 0.0501444394577
0.483234231898 0.538547692264 0.981004230487 0.21917716051
0.301227245404 0.638423191022 0.962488205935 0.277214033882
0.124105132769 0.758457629295 0.961635473876 0.305853855757
0.88411062759 0.966974978668 0.712946445111 0.12079560517
0.518281439561 0.411704687069 0.954119627591 0.055204406996
0.624867181399 0.268080374721 0.559941303551 0.265729904973
0.226124655737 0.682967607931 0.486323873378 0.312428425815
0.17989277145 0.285745696645 0.916710012759 0.203288413911
0.104489486799 0.746201553873 0.806435653629 0.102466578906
0.387522278275 0.32368477177 0.813045472356 0.0502590626705
0.634568837973 0.682150586981 0.68658504153 0.235232879231
0.727562171889 0.355999719276 0.589019936419 0.0694251349648
0.54197811915 0.234556386024 0.544423889625 0.162720418284
0.850285010773 0.166952233572 0.553398734981 0.224003028199
0.403566710662 0.112805384658 0.839879807802 0.0651491729894
0.223011311341 0.940431919379 0.879084232594 0.0743317167707
0.601603091105 0.149850253574 0.722417188226 0.0531766843462
0.755151852167 0.291496739605 0.945684395705 0.135178052926
0.485937438221 0.368354472581 0.797582696156 0.412343047871
0.811115352647 0.52808792017 0.388535374257 0.155230386942
0.849562620014 0.388184055336 0.77490678324 0.0921775415312
0.0405426237893 0.935217237136 0.818214309848 0.0843143454472
0.442120282454 0.429608693052 0.575164901199 0.194702162529
0.762573068131 0.518340185473 0.0358922757725 0.0604225029648
0.536362780942 0.828149442707 0.858226476644 0.321499560415
0.461965989582 0.561591309146 0.899454412469 0.229760201007
0.566535205692 0.669924160247 0.510072603389 0.152117856599
0.0521938268674 0.648612100978 0.937116329986 0.314042996333
0.541882777675 0.802560385331 0.714095637768 0.0948049977847
0.511066070943 0.967521732567 0.86359454643 0.0401216542873
0.137603756917 0.60159898087 0.763378365115 0.274788120894
0.753378640443 0.0633219747973 0.824344529592 0.066762121239
0.129533451655 0.042539666235 0.921852837386 0.0190280249741
0.499555765909 0.964704134942 0.919216433113 0.00617417657047
0.848494779814 0.284970644296 0.622323973048 0.172907403303
0.517480335455 0.560683363032 0.982307410259 0.172501173681
0.379275608656 0.301772998488 0.779001641883 0.0989711102176
0.476463059017 0.233671603687 0.532257706274 0.218417360848
0.295985217154 0.669861465359 0.99340513251 0.00953635361587
0.767955028342 0.703222874885 0.966825198781 0.0223774762707
0.550120678859 0.22448622497 0.182881761147 0.104196867535
0.437834889754 0.458092546157 0.929844406552 0.248398532016
0.293414948797 0.123020546688 0.958832200973 0.0903947903696
0.663309549472 0.329723397399 0.972131820147 0.00443027486813
0.0663860867285 0.309456429898 0.711133130731 0.160454861863
0.325539054418 0.511526930017 0.708406072544 0.130715835018
0.549210186004 0.37815997473 0.528058622621 0.439571302778
0.231991954561 0.86876333887 0.959097052417 0.178392767667
0.948796182441 0.0420851583483 0.752075727625 0.0316530362801
0.70219255095 0.274927684837 0.740579151723 0.137488206186
0.163619361864 0.163955582971 0.964425178822 0.109414456232
0.0522994572877 0.181062763833 0.671204462647 0.163588329816
0.105704352329 0.784428767554 0.988977383128 0.0529389365895
0.858147912067 0.851383178522 0.864146981885 0.264170896656
0.385812818216 0.190474499815 0.885300046565 0.119474103411
0.40164858268 0.894274595241 0.945537023968 0.0388950523598
0.135368842105 0.883390682061 0.990143368862 0.0813455480966
0.532316787258 0.590478941626 0.845757933734 0.213500809991
0.969150876393 0.231842223093 0.991275882259 0.00714197496479
0.27513546478 0.916020881637 0.765039804996 0.200572609681
0.33338763262 0.310736074118 0.732313647387 0.0513644558253
0.325919576915 0.85480131442 0.701983406102 0.0528481481638
0.692535365739 0.885790753662 0.882364803648 0.144719741703
0.112041741805 0.438228688088 0.688967763836 0.11265687974
0.380770036067 0.194006491275 0.743363342542 0.202552402204
0.0801565891809 0.9721809101 0.782338156826 0.138376176279
0.695292108197 0.250043879217 0.945069723975 0.124251953134
0.476963130046 0.392789113031 0.944380129671 0.0730610916731
0.610896795962 0.139209205058 0.903544436342 0.0737384698455
0.433598232124 0.677991961599 0.994402305011 0.186814980889
0.852170505843 0.610682789138 0.99996219528 0.190299209559
0.385552461025 0.183105154964 0.99962894316 5.1336175217e-05
0.982602382903 0.975681033327 0.823104203113 0.132382977977
0.999152900109 0.581243056459 0.97170222209 0.00828749252149
0.461317869683 0.287125315023 0.840349116275 0.310610057496
0.353240960978 0.331585829858 0.988273861624 0.03302416899
0.315376262829 0.386298563842 0.962269173582 0.0467199207001
0.259482053852 0.92491365508 0.638965437987 0.102660039204
0.163769149836 0.990166399587 0.964756236626 0.050228405906
0.648125049623 0.324913843137 0.999396950104 0.27218062582
0.477139129735 0.116322411008 0.582871952153 0.216038650613
0.59859903907 0.639834193061 0.359100157693 0.282229168332
0.199337333388 0.965500871647 0.881298716416 0.182697514595
0.675412459294 0.175240445566 0.880036868624 0.0625280544445
0.255651686075 0.83098251436 0.0391184825398 0.0834711936158
0.320074764395 0.181762338864 0.954457952649 0.0234223372337
0.704321508232 0.633691310399 0.140785741484 0.14125393047
0.693818109603 0.164243306688 0.780799653175 0.0824027963275
0.156019079222 0.0777591861305 0.991205902202 0.239009506035
0.701316943667 0.644337782145 0.999777187296 0.0729931277779
0.4505374 0.387149990686 0.852826148781 0.0640228516374
0.373784906543 0.811009112473 0.957689274224 0.0557835095324
0.515662225454 0.802160998944 0.898598908782 0.158905094601
0.686531662574 0.671837955823 0.993529607781 0.0564413653429
0.619851533204 0.470373013782 0.993054078425 0.113499800423
0.396863233848 0.671233319953 0.971383426502 0.0578780045997
0.833594081059 0.615657975998 0.616824174844 0.222712668411
0.576489894127 0.542137381606 0.216614722665 0.174821536309
0.633094555809 0.578889550535 0.718311569797 0.14297293667
0.376659586222 0.0288740345004 0.87234942494 0.241156627929
0.335602817035 0.613627359878 0.961808745411 0.273324268832
0.08659503073 0.359421585353 0.886803968057 0.16137829745
0.920008192905 0.310524561411 0.878668630389 0.0545292455205
0.431983230361 0.336082951463 0.962024905028 0.132007491562
0.0893771327103 0.242382834809 0.774565320902 0.0594507372371
0.109246507807 0.675159038588 0.967708810423 0.252611610296
0.00937344991138 0.815298476165 0.997924501707 0.00309622745651
0.214622757573 0.679795317346 0.892305739634 0.16102144061
0.808618752262 0.0222153384316 0.71431690062 0.162833287195
0.676526858607 0.708103372339 0.938865560691 0.014453963716
0.359424743466 0.517937295009 0.588696855525 0.182463528537
0.571310889099 0.482679494248 0.953295410854 0.21894789043
0.758014456717 0.121531088745 0.831954339768 0.0084217757911
0.134086625618 0.451728835167 0.640528205908 0.0441781096902
0.73354323304 0.494801445684 0.681573582572 0.226826073572
0.629795351884 0.540195161931 0.998634228579 0.164151166122
0.797376517391 0.499262574636 0.686804227575 0.130696301602
0.466274689518 0.762100420239 0.319861796649 0.266568023522
0.371884528788 0.862413038339 0.590354577742 0.170551184158
0.156325858474 0.212088750271 0.680088221848 0.164506470543
0.0326992160505 0.553159069956 0.965727318832 0.246022578406
0.482817757143 0.298270342296 0.86476103238 0.210420903242
0.923582225138 0.777225816772 0.905798776055 0.224771905352
0.556950273906 0.21376675591 0.987857461568 0.272093073264
0.475748504963 0.490058657769 0.644138597705 0.190179167876
0.280188082611 0.886028738826 0.86380682209 0.212230704917
0.373308476138 0.640786056495 0.964414832301 0.225216254987
0.00837903681239 0.960338598107 0.919129425815 0.111079146008
0.552651827788 0.243521384182 0.831379293249 0.241674631543
0.0524290794833 0.819676063399 0.749217744703 0.205069724707
0.304491705745 0.542325951489 0.982785417025 0.165912066111
0.540217894524 0.574558194454 0.643748034138 0.143460458829
0.469493727329 0.313562139946 0.959144642239 0.0618837078001
0.56248388356 0.717073535201 0.998942767658 0.213433450971
0.870760065857 0.0941146603216 0.81862690595 0.230413435204
0.230690568796 0.143298799708 0.531653436588 0.19234341877
0.152480005037 0.782666406868 0.887631905945 0.0361566032682
0.314878529752 0.233790961713 0.673002503905 0.0679217186489
0.480971618756 0.817948585488 0.654957091997 0.0723731890741
0.875887024459 0.633361868758 0.591132650619 0.183863750877
0.477096407977 0.465272512744 0.889593952067 0.035742049991
0.616232785673 0.885400153374 0.97468001478 0.0135064927837
0.97005529618 0.216173545162 0.714286082881 0.157757191022
0.269454226754 0.61972797191 0.946520279031 0.0136300491276
0.106216892481 0.772020667382 0.873193210415 0.0876255978703
0.286174345927 0.562541043475 0.96882718556 0.0203977175412
0.487316318922 0.968160420287 0.780597658272 0.0517822559142
0.193999464933 0.550163200268 0.543400821633 0.485395357529
0.5188538726 0.0631214445262 0.636292265462 0.118685718147
0.961782263125 0.645845271394 0.999827266959 0.00747043932672
0.489649656697 0.371248549244 0.752056781081 0.192421196559
0.480293064998 0.791693049352 0.89812765316 0.0526530615962
0.429009613737 0.504957020439 0.999433971959 0.171142036808
0.577252817556 0.666260495032 0.622331692463 0.124654337555
0.519437195997 0.489424077703 0.612066792722 0.0829964520824
0.921874740236 0.433720103454 0.940636835672 0.234471889112
0.632640525942 0.423705695788 0.767717383475 0.0883358608945
0.689194206428 0.58081179421 0.990757563394 0.00214747331166
0.748319397721 0.204086667583 0.810442602059 0.127053915513
0.141617690967 0.395826969396 0.773355400028 0.239700870136
0.757286202713 0.647743653986 0.774471018406 0.179960571518
0.51270694671 0.520040151933 0.81863107012 0.139119124873
0.927983334543 0.992307405674 0.770745910188 0.0894158825194
0.723269255045 0.0399137635888 0.944928406439 0.115622881073
0.655835751875 0.496471544099 0.625337933267 0.201877068793
0.441104447089 0.622327808265 0.983078342449 0.252879343414
0.637034978257 0.253522352729 0.265836278974 0.20198835149
0.571678359884 0.289386585949 0.846388900972 0.071967492703
0.250273263914 0.76334243764 0.915884714682 0.221848512373
0.213800462423 0.37559415687 0.465075494213 0.296115678282
0.0160215909326 0.384030013951 0.99478775838 0.0377682537899
0.779094404066 0.553677864165 0.937462107311 0.126965776841
0.603102811146 0.710034114994 0.906614539904 0.112365342541
0.103897415893 0.599269613087 0.760915220831 0.106904469236
0.501011280855 0.695726585953 0.834381227171 0.328077651241
0.667744702633 0.904972163995 0.822177569353 0.260820070658
0.559461112981 0.0139197986763 0.809932415121 0.137090102958
0.0493829053753 0.750437187035 0.875633555798 0.161002403954
0.203541962712 0.415792116087 0.879610519569 0.0660728418104
0.128940376578 0.979683295228 0.909210366958 0.0547358279773
0.594740378421 0.734872699479 0.484258428747 0.304943934867
0.414585902773 0.624238933246 0.820808660398 0.0473656411061
0.0980151123405 0.451739612542 0.953340995112 0.0250185383508
0.144249455031 0.663404435537 0.847738567749 0.123292299003
0.851803734563 0.320465211715 0.890395991896 0.0983461836607
0.541473606465 0.545037740716 0.662092585216 0.396672092741
0.311985109825 0.504320159289 0.999954086629 0.207794694649
0.43389247427 0.228015482983 0.93678495803 0.244347357213
0.26044250545 0.8120501553 0.755306609327 0.0878615851161
