0.750963543998 0.150222791819 0.597004658215 0.131158455612
0.668149543751 0.786995906645 0.705026914943 0.1477926792
0.268342405761 0.0826865405221 0.685304224825 0.240744627343
0.531536120123 0.769617154038 0.992765168005 0.00388265593869
0.368738170855 0.631427340712 0.998939423107 0.0668810234488
0.564665650329 0.274885191851 0.710943041986 0.136840411198
0.815790494763 0.226378528935 0.987150969429 0.0850511044462
0.757854331042 0.200224241617 0.99852581914 0.0628030649319
0.0542122873007 0.645404667462 0.857582188521 0.0182218327213
0.393869935644 0.845598269413 0.936083259928 0.0643171888272
0.174556926639 0.457704788382 0.837792426957 0.137073952944
0.976356238819 0.22995049384 0.747712390693 0.0930932398988
0.46121906821 0.191739002212 0.999085401093 0.228444958977
0.401721061985 0.399822112057 0.67611268291 0.395070142072
0.110468625363 0.488933448539 0.757218185454 0.0806460011804
0.659572724233 0.642186549271 0.990601180614 0.0668612476149
0.906933485276 0.409766331653 0.993113894525 0.155394971823
0.439327190329 0.180112428206 0.96542578893 0.256295228624
0.318607569936 0.340843075114 0.998615113941 0.260900818285
0.570384816569 0.30828609753 0.865389429561 0.189544395908
0.430766211002 0.721673699003 0.998910216284 0.00130958206566
0.205879474748 0.086617920684 0.678255790043 0.118802088793
0.196488501919 0.24985613332 0.992924701259 0.0727908049902
0.278959806643 0.47601523139 0.99892087342 0.36161696702
0.685242586967 0.740360550174 0.992606273284 0.443134860183
0.251756989637 0.655741035799 0.73172752292 0.0246872226786
0.305240308517 0.348991555573 0.767903276642 0.293229157337
0.142530355977 0.873183834229 0.480736488915 0.288685282206
0.644810519705 0.566812160575 0.776474014475 0.0399063366154
0.244872982594 0.335840847906 0.574968514374 0.362555640885
0.406973565628 0.57520748816 0.954531369721 0.194969713293
0.155542593643 0.479483756542 0.950910194361 0.0224107603288
0.896174461738 0.156614915852 0.813202824965 0.099082083847
0.964309905751 0.0172398296844 0.995503305776 0.0394306121106
0.926686075641 0.816912621868 0.62676223825 0.123091746795
0.480896759969 0.487366817488 0.993757916194 0.258113577719
0.119449232669 0.613112387582 0.85041502311 0.0706817042484
0.162536487594 0.869228617454 0.707163154092 0.184559413761
0.141033771874 0.91408005585 0.888908602688 0.146668013505
0.296274015335 0.510219095096 0.9813715326 0.147618823371
0.294718515943 0.00267555831491 0.772709051305 0.0711716940989
0.726974237476 0.732005599369 0.669544217709 0.152526513793
0.529930200169 0.866344957233 0.777774008404 0.148216170557
0.0973973878102 0.552946932153 0.932759462103 0.185834117931
0.4475717231 0.431525720712 0.407370320971 0.311757550652
0.45254666687 0.0276702877166 0.939648806058 0.0640986142016
0.886479820658 0.38510153722 0.877843358855 0.181363687213
0.0988783428242 0.559740297643 0.994982859465 0.022566787839
0.938669693944 0.0337628724979 0.847974335094 0.103140201201
0.515004228404 0.699115167323 0.000602440590259 0.220897069111
0.661861132462 0.732357680716 0.962746144751 0.0847822689991
0.632301015747 0.202107844386 0.965687532888 0.0168887652644
0.183082125746 0.23382708436 0.254037963706 0.171276542441
0.403075530663 0.830758915811 0.983518896045 0.00893682355149
0.507153757179 0.0807272559536 0.78806438959 0.185604233819
0.743009531378 0.0743817136748 0.731876434314 0.140274630881
0.305076882899 0.326106510104 0.751770018732 0.0915792460621
0.573204848233 0.762704407193 0.559754840764 0.0738975249604
0.503172145027 0.60519945175 0.864232577251 0.0450284244443
0.857638090446 0.734788499664 0.794473687419 0.12179818408
0.0581209165071 0.359397940619 0.674251005458 0.130313594513
0.287236209649 0.917588837451 0.89310985199 0.0203626740175
0.275499935228 0.893957418041 0.853793231162 0.0813773833396
0.396423058383 0.936398415228 0.953285402287 0.0156855892291
0.491039262819 0.308297081358 0.961217105831 0.156042757513
0.508837925236 0.645751021184 0.974892458655 0.44981069165
0.521576868115 0.308514534874 0.895516318763 0.298322333097
0.0497495007353 0.0628304965582 0.555583976235 0.430760184516
0.386685281392 0.33749123813 0.763470482794 0.0420731583652
0.564924810331 0.275352184379 0.267777635629 0.270459727437
0.622532165633 0.284000702705 0.998569222872 0.248884419192
0.0332965688333 0.759680355313 0.8804297054 0.0816954925417
0.708873705917 0.183209440087 0.916700178972 0.0249671335281
0.045883205568 0.618688713417 0.99942013875 0.0383693900706
0.366824581147 0.621256060397 0.58251007839 0.201221136071
0.160755521416 0.633479724289 0.999973295769 0.0838208996353
0.602325158917 0.612491412832 0.712735437807 0.0610805654344
0.702562031664 0.871552530246 0.928328165654 0.0444975165288
0.634652134583 0.0982728806536 0.99882611632 0.016109191075
0.761996447582 0.785993344998 0.933767115968 0.0349534211378
0.250999541001 0.851314931639 0.817477067457 0.137653334305
0.02661985519 0.0854458926348 0.909298237342 0.0559659449302
0.433546454441 0.594225789708 0.997814203596 0.111923213233
0.470904926425 0.759886161853 0.917642264534 0.0538504047589
0.775905130674 0.27552869939 0.999413828687 0.247857124334
0.760156374868 0.391172317928 0.987799087551 0.0456439463921
0.42977320155 0.611857501902 0.093204355046 0.25529009619
0.982585888239 0.800652645268 0.999201782939 0.213635228707
0.80743850624 0.707516846539 0.685684996026 0.109553105738
0.227489334077 0.957615732123 0.844784883882 0.222636382919
0.87526945667 0.664677283469 0.778983040014 0.107295333114
0.580232296648 0.273262981056 0.936091321145 0.22863091811
0.174158068615 0.533816811736 0.963493257132 0.197247224028
0.0972629860798 0.473397709989 0.994688756694 0.0340078744298
0.546900006974 0.731449552978 0.867151016953 0.057771041005
0.769192379054 0.763153416802 0.956394779717 0.0376744068753
0.515129561117 0.91011770344 0.995986081178 0.00490982769463
0.791287037042 0.77029110664 0.690259684811 0.219285053633
0.246663227016 0.851227359768 0.98796176086 0.115657871886
0.997939634836 0.754013073831 0.954984278947 0.014062198559
0.460480012424 0.404046494729 0.784871379498 0.224501236878
0.879560734717 0.815710880414 0.63205650787 0.0375259381465
0.806138976208 0.265206355176 0.508451886478 0.170533489541
0.0180094112294 0.840760001722 0.727819305341 0.196051128453
0.710153067984 0.552024812306 0.996324231388 0.02106019277
0.459423220845 0.238142551801 0.859088298321 0.156549412767
0.957794692477 0.370327245596 0.787900755388 0.149495091827
0.279023088924 0.357578084122 0.59268254186 0.0982218553341
0.175901836035 0.428308336602 0.927905165506 0.0547763820835
0.597355914432 0.188452828935 0.954565664906 0.192868329093
0.687301126125 0.888683775051 0.884790187152 0.0493324400173
0.889776979675 0.501176156454 0.556039905593 0.101195430728
0.708045026719 0.193344838265 0.988972196682 0.00284156655679
0.577381378478 0.663598458958 0.998444747164 0.20930288753
0.49354308793 0.465421153367 0.885398215879 0.24038356314
0.930605677509 0.822172591729 0.948268074554 0.0572613961028
0.0765938628998 0.468774799585 0.999714626608 0.0877129108753
0.673300473831 0.400043463522 0.700980779259 0.236588451059
0.680091586648 0.398616881236 0.751501275335 0.232342487853
0.400382248145 0.300354640116 0.987540604367 0.204276941865
0.81575478902 0.09417647696 0.995798811174 0.264134344606
0.982829031136 0.314601537469 0.714701888597 0.0485941375217
0.153907825435 0.25573606752 0.520400565975 0.241843601548
0.724673474167 0.0632491064276 0.985230603457 0.0093145059746
0.121161665036 0.909698325281 0.841116414331 0.137543224692
0.607250242041 0.628333251101 0.536223048153 0.184487383809
0.23655088226 0.670804506638 0.543701722833 0.172406643198
0.504682862846 0.66239465291 0.944603644077 0.117354150475
0.901092739411 0.645942055296 0.947183250176 0.166107797681
0.607644577471 0.19128057386 0.993628504211 0.0611652004719
0.7091238927 0.803538378576 0.951422347425 0.125059753186
0.842208704631 0.370010020903 0.830298159389 0.110581029871
0.611495844505 0.619940064665 0.958527990201 0.231438740744
0.168859680252 0.250500673198 0.78474625465 0.0871974545663
0.634881925552 0.977510203673 0.936042876794 0.0176413968135
0.434096149859 0.411454404096 0.93228223419 0.228018163564
0.166359285266 0.099629987542 0.999838525138 0.0103715023791
0.868986352441 0.713531816528 0.554355287103 0.104719720848
0.593411215484 0.390270317668 0.925098554837 0.152588085016
0.597778924507 0.326111964755 0.554184021864 0.306189404654
0.464064194885 0.162120121108 0.997884884357 0.187386381937
0.393439335111 0.184116324041 0.908921421304 0.0744611308393
0.594045238597 0.124050386884 0.883846089885 0.151494602129
0.703679085617 0.670900895631 0.96594130291 0.137364997242
0.535630170863 0.972188038314 0.803925182248 0.100830465116
0.166337627333 0.548779379616 0.83426110391 0.231725030049
0.976346864039 0.624865523028 0.198560592588 0.291970273965
0.68181006723 0.96599864334 0.765640392465 0.127435153499
0.796898683609 0.609136554232 0.703561152333 0.168314004737
0.0246483928345 0.51805405751 0.836272709865 0.0990772134814
0.0643791679832 0.509527695073 0.806596082733 0.212320973613
0.402762358538 0.500042333634 0.894793066021 0.0980546783515
0.851904157316 0.966349809614 0.818224666473 0.130121816441
0.952008904459 0.573189832532 0.998913013318 0.00754919345701
0.63714916445 0.421510224681 0.666471769783 0.163445827273
0.748438588327 0.500711933027 0.967496519216 0.0908717125077
0.522614651048 0.537718463586 0.886196863784 0.0557836858208
0.825247270649 0.457561305478 0.833824731894 0.172851311077
0.479476469263 0.121909454639 0.946013151057 0.226362027748
0.0906897160451 0.775791151939 0.556599175453 0.271588725994
0.512106785644 0.532167428215 0.578288613625 0.162099760503
0.519351190716 0.74088941304 0.916940708767 0.416484666825
0.0428585310396 0.817299888234 0.577177408093 0.128037707385
0.333340557286 0.0691020301908 0.880748068283 0.0661296803364
0.832062455967 0.875008709249 0.639716215473 0.133774004442
0.943083394413 0.622814959005 0.580947586442 0.101015534794
0.5710831894 0.0253672500766 0.741785021833 0.0820137775668
0.307798883755 0.134943618126 0.725431482709 0.195748005654
0.246460889156 0.173191001327 0.997760487607 0.0514538214941
0.150743285505 0.576302770798 0.822113347224 0.168752967461
0.0759068109865 0.749394606544 0.901506332144 0.0672333047023
0.564794006883 0.215042832522 0.986057125735 0.287094848991
0.920707751532 0.271317341396 0.90811536389 0.0623776287757
0.291794126737 0.459944525889 0.448336935576 0.262898182266
0.699450436712 0.243636486366 0.623508591186 0.237782539081
0.0448347997749 0.893853521791 0.845542174825 0.122293615729
0.444629444174 0.965484371744 0.882210472512 0.179276316029
0.932292421483 0.294056776549 0.556138918362 0.0879038920155
0.376203453108 0.488711704651 0.943079747408 0.0817905867637
0.686016791531 0.486807409107 0.74239063667 0.0980032735396
0.192916152488 0.322468568055 0.894829895172 0.0424576010614
0.277587437981 0.400995869341 0.793093224287 0.0784093258565
0.693230407916 0.215686795592 0.98951937529 0.17581226089
0.756806210088 0.450715447135 0.742230720833 0.147739034302
0.29644916527 0.548250030328 0.953516579149 0.126024339858
0.29251625764 0.66961295471 0.502685991861 0.279432461061
0.34453922618 0.67331417612 0.585372703105 0.104636922528
0.835153363925 0.695765120841 0.920171604407 0.163341389804
0.214485154918 0.393449440438 0.983481514202 0.10863777465
0.35498686435 0.0486512279061 0.823605095432 0.0456072401936
0.40873467529 0.0420521038015 0.773948936708 0.209571903717
0.494590586691 0.675171407182 0.995034180393 0.00257008360648
0.160665804167 0.653536474028 0.999213806126 0.136029591885
0.593296395804 0.41177420528 0.584655802979 0.331152055163
0.530260006516 0.409337253995 0.972730020004 0.303318891235
0.426470807778 0.907502598681 0.796487456378 0.259895833996
0.652451387428 0.28013967473 0.986492186088 0.0724373367781
0.10430798958 0.606790539883 0.923110485667 0.187791548959
0.356344743648 0.54414312449 0.989764015639 0.0210971114218
0.468128203398 0.167794163116 0.846344571944 0.160642951855
