0.764090546825 0.600213168574 0.819543580508 0.126295271554
0.838255249679 0.504930050706 0.700064020967 0.0688468233439
0.428106403328 0.646706508758 0.86138947609 0.295331987929
0.632951830496 0.325090491945 0.998351158489 0.243702076848
0.279922256761 0.062893266163 0.998170916129 0.111493108983
0.732218285096 0.464187456447 0.73509357911 0.313322444352
0.683813161139 0.0728417300005 0.928708743996 0.0353176191667
0.235608966094 0.744722108813 0.805401302948 0.14840165668
0.392471825167 0.810823575169 0.940345610263 0.222832843087
0.15182778458 0.143106589297 0.951569240581 0.133944690945
0.872369280655 0.260235860368 0.959052611207 0.0100109632272
0.736349495189 0.607976345587 0.916217364962 0.311948904905
0.451461490188 0.785052545452 0.906966556284 0.0487855647056
0.796657104525 0.441495879976 0.689646174409 0.098353172878
0.833590751231 0.523085402033 0.994735606151 0.0521387273975
0.366072727446 0.368408708457 0.999663721689 0.150919419244
0.526998591052 0.461201905096 0.818388764997 0.192346490119
0.427974778148 0.669214770685 0.59079026171 0.390186405705
0.475878206573 0.297026238782 0.983507410576 0.234539306663
0.284701972287 0.869514295479 0.547327478369 0.184074684387
0.454788814896 0.671911249828 0.999999222511 0.249785622477
0.678198023568 0.851781737788 0.923666284852 0.0187052090376
0.727856445072 0.402773476739 0.708940091184 0.288889508623
0.482279531144 0.450577299125 0.863777752762 0.192151353679
0.22003086973 0.38464989726 0.999920250068 0.0451425988628
0.674112502193 0.161921200663 0.909140776187 0.321419039333
0.417417164588 0.438773878685 0.990023342947 0.26475551713
0.22882860504 0.407318234451 0.672348735688 0.0961749369771
0.949825349007 0.992647763291 0.646065669202 0.243938269713
0.272186657398 0.0938367671334 0.830610848238 0.119428194256
0.245007019487 0.461485570855 0.132918866862 0.202203795357
0.327874410817 0.178506444275 0.840532411201 0.244368475864
0.0862499946255 0.46369367312 0.810143874554 0.151358194947
0.49892368569 0.675085619316 0.551636887448 0.0810834164456
0.443417367908 0.285442619279 0.982805044311 0.142009871728
0.215085198026 0.0981439411556 0.770229285167 0.287034825082
0.606493664887 0.507715060687 0.559799013412 0.269922585378
0.501528041237 0.641361314338 0.992093900802 0.00716551831458
0.876500469677 0.754862423853 0.988279725853 0.0480392841752
0.61043357384 0.679176126288 0.216434942792 0.153617662583
0.528729278485 0.808136149216 0.615046664724 0.0324143311014
0.352488843741 0.394450052735 0.986416657444 0.129109031842
0.106587324522 0.322499088668 0.802473939586 0.107186112813
0.388596676094 0.750571097221 0.61302883809 0.349680222789
0.527671278144 0.032011448885 0.894669449024 0.018624005554
0.122242514635 0.725442332766 0.518071991452 0.130891881879
0.99442674235 0.954351050218 0.937989757721 0.00543260400511
0.932379968671 0.331962864341 0.695763479804 0.18688430351
0.496346384535 0.217930397209 0.990495673578 0.0805863043314
0.642844259196 0.555434122 0.846893312372 0.267194100435
0.601287220066 0.592318329373 0.999290314641 0.0799481308395
0.785088698405 0.925073671566 0.784787277635 0.118840781519
0.167017204119 0.681201431562 0.54431897741 0.145057344561
0.695498788298 0.297042814938 0.985846176279 0.289963090111
0.0447762030325 0.98131658465 0.991991972269 0.0291560962139
0.426155149894 0.861256778699 0.99905755596 0.0990507126462
0.101641987622 0.154706280722 0.871369575685 0.0223967547541
0.471885735584 0.0108118552561 0.997561304537 0.0294245220454
0.686963271563 0.493745802739 0.931084821576 0.197026149883
0.7904886493 0.546128359101 0.639332565657 0.292001525693
0.75806464763 0.129919740215 0.863925167313 0.201025303265
0.233211287661 0.775593616904 0.0065782008467 0.107647681099
0.548356912619 0.530328706547 0.993948657822 0.00150624718268
0.916357787779 0.712685400738 0.995577952753 0.126871835196
0.231951041741 0.793583092146 0.667347831335 0.231993779669
0.328955108923 0.481995485628 0.997024216416 0.00658226761073
0.433566003279 0.134120724423 0.852456730003 0.215048308872
0.213869085042 0.255645117473 0.964275726719 0.0776406970242
0.623602987374 0.801506654463 0.998813692391 0.0652681707638
0.525290361867 0.732493748674 0.999751171009 0.0470514359655
0.632256881074 0.44373486866 0.980583677474 0.124335443092
0.820383184071 0.895621476176 0.414673710643 0.137936350204
0.504073219772 0.499221342253 0.999959276871 0.00951841786842
0.61775963877 0.615395006815 0.22865801427 0.193983061306
0.451073975763 0.531557963237 0.631562098881 0.368135756119
0.795916578795 0.729512380878 0.572247148371 0.131232593882
0.355360268059 0.832392573498 0.790376129694 0.245254475063
0.409300913863 0.335846727628 0.991078400171 0.0912046507618
0.149993528279 0.122273710245 0.999423036608 0.162264463568
0.569731235193 0.1671230496 0.716473735018 0.348203721137
0.175645319516 0.740908691048 0.900477366237 0.0184363502866
0.495986806095 0.668846582761 0.624285149893 0.109025620021
0.380330989182 0.0706207425669 0.620229465321 0.0969397734463
0.572825474799 0.592618207025 0.991316035306 0.0457109269682
0.358065426927 0.581899561669 0.878580294045 0.103361795348
0.423326804889 0.249629425642 0.946557911749 0.175443559879
0.222665038832 0.47886090023 0.736891163673 0.212837622045
0.243604137458 0.808149221322 0.997311587471 0.00204696782538
0.873945318671 0.468059438409 0.993995634979 0.385245560842
0.414889996119 0.473843084539 0.995215068873 0.196915215873
0.439648920147 0.280255777072 0.999108776438 0.35620014479
0.69335949791 0.204502309403 0.994648526743 0.205867782808
0.145741647545 0.085701308682 0.60682484884 0.283754302826
0.81290675719 0.330655532221 0.926004370041 0.221301245852
0.326132365025 0.123485687413 0.902700161294 0.097403442873
0.691695407075 0.869844893039 0.703387872674 0.10709782684
0.500300683297 0.896570709157 0.994375064923 0.0633131012789
0.611505948626 0.0752045184459 0.567190229306 0.179257572458
0.457822357961 0.357801001002 0.989216388921 0.161352080291
0.310052606125 0.523106991036 0.904891719501 0.124048103003
0.17162065303 0.711249612729 0.811110156284 0.248218428792
0.212899702191 0.0325183921326 0.815572367496 0.0349737736778
0.456782162669 0.822125534007 0.454923671634 0.22133381014
0.150497912363 0.148654361208 0.988146916017 0.19512104549
0.443851153367 0.373781007779 0.960237874599 0.0265449032171
0.403357598135 0.548378195659 0.922794710285 0.0901679085105
0.43898608804 0.46755047593 0.918637759219 0.0478581327134
0.223985288483 0.23579148095 0.955914104344 0.178570417157
0.745716270145 0.464592027278 0.607512338971 0.141162872254
0.643243019729 0.524890001837 0.58395439667 0.192957674877
0.577814777626 0.777936785277 0.721996711123 0.330296512559
0.148450122935 0.00921344618954 0.928508311688 0.0614597806904
0.689834936364 0.244879074247 0.744242410814 0.203641900023
0.748864612512 0.287703801579 0.91694821563 0.114472699129
0.00352264654961 0.324158002272 0.96089309954 0.00612874493159
0.334984638962 0.367369026148 0.622762823745 0.226696186249
0.587423200765 0.228492589145 0.868191360666 0.0640021178654
0.592144741934 0.443787691895 0.655276624285 0.233652832578
0.663046397209 0.372734660435 0.833376763833 0.054187006386
0.869735471442 0.920132333638 0.982614061056 0.156861446586
0.656157128992 0.835528536704 0.943025909167 0.0930839613533
0.861055413091 0.973182698844 0.833715547599 0.133595351618
0.802571585863 0.815611847785 0.998318098669 0.00937103002145
0.705456104125 0.770401222693 0.806766697352 0.080990119869
0.61795787272 0.849838136724 0.746810679049 0.103833671409
0.215607226875 0.720747064711 0.875649776457 0.145501308526
0.0791027153333 0.389752251448 0.931694165242 0.183592190014
0.298629178525 0.752225865004 0.584047690786 0.0471613046303
0.499232375708 0.541411554738 0.611856661311 0.275050586457
0.31778265298 0.471080641773 0.915247400679 0.0420592890621
0.175264592688 0.723903526452 0.653138290326 0.0951111761627
0.210061066163 0.565137055098 0.431956356918 0.21408235034
0.398257442866 0.28799295905 0.682495476619 0.123805580348
0.219734037121 0.913826787518 0.607008389169 0.268303619954
0.181557854386 0.611138600833 0.791292020733 0.131754233337
0.0790966389017 0.683814808805 0.666665102472 0.195825250355
0.829607127605 0.431444615897 0.741795130262 0.0631509663622
0.195886035625 0.196035330897 0.862944715351 0.408823979582
0.960721282377 0.882736560658 0.937902354005 0.0717186583691
0.56716586227 0.270184748265 0.969809609385 0.144853931419
0.578563228371 0.0378398113781 0.981112408613 0.0450094168638
0.849031775364 0.971808894217 0.999801270303 0.000121796011812
0.0065046420449 0.507209561719 0.996236519984 0.0418793306335
0.593974235064 0.608158405748 0.296907130366 0.195314621364
0.8467354987 0.263892907705 0.891723693447 0.0656831027239
0.871307427339 0.434513600217 0.771288249155 0.153784823092
0.572701946789 0.687728235881 0.997188826847 0.204414066259
0.587887486018 0.333655055071 0.997462472719 0.0235692294109
0.51891779295 0.100248948604 0.665327322816 0.285873623436
0.515244670287 0.906621940614 0.675153395719 0.0689852446649
0.496973631447 0.709781199898 0.495605999161 0.248414687626
0.242682561695 0.957256752989 0.930342107114 0.0501032730306
0.42331535164 0.921877137612 0.525119638881 0.0753439857255
0.918525360112 0.893416708389 0.743316390578 0.206802879219
0.427237106122 0.460094162172 0.753735934286 0.19027149266
0.852244710546 0.266709654992 0.506550442579 0.114670956047
0.918379712168 0.369652588662 0.737691250106 0.115010293798
0.611374218293 0.674231821047 0.535380932587 0.258178870516
0.0488331831499 0.61796976533 0.987258842255 0.232277604811
0.205625888649 0.537086289648 0.985894835562 0.389987067345
0.814409118253 0.36437524651 0.999438704206 0.353304930888
0.131323736185 0.608447487966 0.953624336789 0.204088632857
0.633928858048 0.433823182948 0.92832646145 0.14153708481
0.997057158675 0.241285643499 0.764313116833 0.104025978439
0.381092107027 0.291846206314 0.756835091553 0.0234323689681
0.492795247613 0.395526612013 0.891220305028 0.167016184399
0.828597225673 0.213593559667 0.42698208649 0.281309020697
0.34864765428 0.815059142205 0.865434987791 0.0541548513857
0.507890092103 0.684413265847 0.804871269836 0.037052187651
0.553246942234 0.457773449282 0.337092925183 0.239462392468
0.240267863995 0.979965603108 0.908863851284 0.126477399989
0.544010776947 0.596946359283 0.947232821329 0.204717537737
0.391790512014 0.587775273092 0.885371628566 0.231742936692
0.450466086277 0.575562826035 0.978495934294 0.178777881207
0.455697917751 0.658332142969 0.997009751586 0.0195718856936
0.520355911096 0.423571072692 0.764916215095 0.0816273945041
0.58758074567 0.407647349418 0.961135207334 0.0523029597606
0.88026732634 0.518857223729 0.994912200061 0.191275939261
0.551472168889 0.122218125331 0.999704814226 0.0824477373994
0.273508589888 0.923726036352 0.727895400811 0.137767563162
0.223381896894 0.401873330642 0.475913878595 0.146122324556
0.642009283298 0.388665437047 0.645392435997 0.238117637625
0.20961263782 0.871928238025 0.961877994513 0.00889567382925
0.175518305378 0.365463823366 0.819295364555 0.168458779162
0.599641075309 0.552117365811 0.824500278034 0.176336545396
0.962828145726 0.881172042994 0.535934743359 0.200109521859
0.986050315491 0.483111269544 0.989135616912 0.102845798165
0.316959549744 0.477268888537 0.826103350437 0.0865196283531
0.180514748346 0.171402826973 0.47167832635 0.101873006589
0.502928910194 0.234704260861 0.855380750314 0.327642213972
0.260429731922 0.775877553791 0.61762229762 0.110553904596
0.476589270042 0.0922201928092 0.99066586225 0.0717677834244
0.0873265083929 0.417564732977 0.892516802407 0.0294242852081
0.680987258383 0.694944507112 0.934591034648 0.139956376302
0.72999905513 0.0168771379527 0.996306888711 0.0345268354357
0.328676262319 0.0125543791752 0.724992271293 0.126267796065
0.0548167992387 0.388082745721 0.958043355918 0.135322264671
0.654884018454 0.282367282726 0.137827684482 0.205998112128
0.489424520726 0.442925741011 0.973350802835 0.150071983264
0.282525410735 0.69570862039 0.805764527523 0.287365621406
