0.769397541476 0.21833528487 0.624715486074 0.119839009944
0.338169745531 0.651146657057 0.984800121345 0.0130700470443
0.631004563371 0.754677021606 0.840222247533 0.118439398295
0.622485900901 0.749513852314 0.852420291731 0.0623253731672
0.0340091325734 0.30773195622 0.891294706937 0.0449491057224
0.330458482612 0.791656569794 0.539644665227 0.232609358987
0.198099029509 0.848589443342 0.864454819984 0.00794046117688
0.748246047317 0.243517303098 0.981463393517 0.101857766594
0.58593513134 0.536092486661 0.985260709985 0.0664308386237
0.196575260895 0.79086015626 0.984804690538 0.280348640148
0.834949320557 0.813863376048 0.615406119638 0.153613288538
0.386418941161 0.519969214828 0.956783386197 0.121723488393
0.326201954013 0.287250999213 0.889737216529 0.0490275457014
0.600310794372 0.290829135057 0.992535851519 0.199124738899
0.791901039119 0.49826946476 0.279795284158 0.2443535007
0.0879735196241 0.594854424814 0.972337440159 0.028603357459
0.548395211563 0.805695452638 0.767735131032 0.0708833666688
0.411512629465 0.499970829008 0.464345466493 0.168102034909
0.878219363513 0.664526304732 0.890771846284 0.0748150773657
0.368734931896 0.83635062308 0.885075526666 0.0168805299815
0.997217190555 0.99576911086 0.897764478066 0.0436435721471
0.0786985612697 0.622915236915 0.642948582751 0.274712235447
0.11177125876 0.0190598229793 0.979615841662 0.0462869512086
0.470050417614 0.454456578928 0.789354712807 0.280565727138
0.182872237829 0.804720810414 0.858567836348 0.118451002147
0.692217469218 0.202568083667 0.825675502196 0.149315010354
0.475174126347 0.400160503696 0.906276033342 0.0274518675617
0.696417711203 0.523600782024 0.972445964145 0.260966372663
0.514971850532 0.870705860145 0.973930565401 0.0892702303364
0.106270739131 0.813529768952 0.91326899706 0.176298018646
0.747163203886 0.925997246898 0.797460515764 0.0419965101391
0.180592896895 0.235984542491 0.889123087956 0.291989371656
0.613963380847 0.587287563645 0.999726225729 0.000456927659058
0.490074638103 0.0736437688559 0.939780548301 0.0476310339509
0.355775119479 0.481151775674 0.973711386841 0.34772146102
0.583406495537 0.813935172933 0.499184851093 0.187145068543
0.244995740836 0.637415422858 0.619958810924 0.176211881563
0.542734465269 0.921992532303 0.720363461571 0.142348441708
0.624317238849 0.657905383675 0.680066231597 0.149398228594
0.878054732176 0.366467957528 0.594056414136 0.0872972172229
0.356255681946 0.343458089172 0.484691464587 0.270463532341
0.984369092072 0.995155138132 0.56747887927 0.0658973925456
0.243297078197 0.0812951266724 0.984945620016 0.0871538908298
0.838859276585 0.646193545369 0.948101923908 0.116442275287
0.415459191332 0.256700947227 0.629784140864 0.0799405165138
0.880948619488 0.23210610501 0.576123628562 0.162449293126
0.0396323611554 0.517220472428 0.628733503679 0.0556819598185
0.257805660366 0.660485231475 0.999866094448 0.0209815215881
0.347248861376 0.582487359429 0.949260531284 0.0743220965082
0.406341975396 0.157227254619 0.880301892577 0.202612501672
0.887099003296 0.569342136644 0.999673517108 0.0576295773885
0.181792693435 0.575679037343 0.779640272803 0.171704539922
0.329779310306 0.631858939326 0.519833668986 0.252247503246
0.193144642767 0.798343834949 0.749694688221 0.0809794343337
0.655586045806 0.548184764263 0.534775484579 0.174395799155
0.0792427263238 0.559674130173 0.599615305457 0.0978258506572
0.00901439606287 0.194402824954 0.93233997594 0.0365585208096
0.541155228273 0.354341611683 0.988110124565 0.0667347611434
0.186368998483 0.546502903741 0.797268054086 0.15322918491
0.178738038885 0.444430508755 0.949518988862 0.0168668925157
0.121441224077 0.543678568449 0.66717447604 0.120868693973
0.613743314118 0.578004278193 0.774485670384 0.426298985308
0.863225574215 0.259945171748 0.714027910435 0.162602805954
0.690633690484 0.595030813449 0.96581903789 0.1469090443
0.537338796563 0.784751741913 0.997105639574 0.0779361426897
0.225018762773 0.555294162654 0.519963829897 0.0434434310713
0.433699336938 0.588377787428 0.892470129177 0.110967943005
0.182657126833 0.2195524709 0.999992034904 0.150170144095
0.256747126538 0.535689953873 0.904657059412 0.0634266029646
0.216499297091 0.134893295481 0.810474150939 0.229050232681
0.0504545978244 0.74864253128 0.694228302724 0.106032812186
0.860592780842 0.819724358734 0.749145949584 0.0837685641838
0.215527338698 0.474607745703 0.908881498582 0.0302098047719
0.278435923452 0.637323776922 0.841070332422 0.0126277918098
0.546783745785 0.425540217278 0.998997414998 0.221414665674
0.788597455517 0.672302541305 0.993487009067 0.125706031259
0.0327724420222 0.545598470682 0.829598178937 0.241558226711
0.871066814059 0.126926058446 0.971108519286 0.0738230886925
0.442873774034 0.896521369676 0.677464062954 0.263284591687
0.446825270203 0.415934019624 0.815577948361 0.184714583026
0.201336116641 0.689300481967 0.662349893253 0.263094708783
0.593792773651 0.696915015417 0.578339282212 0.292776491288
0.398350421713 0.755263738761 0.907592905785 0.147169784813
0.294677658985 0.173275863095 0.999725927426 0.0344879635068
0.187486765601 0.224162553126 0.972413084054 0.181481542742
0.147133437679 0.778215108031 0.838981848192 0.109928906526
0.721003304413 0.305609672762 0.952892721122 0.0838775665175
0.723970835923 0.60882528249 0.630170208925 0.183044120413
0.704074689133 0.375821853785 0.999069127165 0.0295975382141
0.792482385855 0.490254843058 0.496457740333 0.074521047768
0.16990523371 0.683299787554 0.976692396415 0.0148447052799
0.672548681701 0.507955189443 0.523323172128 0.231345535535
0.621215111355 0.927803683445 0.540290094812 0.101668899646
0.753204939695 0.723413983749 0.990352136388 0.0162238031549
0.0120647875055 0.609064199628 0.760570123922 0.0608589663205
0.966816372847 0.848298915144 0.539820358744 0.283938353925
0.468822184971 0.484128098202 0.99966668735 0.197250134484
0.674250640582 0.629311946761 0.945694902961 0.355740420904
0.730994631683 0.631350157529 0.996731855162 0.137468458594
0.484012106577 0.867285554751 0.987044223608 0.0217828154412
0.660109756247 0.346472831064 0.60017840582 0.150564739195
0.427234136579 0.472247922745 0.94512885581 0.390762685755
0.436602503224 0.318170884132 0.779552532436 0.0761391425043
0.679805183676 0.517167510925 0.893532446435 0.167572892579
0.850517105085 0.0828532899379 0.961991320412 0.0972882440628
0.297867512522 0.772740106096 0.780774503753 0.178222173133
0.159446605752 0.909151629894 0.618673818093 0.192509074746
0.957268479477 0.575371894211 0.740378522105 0.131081780374
0.855110017157 0.798535140617 0.999977769016 0.27110380176
0.862041712195 0.83736530554 0.985265813607 0.220605291725
0.045891295741 0.5954141719 0.932893138971 0.0607834601644
0.0651345198678 0.577571200486 0.741496832375 0.131496896166
0.54529989016 0.204933181275 0.508239690404 0.0966184997383
0.184755179322 0.201955920487 0.785114770568 0.312269770018
0.395135874748 0.514640695286 0.997697052747 0.113632418443
0.891313035138 0.200995421429 0.98576987092 0.12811217856
0.851776570377 0.542988319727 0.731268227103 0.142863784372
0.108157635818 0.43032014019 0.560260265889 0.251179689594
0.454126173378 0.389233294654 0.543406456092 0.192734579371
0.965478817159 0.82247662311 0.990291380251 0.0120648798191
0.217459090477 0.64563254555 0.569404995286 0.234940649525
0.23002523199 0.349620010922 0.285862156678 0.127949565329
0.714709988785 0.788732039094 0.875146184113 0.199508949505
0.684554674216 0.578209611636 0.96971796427 0.0384398646994
0.229027172301 0.347961647124 0.94129753406 0.0927125631264
0.879742503772 0.653253987162 0.355382308516 0.210986313444
0.573688922199 0.529537833375 0.694231997009 0.232605015262
0.55527739172 0.833417401349 0.639494588502 0.252939430335
0.31518415312 0.299102461737 0.98458893371 0.0800378415496
0.687840622473 0.936022610336 0.520151070993 0.188392857539
0.168140849153 0.446511186693 0.804741995539 0.05810747752
0.228701208728 0.265438202849 0.542894249193 0.196212606281
0.0240795765854 0.742704073983 0.871305345785 0.185041096326
0.763996694762 0.0870412066622 0.655081606464 0.127021171951
0.08427416939 0.832424935553 0.979088642865 0.3174681983
0.340533028543 0.471141986127 0.727292459709 0.105203278812
0.518200026467 0.958129255064 0.671525738821 0.237676473956
0.641547628937 0.00837564533827 0.790938449529 0.0451901350128
0.705885628857 0.0515774945448 0.796702479031 0.125433802697
0.66973259502 0.751258633102 0.634442379601 0.0326200514753
0.641317546485 0.452977130514 0.594311760572 0.400989733103
0.645401372054 0.621188031463 0.816125361512 0.0484973121988
0.0492381074858 0.209421653481 0.971915839142 0.0171428842356
0.769206262551 0.548883892233 0.767126325028 0.0776060927185
0.564811231419 0.354253049968 0.629708946515 0.0574223266656
0.1896651032 0.640679310479 0.998516956757 0.00154842912758
0.599046933966 0.218295338074 0.992527456998 0.0429909873132
0.469212461408 0.893261282137 0.773313629905 0.0719479193573
0.724731730322 0.0968024018384 0.535615323584 0.12920444418
0.187079411215 0.611076615691 0.676499954335 0.231613339724
0.685386793383 0.401897968394 0.516267675157 0.252990634927
0.473023919435 0.499004620484 0.998888330881 0.21196619561
0.3529808579 0.0626888254593 0.0485843234327 0.064527482861
0.212894690963 0.58831807055 0.721133281328 0.150079134154
0.525822145961 0.201487343966 0.988431580656 0.00449653620393
0.0954769755495 0.256626806027 0.975317194973 0.180558066881
0.721079992647 0.619525264446 0.999999088981 0.0533149670392
0.891468042044 0.39335653128 0.514655224385 0.219382253569
0.415348925794 0.974182912666 0.792108135495 0.049362507214
0.961386069231 0.24334595382 0.875467250979 0.169915459594
0.858619555744 0.115304558152 0.739015747219 0.159116223267
0.733648195414 0.559094492312 0.91355804197 0.129333361936
0.260332610547 0.784891677819 0.505836645809 0.107277934696
0.107080486342 0.396591191908 0.987161595232 0.126977325291
0.922647540574 0.883604347821 0.587251822585 0.123457400052
0.840362300471 0.47441286807 0.999489176062 0.106974135769
0.301000952244 0.63434250443 0.752419302848 0.161453052761
0.0349765088854 0.245511826176 0.97169936727 0.0535122903586
0.727994549798 0.992229353218 0.874821811189 0.222973998226
0.605688959242 0.743394823814 0.961498107572 0.26086114733
0.0249943545037 0.238058233765 0.841061034762 0.0241693016477
0.240142798162 0.0485534144286 0.70424955374 0.112437388174
0.343878942369 0.0888314705781 0.764639590623 0.131026671122
0.702519981562 0.634442984454 0.720263525486 0.0451319795295
0.505607812518 0.319121421855 0.888015058617 0.0590439090819
0.385318774236 0.500720860251 0.511330517754 0.182292704309
0.745042982038 0.514044323155 0.725795954897 0.178194563468
0.721468369214 0.803292563781 0.886991363651 0.0572275995091
0.65430836722 0.295218625735 0.946102722214 0.0725430061815
0.580940381426 0.639138216489 0.999777693128 0.119634068433
0.876542799356 0.63925903919 0.647089653237 0.181442514804
0.803401946252 0.731382288693 0.855249622763 0.00907879205313
0.700924721776 0.0719500149399 0.554758269538 0.174625283345
0.825446957151 0.602578755726 0.89625918929 0.0404110228637
0.785372047637 0.602191096477 0.916740785209 0.168290185136
0.493184679359 0.451855550251 0.651444302962 0.070053775459
0.829127799041 0.806576247815 0.981979500977 0.113860523142
0.469914760147 0.982631616473 0.758274747114 0.0561991153058
0.366570296282 0.481941888719 0.933925465878 0.0303260165002
0.411630281179 0.316241640035 0.874767705751 0.0776143030004
0.078193329153 0.718214443952 0.714109018254 0.155041010427
0.916258558283 0.55589349693 0.499111692095 0.222923744454
0.599088893974 0.650831457575 0.724231369121 0.187840838169
0.177945353577 0.648543246792 0.819331281271 0.043313533127
0.457355776298 0.340540579577 0.888706725033 0.116245985472
0.0656063493756 0.134186620098 0.817982494728 0.127295646029
0.284789501011 0.033566643466 0.813750972169 0.0193630734593
0.129310868589 0.449541237293 0.845218703544 0.161998838525
0.372639028195 0.0261925496187 0.97380514325 0.108110597006
0.769102355838 0.422398852942 0.999999637491 0.0252602277589
