0.147328599434 0.580124160648 0.327696858317 0.120670288545
0.414314661915 0.476924768713 0.469057453203 0.273708526146
0.925874088472 0.409524933558 0.834933620687 0.138832062605
0.1049995734 0.522127320723 0.576745919179 0.0907837439211
0.701065056242 0.534223452909 0.324034928705 0.125736614218
0.354282642035 0.787848717416 0.339626847108 0.316187158371
0.413807168309 0.823487497671 0.693259718757 0.103427895406
0.687694328817 0.761177726238 0.927270903921 0.00733442144313
0.579930160435 0.816062575812 0.546061670844 0.193290058779
0.59524453596 0.119350675108 0.734015636793 0.020220296624
0.672988565177 0.401477527519 0.77977230571 0.0879517520581
0.495086621043 0.505261210864 0.659233493946 0.0968123051446
0.654481905979 0.570799176419 0.763023375749 0.00909387548715
0.356546610009 0.450951962016 0.34650612075 0.106685773485
0.699563214052 0.281290099431 0.968058995975 0.0667938965708
0.682206763364 0.99275814017 0.567929843645 0.235218565067
0.696361983213 0.658180216131 0.659250330178 0.10718240035
0.458140643263 0.617903794979 0.958204163628 0.086238734256
0.487942919727 0.329628727695 0.624708792041 0.125197123459
0.00980029417795 0.960184740513 0.620263669603 0.0823952670933
0.698668136763 0.702299862603 0.774014179609 0.168440596291
0.462800802598 0.420255292312 0.92330408967 0.0727982626019
0.36025135986 0.207243840825 0.899994619347 0.0649094642933
0.637211670478 0.458997533315 0.817301350422 0.0733845719592
0.159643681031 0.548506986517 0.794283182791 0.0673672801067
0.58750534865 0.905820579385 0.844398313254 0.0224097432446
0.268300155165 0.974749090884 0.496964488442 0.340815079772
0.87088147462 0.733005163298 0.996117673794 0.0240901286725
0.267192318379 0.366191422854 0.708027003141 0.0923119940647
0.588754955676 0.182055088594 0.618657213232 0.183906502376
0.376687382368 0.309758820796 0.679238455263 0.123971393833
0.614353045677 0.607050957803 0.35102660485 0.173996978248
0.392921280177 0.858818213579 0.739142359159 0.203199699266
0.351501507338 0.172388622633 0.922328214239 0.056309398275
0.197391302697 0.379827787373 0.685915436749 0.0861884451266
0.572154974304 0.860949262042 0.867253620212 0.0453028628433
0.423550372037 0.352341688025 0.682501045148 0.140357760556
0.331782144242 0.292894382 0.797607902312 0.0524515859064
0.372450035858 0.632029911488 0.676913116005 0.133195147696
0.713771556998 0.878473077716 0.521399166138 0.0482277229533
0.74459881367 0.142833990348 0.832140656726 0.0240354748438
0.367338158732 0.999230771916 0.694247052546 0.112945348058
0.54186483674 0.383260939311 0.919718692517 0.00873878422755
0.0632171146945 0.934179962701 0.528640452836 0.379618341525
0.194216018494 0.990580393363 0.931991701179 0.0340430297122
0.632856343127 0.0894937206649 0.73077275578 0.13941072901
0.72383913629 0.392534008584 0.913579241623 0.0238617223989
0.567382242745 0.687674294814 0.930257413776 0.0292219447456
0.221680601128 0.265709840108 0.387812803889 0.144557770166
0.12219954789 0.871264904833 0.539674396828 0.188623744176
0.0317847801229 0.0593257076043 0.68149037622 0.149239953283
0.554810372394 0.0909100270667 0.524501261591 0.164685977887
0.977786619644 0.912219970391 0.510565266322 0.226989523252
0.0652766953901 0.408109047703 0.617830658278 0.0440394456914
0.65022164591 0.00559767073269 0.902888849501 0.0599691189429
0.135339122769 0.111937197348 0.535217017955 0.174893307265
0.59425503842 0.324237833802 0.616810255684 0.0541731190428
0.844954884838 0.845355464091 0.751242331217 0.0558891041441
0.0347392293041 0.518338183945 0.797626113034 0.054020338775
0.260416878219 0.642498365769 0.413556770236 0.233732035538
0.554519468018 0.423683967602 0.983706952932 0.00653979735965
0.977633878187 0.964957052551 0.805629648072 0.103739691955
0.323780505024 0.27351884771 0.728705149734 0.0411154121714
0.101652562182 0.574253361313 0.417640829326 0.129456276452
0.0614270996003 0.827565532479 0.919819069481 0.0146772759442
0.158882437004 0.860408275568 0.623589282915 0.160450399694
0.280201157136 0.474414475386 0.197187832926 0.186978808884
0.114333799073 0.798370197301 0.628791605239 0.237222618237
0.771780873339 0.954238468943 0.498149903007 0.241182843485
0.262350374099 0.654931680634 0.118786238146 0.1318625518
0.982695948889 0.975402732456 0.905925049922 0.0568567222536
0.243658328158 0.671126280667 0.839806456809 0.0352355378561
0.612545852927 0.424639238735 0.656922110852 0.187344466067
0.415257228279 0.671366204305 0.736711862811 0.0549731292693
0.0442846801624 0.301491489359 0.666597157592 0.216473117638
0.201706150702 0.692007415798 0.73492462178 0.0848001912218
0.196617031717 0.639419267317 0.8735783941 0.0613590494374
0.274314270898 0.65115917884 0.553870660218 0.040833566318
0.40963302905 0.573422663082 2.385416502e-07 0.268334109565
0.150434836998 0.375110889955 0.778269128212 0.0923543542885
0.838240560512 0.0742627241682 0.925417996474 0.107163481024
0.934226796012 0.466855927373 0.45521610547 0.131854557315
0.300925975279 0.721379345019 0.763664413001 0.0820833469421
0.171353497956 0.630995917994 0.896859939881 0.0659223479954
0.871398310662 0.00763710688466 0.553603782235 0.222855902411
0.384368431044 0.911318523984 0.634620119877 0.213351209384
0.924506479991 0.674251395101 0.941905044624 0.0207455565184
0.675829500605 0.401473308429 0.969044752273 0.228206320882
0.788850995317 0.661658703228 0.503457626447 0.164488222083
0.267135608267 0.323957319979 0.566641395931 0.0574931353232
0.632032807806 0.306259027816 0.94466686645 0.0171901879925
0.517867284932 0.723202878623 0.77202320857 0.117251286735
0.317675502145 0.789556560545 0.748405412779 0.0805181240677
0.295448229096 0.576434597772 0.378297430945 0.218154903058
0.336181477929 0.69059283378 0.233496303538 0.156241763215
0.289076807512 0.260823003233 0.463409965223 0.13564720039
0.865591879614 0.507246107434 0.589990774366 0.0928374120928
0.609301830836 0.34768123516 0.00206540734543 0.264342269578
0.299053094938 0.998776387664 0.743257322594 0.186638582857
0.446538707053 0.800351500787 0.123034320101 0.0804593300897
0.137656682255 0.929601283185 0.951505578258 0.0385456637404
0.265432134872 0.20143277791 7.75831208739e-08 0.27384887663
0.795433142038 0.218652441686 0.529401918666 0.16498995861
0.314099195612 0.806201263679 0.673352644653 0.0740940424683
0.438896652969 0.582673284442 0.288940405722 0.0995504402025
0.425203485387 0.342983792108 0.707318696807 0.0695786684807
0.43608716124 0.398355470516 0.836403484241 0.0777046132051
0.387080798717 0.129122726842 0.376096791549 0.332474711328
0.929444889048 0.31539000682 0.95357541772 0.0193138610777
0.441021680112 0.873969424854 0.917403775338 0.0440813268404
0.293042907913 0.823206104287 0.56541184318 0.216876730633
0.69983111571 0.395796868827 0.775075229017 0.0376569864306
0.238882568174 0.489786758205 0.517807169916 0.103628767107
0.52322238121 0.336303355126 0.341514483723 0.215442070754
0.816666167411 0.627369857926 0.956481070113 0.0623078228659
0.906290873232 0.0216124207661 0.726151360924 0.241444544494
0.574448544481 0.348129700239 0.479995159868 0.1121937613
0.551333899931 0.439198177106 0.50520852655 0.120625919649
0.933609371771 0.0650762539136 0.55752061298 0.0933428395773
0.437199973315 0.0636166219621 0.767661044031 0.0522510864034
0.831873821568 0.603700118618 0.709810805576 0.0674259685024
0.749206032816 0.0504375440013 0.991992635623 0.00228798571686
0.0264675899384 0.813312616915 0.543872894309 0.0531079170292
0.834649792864 0.698505416607 0.788765848815 0.0643031432309
0.760388218311 0.401287777138 0.867841438374 0.0363474626867
0.467485198486 0.39958460506 0.422063204343 0.147804465111
0.646652994387 0.617284652657 0.523505348612 0.0869856096769
0.265023542981 0.354868000936 0.589632126407 0.184905683818
0.377358882904 0.814477587857 0.982871908459 0.0217497484976
0.331072861343 0.333590100295 0.821391521838 0.0314016115651
0.489731454825 0.378013476514 0.52760833102 0.208448719976
0.114030789706 0.0182148970868 0.623008253871 0.227612713715
0.68595029885 0.0274639793511 0.634548803359 0.113933386557
0.368287394595 0.223762336338 0.818899918315 0.0853252859528
0.633349301234 0.863377741237 0.68319478618 0.134395458144
0.637643147045 0.151993999132 0.551280731318 0.139536235408
0.78721278081 0.0897405540222 0.667269319644 0.160222210386
0.352488999945 0.23700904367 0.876965089307 0.0338119921225
0.205969391856 0.315672608171 0.556536275545 0.0709361199018
0.407437039298 0.291472219592 0.559086318667 0.159304270831
0.29188180521 0.499035439232 0.540394789998 0.141137771117
0.889896245125 0.0091376209953 0.648934683641 0.149908950218
0.00045225433478 0.783699424495 0.557428229709 0.133109453801
0.179528049568 0.321398961449 0.187512047278 0.171290895431
0.696106535785 0.482120102757 0.587879811651 0.12273210203
0.0527358455468 0.0855121449578 0.668740479616 0.212230469796
0.668688534754 0.63843579341 0.606293654624 0.0700287387137
0.259315054054 0.430459644256 0.787028919046 0.0532254079188
0.682792354564 0.214976092713 0.554972426205 0.1714856468
0.70975411251 0.816209582582 0.752083232488 0.102859572344
0.0708778669987 0.420504234799 0.98152769567 0.0260877807599
0.750940771348 0.557204535818 0.539554003058 0.298749481983
0.226004925006 0.497209397735 0.993611728397 0.0458255094089
0.537764765542 0.210163513321 0.417793328444 0.131728422002
0.478341320355 0.478087909064 0.42596974819 0.129021233301
0.248749124582 0.83107946915 0.824663502368 0.221247819751
0.33150306914 0.703077093255 0.662207215605 0.221010361301
0.494297615828 0.135427501305 0.578833138286 0.0418411133669
0.652946080743 0.755228909069 0.64036478647 0.0651950934263
0.298837888822 0.462867248226 0.808433017764 0.0427094987486
0.57052684955 0.301005023715 0.33250351002 0.291936883033
0.960101414413 0.574239694533 0.516395670294 0.158700998068
0.894888151443 0.803289010133 0.505998031742 0.209486327033
0.60765967513 0.354689009306 0.0741556687207 0.13677141069
0.796970096713 0.451726440188 0.83933887853 0.0690869300153
0.789201392887 0.639463281894 0.845524688827 0.0122549709995
0.237652080228 0.0720158359258 0.701449307287 0.18259688773
0.110144915942 0.154490483963 0.974200745448 0.0280163581583
0.397802014863 0.436140227184 0.390667032678 0.103244685739
0.73787825815 0.739667573372 0.458219229187 0.321850714592
0.755464946363 0.433651687539 0.0386116286516 0.276465594141
0.636680798873 0.633758071451 0.582800364878 0.0746212811622
0.0698277304878 0.593432815394 0.769091241224 0.123110356715
0.776020272406 0.0636354850283 0.659065429039 0.166368451547
0.397864674902 0.436345471914 0.366211242315 0.203626642958
0.784069411268 0.888256841546 0.916731397341 0.038159075892
0.839193147199 0.878977864174 0.498083607845 0.279481960998
0.104676654442 0.867319502989 0.768627244343 0.0167411302494
0.348811155793 0.464972308509 0.530431940983 0.128999822817
0.70666360615 0.454517057031 0.372175965491 0.208278011245
0.911660341892 0.777627439112 0.881662890886 0.0292935782192
0.185346197587 0.231459560096 0.69276531324 0.126605372157
0.278955093856 0.913602724297 0.833023859638 0.0878246809519
0.895455603779 0.0903423281644 0.573223412663 0.117429763087
0.810710995677 0.0778493278096 0.828641042405 0.0141116665644
0.562482667495 0.619937411924 0.450110067308 0.0443283052901
0.894628393237 0.68617957402 0.781799864741 0.109342687621
0.90859130555 0.523412413425 0.699960599216 0.122042099542
0.902490377901 0.304603618934 0.983983517373 0.0232663723949
0.195786098129 0.46703514669 0.514865129195 0.196731942316
0.0679071193036 0.196449791891 0.636063936929 0.22537778735
0.170492218846 0.173866354999 0.842913449355 0.0414490534612
0.830530722945 0.512478212082 0.571293137577 0.199090104103
0.0637079435616 0.39561056426 0.909154987692 0.0519539704307
0.147897960747 0.58633185624 0.628681216963 0.184920831392
0.0017942009213 0.422131930456 0.813387181549 0.076509241746
0.684729498601 0.425917990676 0.841649974987 0.0599586994995
0.802534140163 0.742001532709 0.709549875992 0.0404014874648
0.944198236164 0.944428540985 0.678640060945 0.143987107448
0.0124393338653 0.339353351614 0.4598690881 0.185624409085
