0.0257449292786 0.0932745907408 0.94019605179 0.015898782774
0.335234230436 0.33047608789 0.513174112704 0.26141928495
0.588307593265 0.62497146983 0.172627001957 0.255988610628
0.35537302082 0.295463570936 0.967433974467 0.0473751987751
0.941364081817 0.33487660685 0.727777724027 0.106634620615
0.471611648952 0.0646311827354 0.786900688002 0.0441119440148
0.731040967766 0.882937666544 0.529021848583 0.0809676678234
0.216161631282 0.170758306206 0.528133989157 0.196891276553
0.315529894994 0.573543193117 0.441243619153 0.104942425438
0.951797651684 0.105244904919 0.548490772565 0.206615516501
0.839837789817 0.623034570031 0.891540630681 0.0646639669664
0.927135433569 0.0185907552747 0.943453350702 0.0255991774603
0.130019136045 0.063421512333 0.760704932374 0.220873690343
0.808461695478 0.140474373959 0.868874564426 0.064928517685
0.453994415925 0.439670217894 0.508865043026 0.0568682943893
0.59585238107 0.269943146656 0.52168439388 0.0553300954676
0.695044428137 0.552723453888 0.741419400307 0.0235914524616
0.205366189999 0.509053038791 0.810281601464 0.15857575871
0.0163148732412 0.441782185764 0.862489376263 0.0913749790952
0.682240713603 0.942821784638 0.967193099725 0.0109050397066
0.801148866933 0.661903759675 0.580695058326 0.0689919328956
0.62964095062 0.49369133499 0.523714132312 0.101968079013
0.276341248817 0.321167563067 0.992641960313 0.217068792695
0.32080661966 0.173350067989 0.516534410517 0.244458908
0.0701919560542 0.748681877902 0.850844422709 0.0402825040586
0.307483080989 0.295314772813 0.136457310782 0.048453207287
0.0386503876901 0.799150576594 0.494721214623 0.244473993973
0.237698910497 0.341039757411 0.465970288946 0.0792144166939
0.236008169794 0.290900567669 0.773734278773 0.11508286139
0.320465580157 0.277057292835 0.568595569892 0.087021876725
0.226092174122 0.485725726543 0.206282044864 0.349493155386
0.981041387723 0.275522289169 0.767137277099 0.201746093063
0.770070458101 0.0307102840405 0.911398063991 0.051492446508
0.703745192629 0.574633870882 0.668777871146 0.160082995718
0.653718222585 0.823791316723 0.5451457499 0.155828405269
0.149256200765 0.238262505579 0.475646920184 0.25024413291
0.230817725932 0.593910346485 0.564436716603 0.106388867334
0.409760687358 0.550538221664 0.0542905698414 0.206375873271
0.500304488889 0.36715854297 0.840923286777 0.0281303089405
0.681205013654 0.533628142468 0.999488467599 0.000155672377753
0.707276119468 0.442493347946 0.899968905024 0.0102212638872
0.660563782814 0.627730572671 0.938518337365 0.00743560616954
0.624360432686 0.551703744443 0.763957282065 0.0203018909927
0.63642575371 0.359542690642 0.000253718985139 0.151352100164
0.0316829204224 0.00919118369883 0.720894600568 0.175363596826
0.450672980811 0.681061160704 0.476556531337 0.148483449503
0.881396510246 0.291817853508 0.986098081378 0.00505766929506
0.458132274999 0.524067594545 0.728255268612 0.0684682120221
0.702597123477 0.0816053776635 0.564987292088 0.1689281741
0.617820394089 0.869176888534 0.912087769975 0.0369961367922
0.155169865466 0.170753360934 0.624609805444 0.233889636488
0.113529491034 0.585621121087 0.978953592164 0.068744625728
0.262192876906 0.444435985242 0.702213187159 0.163684165046
0.798478315746 0.813193706387 0.812313904807 0.063373165075
0.828956783237 0.226988628899 0.643484819382 0.157436667641
0.423318071879 0.829015768255 0.895045884606 0.0563481043595
0.133513506826 0.253160595479 0.598026584501 0.269785776413
0.267877891308 0.154542932113 0.611859590351 0.125592689818
0.197272687346 0.637604596556 0.836279565977 0.048224294484
0.244420520901 0.394778226757 0.98294544481 0.00572616604602
0.567876825533 0.430204094209 0.933080467538 0.0657652546622
0.580702268248 0.521171089851 0.967521876058 0.00944603122155
0.848989220093 0.550023214943 0.455135607692 0.343927400333
0.793481132231 0.269708695519 0.538664844268 0.29853423781
0.753102416664 0.286250609566 0.509321824679 0.301250813731
0.365802243043 0.386548941314 0.891922484777 0.0859049131661
0.409254495816 0.606589019943 0.655233016122 0.0928148365265
0.988163925869 0.293995054789 0.971352841823 0.00762256846422
0.694385450983 0.7877759532 0.289715580046 0.216860329231
0.207669549674 0.658125497663 0.513697308436 0.330006206974
0.291528692523 0.804041408009 0.469305285992 0.205969122973
0.640285563179 0.0992054460332 0.473150578447 0.134662281385
0.831275428649 0.451785374119 0.570226127948 0.0688558061595
0.325314109071 0.411911329156 0.987510003323 0.0866363173589
0.812710968109 0.395593463567 0.460288039227 0.160257771418
0.832650696356 0.555919457475 0.553328468885 0.200017250271
0.269619829364 0.726868529861 0.718059897106 0.104555319605
0.0764901170657 0.791316660444 0.89602716449 0.0283129410103
0.387721425548 0.654385883271 0.863591185384 0.042988234243
0.224698405967 0.471645485934 0.505440582531 0.213043845356
0.268363543323 0.510767635095 0.639990053575 0.0980719631366
0.917981546216 0.342013291264 0.935766358031 0.0370947107026
0.947922437447 0.506207362999 0.611805017024 0.0957958467036
0.637110764446 0.942168522493 0.840072787532 0.0524344687452
0.906876308502 0.454467919274 0.905675744362 0.0548409141643
0.238770728494 0.599249189777 0.652892334347 0.0574917130755
0.453370840685 0.835968200821 0.600623480224 0.156992977167
0.537985523343 0.44872095425 4.60335840215e-05 0.301058442457
0.646060796312 0.747380210156 0.50866868783 0.116784140108
0.123803947076 0.390403054693 0.594431966716 0.238552243303
0.0525599840733 0.145091568651 0.894237532271 0.0481492664286
0.210491220761 0.853534878812 0.973065401956 0.0127622846378
0.832662630638 0.991921716312 0.789769691253 0.0500338078418
0.740557670973 0.637562962635 0.631934583941 0.171286712562
0.936638066201 0.189385680263 0.461215142096 0.053559909311
0.0446062202173 0.625572417456 0.98544837393 0.0204529630065
0.192154927343 0.517271208988 0.454836384778 0.0959259696207
0.412660074282 0.677327061233 2.4572105733e-07 0.129997192806
0.198106458399 0.369732116361 0.624174378204 0.0974518512189
0.244018407235 0.610234027914 0.593319806499 0.165399343107
0.423947981104 0.39239616906 0.651926072273 0.0631416084473
0.977238642996 0.0725895755275 0.876226654266 0.0829303129961
0.257025690971 0.292932186636 0.0080293093599 0.245540053501
0.859301160653 0.982125800201 0.517618828011 0.205248942843
0.792419629799 0.423716631627 0.975109450548 0.0322359110941
0.424488232076 0.667176874335 0.853326620862 0.0502722186286
0.680868523461 0.284741865398 0.846948062097 0.0430439736005
0.50847821178 0.273244460817 0.708494801863 0.16336389237
0.338235424145 0.323331216587 0.86771091668 0.0518960753534
0.821896240469 0.605327160029 0.701161322149 0.0760859919451
0.6597131808 0.0240173782562 0.602827255374 0.164007419263
0.963860457611 0.816411438409 0.732530650837 0.174141977761
0.100792884844 0.678536993043 0.69129525879 0.195471570369
0.720164548407 0.631973720025 0.571588750379 0.176327224807
0.808883261123 0.112832992526 0.933756878969 0.0201899808479
0.758003490488 0.0394647520878 0.704630229942 0.129377686902
0.398996318794 0.956435190947 0.78250973652 0.224355125084
0.922215915345 0.950259540215 0.84040986952 0.0780299578104
0.832306620821 0.379547198717 0.0110055529444 0.243361961727
0.256891535123 0.285927193604 0.757999018308 0.168639462813
0.0843355162521 0.0896621557274 0.61312907575 0.134048134533
0.443284052861 0.0159847284012 0.486792881053 0.239335075346
0.235529544837 0.479011890193 0.75419136221 0.0485231056312
0.0469407635633 0.285062084199 0.70923167102 0.161136391742
0.266253327555 0.875076005087 0.591927800983 0.140608622448
0.983539462148 0.228359265486 0.876909120376 0.0623081114692
0.55913926309 0.357099846608 0.92468377055 0.120778316279
0.592041205483 0.832029386367 0.928059552514 0.0201276750359
0.248293438861 0.814584914101 0.824783353796 0.174816451899
0.855839120771 0.971279769212 0.747346924426 0.269730376892
0.0684659673561 0.111588152802 0.4681798485 0.322869475329
0.709399387171 0.722382158076 0.778523570227 0.0544987429312
0.68867337138 0.710659539551 0.52545009522 0.0650512420408
0.748845579592 0.469560916208 0.919439037911 0.0353812274917
0.160512077454 0.764309483564 0.52289767004 0.12499741112
0.00676119662629 0.10462932753 0.565513777544 0.181913281156
0.858886047564 0.842817807884 0.558846719595 0.231570115067
0.533074542283 0.638206267082 0.895331557294 0.222337695756
0.983330166941 0.304399481076 0.529628997311 0.252981826559
0.567093846236 0.0658288780155 0.497865448692 0.11326184969
0.193031901316 0.475677387071 0.531298597965 0.18401076911
0.240569990397 0.660597035848 0.74371349235 0.106907898009
0.218188477047 0.228671783573 0.588470527951 0.0769709415692
0.935796770695 0.5794279484 0.454774789719 0.157880640914
0.661911029491 0.57910866888 0.592118151973 0.211223853787
0.796124372971 0.585145055269 0.664033168965 0.0970797526274
0.26648160008 0.799729262973 0.968346261597 0.0163985156229
0.366571990992 0.288180365313 0.789582705863 0.0671453056807
0.505296308359 0.160425484171 0.586432375074 0.0438690368296
0.773422701339 0.820408596058 0.331147383083 0.180794908958
0.396855587124 0.419997464063 0.832453111242 0.0470214668274
0.307415291382 0.61515609873 0.776587161413 0.0549442852634
0.264635985951 0.775151548856 0.902625880307 0.0313154519942
0.916133590901 0.521968698375 0.906486740081 0.0674056154403
0.18885512991 0.599676228933 0.582465748104 0.0705445717452
0.351815869389 0.488906134267 0.487356717795 0.164188965921
0.619214376001 0.453117093714 0.79326852942 0.0471403501346
0.799637455921 0.757566998913 0.709343550873 0.174108967057
0.782544333265 0.533004571353 0.532950423268 0.161707747246
0.502552568996 0.850215505787 0.586031722207 0.262837268487
0.535692999268 0.232112557446 0.61671597904 0.0802076689838
0.749606443543 0.726854109202 0.779971123318 0.0428478567656
0.136874629195 0.151047543146 0.924402556135 0.12602713971
0.674696756219 0.842310788154 0.930479453821 0.0896503368604
0.409397645722 0.807045480028 0.816143764436 0.143908684167
0.375325913795 0.591521883421 0.798514778352 0.0586200903796
0.316911274713 0.288529140307 0.568466815586 0.0746740103461
0.7618237443 0.125739733098 0.455563690528 0.118523243007
0.193639515423 0.751391005774 0.980970301451 0.0201908854971
0.727529914451 0.129876026197 0.625153464191 0.193066165659
0.43181950883 0.470896003145 0.83142291712 0.0618190798975
0.402076269563 0.70196446025 0.708514655557 0.0661696224922
0.340323604856 0.484567577941 0.747455438479 0.0768776956449
0.740232820786 0.896308309837 0.570555083921 0.156909045751
0.268965273559 0.793538086717 0.573671607319 0.147019177904
0.617299601288 0.363686451694 0.946504937631 0.0146988541177
0.444117982068 0.735705656485 0.4801611872 0.141874523165
0.575205620405 0.416871777172 0.887280786875 0.0283211716173
0.392861542182 0.14855260442 0.459627686288 0.0987872177653
0.958488693637 0.466460390061 0.592997278255 0.0813515818306
0.343047219405 0.189328652606 0.786175519821 0.10635428315
0.78498332331 0.177655338164 0.887000921716 0.026936483019
0.0379122619552 0.675522713333 0.642544945477 0.259398352235
0.667061536311 0.695084752151 0.755592393153 0.0806421449025
0.353108060395 0.753997080696 0.951897816684 0.0220051333897
0.462917265942 0.484742515506 0.0697535277728 0.356016202291
0.00411938712896 0.927634030505 0.727955602074 0.0530536410245
0.943009011006 0.401119719067 0.522943651619 0.146650256446
0.508633213681 0.0448859480294 0.522676247593 0.117282227966
0.354940484727 0.487138297894 0.382426489724 0.121541584994
0.632990754468 0.330313755232 0.676816735237 0.0903876204977
0.0202752304404 0.923927743864 0.974400185344 0.0433864381268
0.293111900746 0.563894635844 0.366084512242 0.144322559953
0.838901078985 0.480169809713 0.526294364872 0.205127072661
0.809971149083 0.774719891321 0.513663099294 0.148953772684
0.991079454981 0.917390366295 0.73086642301 0.100378471687
0.662244695866 0.507179331907 0.438113392973 0.167375914997
0.164718681781 0.0923003844456 0.569317250734 0.191125316192
0.496864434881 0.812431154038 0.551499377225 0.113346996695
0.362535383476 0.883804741428 0.580183153984 0.148004476159
