0.38974939336 0.523520380827 0.963410210681 0.116319870993
0.912714752171 0.538188543374 0.472868571759 0.097292300773
0.532494171961 0.990534516151 0.962669592108 0.231653950941
0.631456014828 0.230680195183 0.646848903095 0.088916312475
0.109074723464 0.224586926363 0.998565040503 0.0502444449691
0.591542533755 0.735852634723 0.994391687253 0.0111174244328
0.332310091449 0.667861483981 0.370169093648 0.109161101205
0.279710837761 0.347736763367 0.268069750976 0.0836848796947
0.420993862661 0.235430918358 0.542080070021 0.195187235633
0.567140220369 0.918760885121 0.946637086787 0.0260984514857
0.33339198533 0.806937983404 0.727627220962 0.0138810941974
0.491364117515 0.0337305661329 0.815102413279 0.0407390447594
0.275966763828 0.41016686745 0.945170858373 0.0622597404132
0.822969408126 0.690818832274 0.930211924134 0.0186291762714
0.635819508058 0.746225745387 0.9956297614 0.212253812609
0.296700843452 0.415541422007 0.397085406113 0.12559229562
0.171002044594 0.471060469896 0.670326518946 0.0797607797374
0.0164339835495 0.398501571442 0.726412078891 0.232696947419
0.997000483628 0.898889677556 0.72977817131 0.0726467770963
0.65621798849 0.610196802882 0.846151599322 0.118718252591
0.0455635167567 0.334224386928 0.660587502421 0.208358001454
0.292261934408 0.61188280875 0.998749942185 0.00475713421071
0.587774819555 0.771299314722 0.890639557283 0.282814465037
0.918462432377 0.672085992607 0.997886024957 0.243322819966
0.0976878412359 0.570421481451 0.917172617085 0.0838094514232
0.0745008540911 0.944873754051 0.712558330012 0.0869312855335
0.346979851909 0.102982786724 0.979377570855 0.0429444109689
0.161260303062 0.484843603609 0.938140234457 0.119037063013
0.62584853477 0.921065403981 0.593009787075 0.243327353649
0.941771017043 0.860185254069 0.738277737567 0.185236537451
0.926858259038 0.0657914394388 0.574544189663 0.236132624445
0.556278274717 0.349726504134 0.643026626745 0.303507730164
0.0744453083445 0.928582829554 0.692548598631 0.0263332202566
0.0131490926137 0.720032347487 0.906283731613 0.0648209111882
0.634511503924 0.189714330796 0.936610420703 0.135559837152
0.660041915815 0.236758348821 0.988857647145 0.0610655383832
0.223331108167 0.995133521488 0.811166922917 0.0439241100755
0.084389239078 0.20391050099 0.887223246999 0.0178823942687
0.569172005005 0.0979810058849 0.615945305797 0.251047876384
0.667208272237 0.490915499792 0.0663095200731 0.20978819455
0.5235117514 0.488686571303 0.606960380588 0.155671563297
0.849979282738 0.243466802234 0.715536437366 0.103193189857
0.251881546911 0.222564400071 0.619635662288 0.0614926318027
0.493818391507 0.449469550813 0.806995988084 0.218134389216
0.295153692015 0.798712907745 0.837166764102 0.0896788283657
0.287698679323 0.130071552884 0.998012181254 0.226661718796
0.647877158151 0.595450115367 0.466680404344 0.273268254465
0.334624145559 0.905523149146 0.655611476461 0.189927970622
0.415338150802 0.67122808205 0.690800674836 0.147690571746
0.226085035862 0.429647652521 0.86218082051 0.234462636424
0.761988604103 0.951605897862 0.86716810079 0.019051634969
0.518553691512 0.296112532521 0.813481101123 0.144574315031
0.312121788516 0.798231727644 0.999950555067 0.0705096290756
0.352756330709 0.597169754802 0.996014816906 0.0650360058395
0.31042961552 0.699711972361 0.731124970916 0.150302677712
0.099755266596 0.579377645458 0.995912749243 0.0263185474803
0.831940971636 0.540499567278 0.846530965452 0.113077712078
0.357065372064 0.596923190605 0.999783597194 0.00495189630839
0.287911448526 0.570846648358 0.627150043851 0.288501866892
0.857487071964 0.629431582271 0.897403231418 0.0370659922804
0.84938644896 0.785773060797 0.754927848249 0.119652580465
0.405278054801 0.358289540566 0.912481431088 0.221564069711
0.375491501903 0.816590800588 0.487134741548 0.137250350078
0.996702275724 0.032327308512 0.687674253913 0.17773127733
0.333246417246 0.62018320218 0.960009230084 0.0286605193503
0.874699621066 0.104416991339 0.777969926054 0.195331282725
0.804172091569 0.0235944334187 0.729285501656 0.106910533625
0.492815609495 0.489963457698 0.249183530167 0.192713046019
0.173207961091 0.744438720356 0.71111152069 0.158410497843
0.293883856606 0.819491722516 0.827806685314 0.18496779662
0.318889499962 0.948291947113 0.688816548292 0.0907008135726
0.273084061116 0.0973293545788 0.87217896849 0.0304542462859
0.699989269657 0.384840169822 0.645720430699 0.151115613525
0.122362742425 0.363804065856 0.930827662962 0.0364052185072
0.280427132955 0.865412550618 0.666557698624 0.113507734464
0.720963210104 0.152271805333 0.678694570092 0.0738992177333
0.949803324767 0.31151411159 0.927825186334 0.0332754159998
0.481076055577 0.524189562955 0.516976331021 0.0581561650615
0.583567485334 0.415480938081 0.693323539539 0.0977483150734
0.607861872556 0.93268666204 0.992880770075 0.0944038130887
0.822116102902 0.533639739477 0.756408247049 0.20496020969
0.310963087275 0.656491396893 0.641220956969 0.0329685434104
0.854635119446 0.825202804843 0.933457409644 0.0835627990597
0.769742779431 0.709713249694 0.673117703366 0.188934525689
0.747393324122 0.836608599653 0.769343999214 0.0413716486412
0.853830349329 0.673711474361 0.930985014832 0.0365652349856
0.232474321376 0.389644852 0.988769808336 0.243528216653
0.897307967859 0.0667023303877 0.866711935237 0.0442296496111
0.33677974611 0.336547464658 0.999960513228 0.0615155653406
0.595521307999 0.613346751502 0.721935831293 0.303046508793
0.20985972936 0.078115011589 0.9594659236 0.0457105274103
0.752820467479 0.830600077726 0.996739742311 0.00662111979245
0.0265495293821 0.945557109501 0.908771539994 0.0673924654219
0.485366178852 0.321896779802 0.989409531862 0.00460788414901
0.771882716883 0.538848111817 0.616419080164 0.104815887037
0.798507253361 0.459338098705 0.990427046501 0.0460825814111
0.940600265029 0.818811966989 0.216475757204 0.143066546075
0.0120840325164 0.373494030516 0.920326555255 0.0421729365741
0.491923605682 0.798454749687 0.869502191082 0.0623466883617
0.266673347526 0.329875367769 0.998445290728 0.111271616823
0.0398569666295 0.705953834596 0.738576142559 0.0818699300711
0.551681875983 0.518302532846 0.853595658193 0.289469660057
0.223102391884 0.240940713415 0.98289023744 0.0897326900132
0.166751605166 0.0105632114257 0.990680729132 0.0289702594386
0.4252029035 0.158442756197 0.635902253432 0.211856738918
0.875151848406 0.983211538615 0.916187935182 0.140692260192
0.419128525069 0.302782771901 0.589855099381 0.195678514563
0.0459972709131 0.538200692489 0.848289062762 0.127043976659
0.764260112436 0.734195904647 0.996583976375 0.0333749314067
0.733562636329 0.749528965555 0.616554771905 0.28677930397
0.0769851820398 0.330221067995 0.629636223087 0.234354964724
0.385417343005 0.0711129007141 0.949256285956 0.00525301911199
0.299040905252 0.563434652184 0.697103651404 0.345847735159
0.0153717480509 0.811493378992 0.78875529931 0.273569482339
0.550966572768 0.407068939572 0.691060415526 0.212355614928
0.612697374975 0.946436733597 0.671371920672 0.254673944837
0.922651578711 0.110742062714 0.915231708131 0.0467513547289
0.726325345193 0.726877124399 0.907960107588 0.0394693857941
0.4325930741 0.121053749456 0.89487534381 0.123981153906
0.260371350947 0.389781536711 0.95144744151 0.39127571433
0.293930077155 0.61986667747 0.746700494852 0.155536745796
0.235706001425 0.169623058707 0.739225272403 0.308748572337
0.427966590868 0.802883075016 0.605391542195 0.22769221484
0.32976716917 0.865545189523 0.996465970411 0.183953485974
0.39733599222 0.430489846082 0.999991012973 0.403445924026
0.42901418006 0.273614927916 0.531886764993 0.146295360997
0.505106847727 0.369378429821 0.997250380129 0.18871857128
0.529887810032 0.819367634409 0.967924258528 0.205126927023
0.211468682838 0.970048958922 0.650558138918 0.0844903691675
0.367287771611 0.388206592942 0.460498258689 0.278251324655
0.448517973215 0.92345015764 0.850680189179 0.0396997539192
0.144005811559 0.214635700462 0.681841577703 0.105437269621
0.456151748219 0.623341568197 0.777871782386 0.117503407862
0.969668511642 0.466221815436 0.829334491647 0.199114531183
0.884350943328 0.577545265985 0.663820248802 0.0286023806709
0.374900326058 0.619615642453 0.971773137305 0.0485466059226
0.904694805334 0.447861831337 0.982272161669 0.0833400941921
0.427258304356 0.505639270553 0.911379756316 0.092142069766
0.45549309259 0.708504897872 0.779802744026 0.148972888872
0.113189587716 0.766841721235 0.940425948591 0.0278032669164
0.704976027731 0.52275727328 0.5192906962 0.260017575749
0.587301898917 0.0652320593291 0.996966729035 0.0023270541544
0.323216640874 0.547522680187 0.920153014641 0.0148856422371
0.000552097798726 0.0201117150603 0.970819619333 0.132268493084
0.917799656311 0.262817563304 0.644879089802 0.0209485738033
0.074814746276 0.495581517425 0.540666384109 0.111352222313
0.31854313755 0.837949594439 0.643545416356 0.101559959328
0.60571042997 0.394950410054 0.998729234776 0.11342443146
0.481044692054 0.535372478783 0.999511133214 0.286680313348
0.327316019239 0.955947124806 0.630712816781 0.189080058688
0.361416180955 0.071767028596 0.600943290371 0.0870325805913
0.531411015982 0.855225099844 0.997295343802 0.146315001771
0.048057020435 0.99039554508 0.990376549183 0.0879406290549
0.770606936155 0.85450489888 0.961835683215 0.252503295678
0.24081704466 0.559477223043 0.843173738452 0.0880866058221
0.220443874377 0.889725974539 0.717385342623 0.102232859004
0.33579464982 0.0740318675374 0.539304226204 0.0841988028096
0.295505218705 0.806384371599 0.857014132134 0.0193044025932
0.624607741957 0.0988308711251 0.725155244279 0.106172891717
0.719271144667 0.589437943073 0.182721598658 0.343128036191
0.531692407166 0.450290639252 0.99941496328 0.0392739080613
0.805762826793 0.830133851368 0.996465404157 0.0450044019689
0.169424854514 0.223460824395 0.924836867544 0.0846744140551
0.281326818907 0.691983788038 0.601354850266 0.169624702744
0.686080420038 0.142127659578 0.961776325735 0.0296229041435
0.483918561751 0.54451917141 0.876318049489 0.153096232115
0.101754726062 0.519890696941 0.94196740363 0.140313690438
0.2364780028 0.701623054949 0.933053271254 0.178307464657
0.625400375199 0.414874718 0.781488784691 0.196231506867
0.803278736525 0.463127825427 0.997418605361 0.0346447159424
0.529065373181 0.0988183921161 0.574454775222 0.153108161728
0.351396748881 0.750519679744 0.780589522183 0.248806869014
0.699565600997 0.272129140046 0.994732092416 0.00678622787387
0.754868500574 0.420882182258 0.543522068432 0.31044850113
0.810561311386 0.157304552283 0.630134773884 0.0352271173935
0.809638142497 0.531350176889 0.999830439722 0.0974953558103
0.194299724116 0.77199306383 0.958724507368 0.0147275911155
0.852171961058 0.576812085513 0.737701594633 0.0854722631936
0.516316717607 0.552186647119 0.988593355479 0.113994845332
0.38327421293 0.0619807466774 0.771243904918 0.15331215883
0.304947371004 0.46433272871 0.744676951233 0.172196892928
0.287015127672 0.359717308727 0.639877259002 0.29647529298
0.2370317226 0.735188104355 0.992819092342 0.0346030583162
0.709769378218 0.26538612798 0.889896692472 0.206087081246
0.194959290434 0.0388534193043 0.989229032808 0.00193689597494
0.323209012921 0.113620080536 0.877123052402 0.116982938045
0.116053566679 0.844497986591 0.995221586249 0.0646654286186
0.544292550287 0.383240761683 0.820181638583 0.130418264075
0.765368227714 0.123781965872 0.816565080069 0.0793022180402
0.551627227529 0.70330843137 0.999579876738 0.226411457527
0.392458700348 0.457772168139 0.742485189953 0.0576628618703
0.47895225652 0.80481456753 0.888921285169 0.102532205185
0.159747200252 0.712682090504 0.950739965635 0.0350471626177
0.3557719828 0.316861281708 0.84288135541 0.0404305075286
0.327399105565 0.472601449584 0.526902598962 0.336037034878
0.432748666104 0.677590305207 0.630444690808 0.148029961036
0.846504304586 0.650994405297 0.623836928901 0.116108602132
0.313695220846 0.245330529097 0.724693490211 0.0688558638885
0.454256250769 0.657617172574 0.928488909948 0.133174158862
0.902720735348 0.660183378781 0.772345626434 0.14855128669
