0.153410266194 0.218254787237 1.0 0.116262133754
0.833046623074 0.56827587917 0.999277285012 0.073442363721
0.278848655077 0.800196156871 0.999982548629 0.276953182456
0.717255181876 0.888277663313 0.834464885353 0.161581358237
0.420169713477 0.122180177788 0.657793623666 0.0800758025085
0.238079795294 0.579132139849 0.916697805008 0.0675913633105
0.976213170468 0.593075718444 0.999969143474 0.013424373572
0.560687733847 0.37216800656 1.0 0.0670125691076
0.647648683354 0.0217736652464 0.992727477163 0.3054507163
0.738900215527 0.141132497074 0.999871827244 0.154794956117
0.29421204902 0.24818919432 0.999999999846 0.217826288246
0.388132956817 0.731565654121 1.0 0.0665637012122
0.255514658237 0.403990628922 1.0 0.381857615117
0.358951811476 0.209510495948 0.999999999947 0.178856058514
0.824247029179 0.203494760097 0.996044195285 0.176523525682
0.160019122359 0.590975346613 0.999279309132 0.0989302554261
0.651797535212 0.13127432994 0.999998205488 0.206354947532
0.859496259468 0.325261641341 0.997652834477 0.258567447149
0.152604124703 0.432753817678 0.999999998321 0.115307546472
0.620266572708 0.93865036671 0.827827559291 0.0793353449114
0.67828557 0.690619870939 0.987182277298 0.140206477484
0.739610974384 0.5456316446 0.990561689397 0.0466194775253
0.270394185083 0.776156529717 0.999999999583 0.0667003695677
0.808531407138 0.737639027196 0.801811421374 0.132352933421
0.320166676212 0.265300365888 1.0 0.123190171086
0.878117496757 0.0425782043011 0.996991957155 0.0783370316259
0.690148974023 0.397066138682 0.998813022412 0.214660323741
0.533783435728 0.826856050458 0.999699386949 0.196522935388
0.318106153121 0.645943889198 1.0 0.0712399040797
0.705480480656 0.745503002021 1.0 0.00970813234616
0.75885082917 0.721483747276 0.998948556166 0.213099985869
0.376490322534 0.0875568777677 1.0 0.142643348099
0.775415162298 0.679945090584 0.999999964145 0.131038602188
0.1455166461 0.106149464183 0.978059734038 0.142669692306
0.247287753437 0.552951566642 0.999999999999 0.404971943168
0.255781998601 0.213672808401 0.999999999905 0.064326647358
0.669650906304 0.813243586375 1.0 0.256594040877
0.429108235427 0.987479448706 0.997669986309 0.185693684116
0.213562858188 0.302645071041 0.999973308237 0.256121019341
0.582524602569 0.563216343528 1.0 0.413817475906
0.779153671666 0.265733175065 0.999192168636 0.0397662836652
0.796890697097 0.970910852584 0.999624866926 0.0673403996718
0.768255834493 0.654090275406 1.0 0.106121389724
0.87377434066 0.294688296078 0.932517212812 0.159978578434
0.244510476862 0.560646614077 1.0 0.350410634391
0.69011501675 0.515190718042 1.0 0.282004055391
0.826920068565 0.496749941946 1.0 0.0777897445014
0.756038105118 0.224163581782 0.999999997853 0.086659791998
0.185824700249 0.961962250767 0.971104528355 0.195350686203
0.857216521297 0.678093929211 0.946759128 0.167507610426
0.888301547671 0.163266175841 0.939163080822 0.0780375390386
0.511338890875 0.0449419967597 0.999999992307 0.136249918525
0.349449569496 0.31177394403 1.0 0.214499645792
0.305044983245 0.0575334309383 0.999998319155 0.195265495398
0.0572140390648 0.744206936949 0.999815757302 0.290690810583
0.68334129825 0.854576686564 0.909616764792 0.185742863146
0.790992992713 0.756089539458 0.954520800382 0.102667264396
0.518015764181 0.87679708192 0.999261597192 0.323320689667
0.607175130336 0.721528454148 1.0 0.245247517251
0.61575452105 0.345582641612 1.0 0.208502237117
0.619785892333 0.172070889612 1.0 0.109118275029
0.314360443534 0.224700260767 0.999928110437 0.210123514149
0.426134643108 0.328131763956 0.999995012796 0.226806879968
0.501856869799 0.706274821224 1.0 0.380978287656
0.358569733273 0.625774167906 1.0 0.327784009729
0.813390197272 0.479927849295 0.77053034371 0.165496470999
0.472408239335 0.812135056212 1.0 0.345803444874
0.359558554005 0.479616528725 1.0 0.285336661541
0.459482500566 0.707528279221 0.914878526521 0.169159866428
0.225200982478 0.635056368412 0.999999187138 0.272144113056
0.383436476868 0.546213000675 1.0 0.300588809745
0.444716094882 0.397676425944 1.0 0.224016784536
0.858704098391 0.643175985028 0.999999999848 0.293430760593
0.57926515116 0.872437337577 0.930506601428 0.248727137772
0.713733539119 0.744942439649 1.0 0.341670374856
0.254261399023 0.973526832877 0.999999979576 0.350420028316
0.378375287405 0.123128284143 0.999999999019 0.180051001385
0.77367860294 0.404912479913 1.0 0.187086216312
0.117934620453 0.48402027289 0.91611400152 0.290803549652
0.324210275029 0.371049164101 1.0 0.0520076701199
0.500621766029 0.641913732659 1.0 0.353976268608
0.276503312458 0.562760028588 1.0 0.265748598013
0.168926405722 0.087417473774 0.999968802159 0.229765547809
0.783172604617 0.914036345976 0.998444809951 0.101994777786
0.720970605234 0.509421837475 1.0 0.0732931125019
0.17163390146 0.801356476513 0.737603948539 0.137790226461
0.591119552502 0.682720458734 1.0 0.0827909047792
0.0898041306626 0.190850092551 0.991843051064 0.354449618251
0.874302028536 0.397559501317 0.999999996079 0.249264110001
0.951775325628 0.787694331706 0.995573893867 0.00040129141277
0.40902441106 0.940872441232 0.999709184547 0.155628263524
0.599021579075 0.907346132173 0.999474510321 0.0814956191557
0.538028800156 0.722714305175 0.999991283045 0.0768376522382
0.358731292852 0.717337352588 0.999999692203 0.156066804193
0.505513151003 0.971721359859 0.999984736228 0.202673951588
0.245780060303 0.616217384441 1.0 0.233830645866
0.59863694695 0.521349020162 1.0 0.188352116094
0.235990264555 0.347254139662 0.99999995739 0.0742816614179
0.348333595047 0.632631439802 1.0 0.483437941792
0.311200423122 0.494463505346 1.0 0.350710529218
0.119525567171 0.164378942702 0.999998037544 0.323164397882
0.60057978527 0.542300805562 1.0 0.161981980931
0.963416497969 0.624021100267 0.950474073913 0.0868257473272
0.532372457294 0.928909092355 0.843726154249 0.0454568738913
0.785671131706 0.387236208245 0.999999999932 0.242906867368
0.713703474944 0.835381437237 0.997583489781 0.262034283487
0.15338764165 0.372517156653 0.947062209038 0.0246793639493
0.0439819705218 0.380312432544 0.864330581472 0.155678443754
0.380216811814 0.643677788499 1.0 0.173102468006
0.0399788649721 0.449079978443 0.996979966175 0.304489228849
0.529888167166 0.753763498156 1.0 0.335016482394
0.853577831174 0.877279453815 0.999995306033 0.214046601627
0.374683769528 0.767403460924 1.0 0.122964396047
0.961297424048 0.485061374237 0.631057098852 0.104142184379
0.997096540413 0.955593076334 0.980768907921 0.00795027232916
0.698797962849 0.655913858317 0.999999999999 0.0908451717154
0.254911170799 0.792883999638 0.999999995098 0.248851972609
0.147737219678 0.196912749724 0.944778275385 0.104737523673
0.564045172683 0.413565412085 1.0 0.155644134599
0.61317100417 0.690781990649 0.99999999525 0.0789210069357
0.289240870742 0.384314149721 1.0 0.341545160635
0.5970968236 0.476888499552 1.0 0.307804546564
0.421350135318 0.282908404664 0.951188162915 0.0454215703012
0.388741419029 0.0562170676802 0.976757596612 0.0344813833082
0.150456613208 0.635629238975 0.99999999992 0.0839059921769
0.948358869084 0.811380594424 0.997754582957 0.0924618622935
0.780316783797 0.277547119983 0.999999963564 0.216915909975
0.534096989304 0.260828662814 0.999998930826 0.21542192877
0.796498297389 0.301679196319 0.991295318407 0.313440182808
0.320428283437 0.882220225759 0.999999999872 0.230951044334
0.620817081348 0.216644671453 0.999999627623 0.11578415923
0.273845098901 0.634903383932 1.0 0.211607438081
0.971440407544 0.684169970041 0.940172885264 0.186774547452
0.148800061195 0.0423976792298 0.912017891754 0.00738198981093
0.593596501177 0.374157315351 1.0 0.18970284255
0.710305767663 0.958995569298 0.998599425829 0.0984046282913
0.301785165572 0.53632510001 1.0 0.0494120615864
0.541564034094 0.624549162323 1.0 0.374244394294
0.364478850698 0.79538541315 1.0 0.172880142268
0.501720927335 0.580407851303 1.0 0.00299144851111
0.20599649151 0.2424953392 0.629041861474 0.0847577165164
0.538007890096 0.619370787958 1.0 0.00583987787748
0.504317498486 0.656286525722 1.0 0.277247859959
0.755542600307 0.990615114396 0.999975149823 0.102371699015
0.0861910375553 0.846436302692 0.987388570271 0.157981599714
0.0201735810744 0.993578730572 0.728352645528 0.0482481420509
0.728113040978 0.285606010208 0.999999999908 0.422325401278
0.490520297322 0.920041471345 1.0 0.161341247401
0.330800418533 0.711851101116 0.999271041485 0.0989701487119
0.245907753575 0.608287399252 0.999982103302 0.226790043239
0.520647350623 0.333638990484 1.0 0.0164411954083
0.186949056908 0.568700530367 1.0 0.338398474117
0.128638055634 0.889857780848 0.935598355924 0.0177156687977
0.364793327575 0.271623783007 1.0 0.368013641641
0.483240950921 0.425844113652 1.0 0.00656705678148
0.521654853144 0.581309381887 1.0 0.0635847355782
0.0362083228831 0.181350258689 0.99995884505 0.264685186033
0.174576810407 0.477339189204 0.921611150811 0.144482960466
0.510596251743 0.727155566157 0.999999624217 0.296206679301
0.805862503757 0.0316613462585 0.996674589228 0.354290247877
0.120515513894 0.596540165474 1.0 0.236471581295
0.842716338578 0.95814101145 0.941433054174 0.106767552765
0.181077969219 0.791585929592 0.98210425978 0.0875842424183
0.0903793923004 0.953279608141 0.99977492872 0.0942321867884
0.588454144076 0.40064338651 1.0 0.227459374788
0.434391781654 0.440187370445 1.0 0.235942021042
0.0629755858794 0.0126158288341 0.937027905531 0.120959819864
0.421277850729 0.813032599657 1.0 0.133921117792
0.486904631828 0.675126061174 1.0 0.0435081485929
0.113545824315 0.876119956124 0.998812181415 0.133781624414
0.87661058741 0.312820220383 0.999999314644 0.316650430715
0.662265189052 0.674510848316 1.0 0.114907091298
0.0396432746992 0.294642748438 0.979427193859 0.145598346103
0.0778715910435 0.854601931453 0.90280844531 0.0842361472822
0.358268088771 0.592633737977 1.0 0.219385588494
0.44455154727 0.62874151249 1.0 0.236062448534
0.0798821697031 0.531796185935 0.991487378243 0.0936685789795
0.753597585689 0.625978228928 0.838873920656 0.311071116937
0.253696789902 0.244303047297 0.99999999995 0.167727499558
0.928812247799 0.276333755194 0.891975817515 0.0649051602568
0.988430717495 0.407438746392 0.999786704768 0.00590425893013
0.56483122446 0.520812135899 1.0 0.425770116633
0.843151614291 0.52391037416 0.975870525214 0.0695335036315
0.961437292808 0.683922164093 0.997173387818 0.209953165498
0.0944050472247 0.874112745649 0.880592637363 0.235509860136
0.759054480371 0.612705544086 1.0 0.33966413333
0.453203985423 0.362546807095 1.0 0.149460465965
0.566477722081 0.414794552694 1.0 0.196599600391
0.690978135151 0.17069382848 0.98093396403 0.244371026132
0.106465846583 0.306896401232 0.999637375592 0.159987021876
0.325900880312 0.524164461625 1.0 0.417091514213
0.229892865096 0.32133435473 0.999999917342 0.388841190436
0.128565441121 0.0444108182279 0.957940010833 0.00519610551532
0.494464319825 0.587915611065 1.0 0.0108484003964
0.987302277965 0.469499873914 0.99807238404 0.0400363713899
0.491970614207 0.863789720712 1.0 0.0917357479753
0.586785918598 0.437168273404 1.0 0.290578051221
0.780400201808 0.896421600681 0.921925525238 0.156380055757
0.447378770865 0.404371859844 1.0 0.342636604355
0.354495404472 0.155863293731 0.951706592538 0.145140910109
