0.747735768182 0.53684609187 1.0 0.188468903052
0.206512110846 0.956969173563 0.999980586702 0.126185351787
0.716516314308 0.223579876962 0.999981801179 0.238740190287
0.928899446008 0.0391086716732 0.99973222605 0.180490716969
0.203044089425 0.853479206116 0.877805941848 0.0460091848354
0.228435440467 0.412452458264 0.99815400347 0.174917145498
0.993297324564 0.732006778008 0.999999999938 0.0174466252079
0.853421447043 0.366714286029 0.999999998442 0.230285707363
0.860686337934 0.243785015442 0.976005169288 0.0310914378593
0.295011780202 0.480154773416 1.0 0.307269833898
0.509425020692 0.113032127704 0.999996042872 0.200066606421
0.516679634162 0.798921345519 0.999862277535 0.0689018281541
0.741374705525 0.581021830085 1.0 0.0469823020133
0.0120563864797 0.860807662195 0.999932669847 0.0591346631579
0.770589965947 0.799830089934 0.999984675621 0.0638714859464
0.0916231190284 0.0334166053042 0.981575627055 0.00775905650905
0.93680573771 0.860852324955 0.790568783942 0.0252428156932
0.787346041986 0.532889884649 1.0 0.24601264078
0.884394583647 0.165759175559 0.998616970696 0.281581372486
0.840561864954 0.866471578413 0.996959103213 0.221242515295
0.174983461258 0.288263509339 1.0 0.126828863393
0.21874555667 0.260077251652 0.999999997988 0.355202061031
0.644219330262 0.477941100071 0.986286979323 0.164143689079
0.938489927203 0.941886916274 0.886431762543 0.024470091761
0.543833351301 0.727958712929 0.987441735456 0.124026240185
0.354269022331 0.764545906258 0.987296424113 0.235335469255
0.219111363302 0.239330454235 0.970708764602 0.159501582632
0.75167622977 0.429486800373 0.891924564567 0.0758862640122
0.674096917632 0.673199220251 1.0 0.283550902241
0.101681827566 0.860242596125 0.999858607419 0.0208726328575
0.107604079869 0.280801032274 0.967099021168 0.0724767357578
0.642266654735 0.268849623466 0.999999991977 0.0965012948769
0.837075296262 0.629911415772 0.999999986486 0.280128545348
0.11815353531 0.512664158277 0.971547944083 0.0853199934821
0.635422457934 0.633859314996 1.0 0.222371622488
0.973371321397 0.614665842054 0.999999792381 0.0342558972451
0.216939301947 0.740246831763 0.999999852463 0.0779366301471
0.495518441698 0.936154527762 0.999997708938 0.0411714660396
0.719050341535 0.369925131392 1.0 0.32212432671
0.547345837999 0.306528766549 1.0 0.439402002522
0.743691560694 0.820824295725 0.987729423933 0.0325843578434
0.493582431441 0.429015161506 1.0 0.00223605923096
0.533560777479 0.843143984325 0.999765100657 0.104712490797
0.65398277327 0.130819136463 0.987417694813 0.0905870431475
0.643537997236 0.681328347212 1.0 0.0774330763456
0.994930810115 0.658899282982 0.999999999751 0.0879931932141
0.713419972528 0.441385062772 1.0 0.296298345437
0.335206359396 0.0371363828909 0.99892450893 0.0523030916821
0.489563408352 0.0885929480941 0.999999999999 0.218019215221
0.636242682493 0.616220849661 1.0 0.213267580952
0.558854223718 0.60303207962 1.0 0.0272546579733
0.17816458068 0.613653144609 0.995765766376 0.210933786193
0.902234627986 0.35068871848 0.99962532815 0.0509536679716
0.474210313741 0.291741363982 0.999999999178 0.0315801770475
0.152416021709 0.866565341834 0.999012978047 0.0178123116512
0.0428418851764 0.718818565722 0.914312327441 0.0283867321756
0.0433963003685 0.54002387379 0.958382763796 0.226852020925
0.673134305891 0.857033838176 0.999323064445 0.198874845673
0.539289078717 0.523784068953 1.0 0.432872023963
0.131209965205 0.116128559149 0.99958955816 0.0759247975439
0.53787492767 0.292368811562 0.999996515604 0.312462976519
0.768572220393 0.074657784318 0.999999975972 0.0487349961597
0.00844374183915 0.229703836313 0.999976348095 0.312746856282
0.351477328556 0.261969802648 0.993304585442 0.158596154992
0.685768571919 0.868651134771 0.990363465684 0.259448612447
0.0839730853735 0.0479850145955 0.978087406572 0.00925078133475
0.087113695162 0.320356057798 0.991614734132 0.0409579426452
0.632071527337 0.942761659834 0.999999872415 0.170723160047
0.175249524058 0.669804934259 0.998816531117 0.196119517798
0.293004771017 0.357755139371 1.0 0.239005722846
0.70234167996 0.280395256307 0.99999999885 0.0632049310607
0.782845725816 0.980731817171 0.903535340813 0.257391666847
0.557972695843 0.242798403719 0.807333022474 0.170715982246
0.218205842058 0.441456567912 0.923966078536 0.189877516318
0.674700840431 0.709947804561 1.0 0.175361274613
0.304220130678 0.0462725123172 0.999974069087 0.12161643499
0.466407279425 0.654902227903 1.0 0.124862206116
0.594812335215 0.619659314366 1.0 0.259182927603
0.599645250493 0.44214996919 1.0 0.0263558831514
0.971774667329 0.565086805493 0.905245714341 0.0519619157532
0.487350205273 0.0710904772705 0.995598423145 0.0741780412793
0.165192877122 0.10387702617 0.988004639109 0.190901888319
0.391357157634 0.773115247425 1.0 0.101275896882
0.417453058059 0.484561207394 1.0 0.0670880980096
0.712317101637 0.174116007223 0.999986854516 0.0468129627472
0.592825265645 0.501134061494 1.0 0.156204680591
0.833830279964 0.398424043561 0.999999438212 0.172114090192
0.293387433661 0.32264872034 0.914764152281 0.147376290282
0.712296139309 0.652882331233 1.0 0.211296950339
0.0837816155398 0.177219309655 0.996189352164 0.174986363643
0.658616965423 0.534086945577 1.0 0.162308891853
0.623148088328 0.430901650308 1.0 0.0437174129156
0.340721471093 0.329154530986 0.999961840465 0.0499395640936
0.516467650803 0.183326167568 1.0 0.286347567575
0.126090493932 0.555264912909 0.988690432771 0.165274454676
0.623448404941 0.957776528119 0.915051784445 0.0551181678774
0.823598982798 0.706669629352 0.999999998603 0.342328932088
0.804305351617 0.681264030639 0.892165981846 0.108952141615
0.498598081489 0.357457566667 1.0 0.0757304223178
0.150561980614 0.894099291465 0.999998877037 0.0602785282989
0.202425819861 0.983046506252 0.917638538085 0.0552191175568
0.550275124896 0.48081979802 1.0 0.273807605987
0.574213285747 0.361035983242 1.0 0.175885476634
0.831736610655 0.327530825874 0.999999998726 0.24081487876
0.218936412138 0.451747957807 0.690607579476 0.111301900012
0.968785245608 0.133162111262 0.97271360058 0.116992310777
0.612593064805 0.84314472023 0.987509016687 0.0113723043572
0.0682243026963 0.0661731109371 0.91377265336 0.0195028077461
0.527801157462 0.214015079475 0.999999988715 0.304053906059
0.812953672453 0.547020282822 0.927474895596 0.231451600193
0.10974106438 0.191690325834 0.943089736479 0.0354892105849
0.595254765846 0.157774447248 0.999973647919 0.0724893364318
0.31414445739 0.271638184381 1.0 0.154491366386
0.809775924445 0.352992576459 0.997189215027 0.328394872482
0.789770065354 0.725258467161 0.999999995028 0.219018065679
0.6204941257 0.122074981425 0.999999999999 0.111993988806
0.793663671507 0.195519971572 0.999994612259 0.363414813232
0.884738652828 0.504354268558 0.999596310115 0.139586579608
0.521771022229 0.391342277682 1.0 0.373158321993
0.338853664814 0.669361514627 0.999997919982 0.312674082881
0.854400014576 0.697841308124 0.99991992424 0.13939675004
0.935441865085 0.750775693975 0.997744893699 0.0735555020374
0.203767592213 0.944629567551 0.919540996186 0.32281608766
0.77594680564 0.484329573279 1.0 0.227424714351
0.299480174828 0.279843465337 0.973339786149 0.0102655430853
0.718302029105 0.715826156365 1.0 0.193873977412
0.488948922653 0.00358211978863 0.903299308211 0.0952177016882
0.406406319875 0.45096601678 1.0 0.239940059478
0.0962330438856 0.641662271361 0.894209613145 0.161353605584
0.136519424833 0.883687628089 0.9840083046 0.126080412989
0.64229567516 0.0145628142389 0.999967617314 0.269537469171
0.383097718606 0.853616874385 0.999999999881 0.0332760295837
0.801370619578 0.491732385386 0.949604884322 0.27165505648
0.726655008663 0.460196276746 1.0 0.0859885285055
0.0386582656611 0.133999919178 0.999242171676 0.00842120489632
0.448413191861 0.845139879876 0.999999999986 0.251911742654
0.409278171479 0.674892994993 1.0 0.157310603411
0.303280504206 0.367764710645 0.996579835124 0.0241429542245
0.228685927399 0.378084530811 0.599192954377 0.0842261517073
0.397363744045 0.564460454765 1.0 0.281092425442
0.478055989354 0.207401129494 0.999990252973 0.14948749173
0.758749003079 0.723259937665 0.950147788114 0.126566739769
0.833159311011 0.692285326693 0.999995797122 0.12284399692
0.604765281344 0.671695208363 1.0 0.0274604192423
0.0425988510039 0.595415482956 0.822451991331 0.193123098702
0.476882698306 0.798951526268 0.999999840564 0.0497104185853
0.38690341457 0.857792952609 0.98021385683 0.286922247422
0.0109383233973 0.779944413057 0.889996102076 0.0118693627764
0.686119731301 0.885169954178 0.999999999652 0.0569252076859
0.813691929855 0.249400092204 0.986481171783 0.182231725101
0.623408867762 0.552143717789 0.978458875061 0.258788476922
0.761749308603 0.30763499869 1.0 0.372341958236
0.955927509177 0.9856799728 0.757329312401 0.0429351522132
0.258082354897 0.713447122404 1.0 0.0916681360153
0.575518031468 0.102250118672 0.996650986958 0.255787564149
0.295377156026 0.566679346972 0.999999993014 0.029226638852
0.942318233321 0.76996839019 0.953837026892 0.179420045636
0.631660260458 0.931909537086 0.974185388894 0.102037415197
0.846631985364 0.35901421731 0.999998869037 0.323736691219
0.0467920024027 0.654844087572 0.999999947747 0.0431288002174
0.619297101988 0.191625624062 1.0 0.131087192193
0.147478281161 0.879605099664 0.963500354177 0.346873095986
0.930517001451 0.878439856976 0.995507950645 0.298789493582
0.862334754582 0.237948576854 0.950217054069 0.216153231884
0.777722140874 0.39100307568 0.999889509119 0.251649136507
0.301600980292 0.206997868347 0.949645131045 0.169326921273
0.916422518256 0.140729581065 0.986426370443 0.16010326351
0.448800748228 0.238440026612 1.0 0.174720923567
0.893846282906 0.561583774242 1.0 0.310904008517
0.965692157114 0.771124375113 0.96724635078 0.13135730684
0.54765153853 0.160522249191 0.943176710239 0.00267534041003
0.907153611683 0.900508406084 0.949091243459 0.263960396645
0.497699035996 0.602617559642 1.0 0.186139330401
0.836340817193 0.390982395412 1.0 0.00902343325759
0.797100132552 0.853171807237 0.963144948655 0.00593824436533
0.432634594699 0.675186017129 1.0 0.194794763307
0.484695605883 0.405877620572 1.0 0.356382537494
0.0636493539083 0.269481880445 0.813455224319 0.213004931452
0.447870430257 0.740513848135 0.999999530837 0.121464128994
0.643147867721 0.340895048248 0.999999999999 0.0813822216175
0.0969939158143 0.449369414272 0.99999999991 0.0821055650361
0.358661122993 0.832138579014 0.999997790326 0.135569543096
0.620276236517 0.683794421557 1.0 0.338127768907
0.43848049905 0.894774114164 0.990500521279 0.171982754345
0.631183554697 0.164087147131 0.999960931509 0.0115346593616
0.0128434833372 0.628979225676 0.999798146819 0.135566351732
0.238676803451 0.351177382651 0.999999276727 0.359643032573
0.0015955018373 0.166418367331 0.720708811822 0.0480248855392
0.434901457144 0.629824285701 1.0 0.187587793634
0.819966072362 0.213237136513 0.984849767479 0.351320203231
0.0127760640202 0.925540556825 0.999998061645 0.00326044461857
0.384200631439 0.766626031846 0.991661152057 0.132593599501
0.565546909814 0.639605150937 1.0 0.475753139047
0.126182078852 0.231924837626 0.988563549062 0.0596779056247
0.337585304027 0.363821188318 1.0 0.0796578639209
0.356746919667 0.818223551566 0.991367014164 0.221884636728
0.521175585695 0.326906724391 1.0 0.253189680786
0.850905523486 0.109563891458 0.939514615292 0.0997005209858
0.777645379964 0.505318442846 1.0 0.235156759097
0.724298288159 0.174273149632 0.98023203654 0.315757960994
