0.549490358261 0.0122931916033 0.946390461513 0.030926392644
0.668541590007 0.980449059551 0.660471818563 0.06139021008
0.599715721371 0.646760040077 0.0194403768754 0.230723704614
0.459312648386 0.220037834868 0.982631645758 0.0288590421697
0.244037073158 0.643364862929 0.989838712336 0.00403032287312
0.415085194696 0.522526927129 0.677250549526 0.218651145328
0.978453176567 0.71589928408 0.685602705491 0.154968772971
0.348650443252 0.041911387414 0.9825906761 0.0109351644988
0.506510659333 0.542113974327 0.962872312971 0.209508928335
0.226814217954 0.295757607125 0.554543605983 0.225876154448
0.227266451892 0.526231238244 0.926771978381 0.0574087317578
0.457571090045 0.484043941604 0.98078555313 0.144143551746
0.721744005092 0.759333590113 0.859275909633 0.116575158706
0.710153763629 0.337974408278 0.538097326983 0.126426207426
0.366651764132 0.288756378019 0.934659681335 0.0197232333894
0.525386268374 0.871527189457 0.564544043947 0.269638116854
0.788584403535 0.381532080124 0.717210774369 0.0892543338991
0.0639888768563 0.376768250191 0.536827012142 0.0483665516694
0.20563675387 0.722356511954 0.625635519959 0.182702267775
0.697365666903 0.501921868186 0.445299688688 0.20054777739
0.424061569298 0.135182640982 0.718869992034 0.112045206723
0.596668845817 0.944820138263 0.63740623831 0.212766943578
0.498587599203 0.354366144814 0.738208235183 0.125604149811
0.729881956807 0.640320275212 0.798855380651 0.271163050688
0.531489221905 0.777442507424 0.462838205892 0.144030589703
0.552386556307 0.342929543503 0.167256328919 0.299666986499
0.520535898996 0.38912065788 0.402901241183 0.127546789185
0.196465027491 0.468018746753 0.239910103484 0.119430623578
0.259390160486 0.782138697265 0.795577156568 0.0563345560987
0.814141850486 0.655039065681 0.702292852266 0.113653817667
0.815407761816 0.79826732244 0.454228657643 0.329742410771
0.162846412122 0.278190170588 0.493932924595 0.186740353398
0.149610835343 0.646392107526 0.594608792117 0.0665288302436
0.709543286145 0.556566982616 0.598178015179 0.137146018779
0.680328315052 0.834188234777 0.394116890423 0.0877700774876
0.900277553686 0.215519502508 0.631502017101 0.132857172042
0.647898026645 0.921115887616 0.646059327118 0.109666673253
0.364801367644 0.676002191471 0.548636170581 0.10933927113
0.0166353112316 0.195830197236 0.90513761678 0.0242566623491
0.805739166581 0.867122400447 0.649946161995 0.149480071632
0.176988218553 0.135873914565 0.57474455772 0.148689355899
0.308991519237 0.175300781 0.709761305936 0.109934249892
0.793154939521 0.232145458431 0.641148022565 0.23206160339
0.205082300589 0.314491181604 0.653955657808 0.057949191676
0.505264133816 0.986850628637 0.451380160725 0.247424811769
0.608982049515 0.855913740836 0.77111758505 0.102574623803
0.51618526178 0.299579918825 0.508143037791 0.083182647517
0.653726751743 0.440758649592 0.304360363856 0.218135047545
0.922311572556 0.0391168459992 0.854870657028 0.0953513697791
0.283376540007 0.578481411026 0.741856684146 0.015219450137
0.3936825499 0.417969000002 2.2786432599e-05 0.162397201058
0.577070501645 0.898439844423 0.641040016645 0.222330944334
0.390232842432 0.438470009678 0.0722387556621 0.137762324858
0.263346044376 0.599131055272 0.591642882053 0.0769144606423
0.67470849295 0.11409147246 0.894527015445 0.0436913172359
0.429459166058 0.632567351969 0.8700813961 0.0135203650511
0.260247297692 0.414157545019 0.843839775923 0.00717359492556
0.591414119006 0.0436553077145 0.643825631701 0.180374550169
0.875784572297 0.875944692597 0.996723845705 0.014695878255
0.180894233187 0.723704650262 0.867431779488 0.011247688318
0.642905497795 0.751333785505 0.784157634903 0.148010826702
0.777947622089 0.166982102658 0.856523819863 0.091061482513
0.549744211342 0.615890883557 0.325388669704 0.122932897224
0.917127603341 0.176570304348 0.642854118969 0.28249125198
0.0167438062243 0.95353224585 0.788793861313 0.113564846917
0.443367558065 0.806683139948 0.970761716374 0.00693739847084
0.108378875652 0.598115782081 0.668230944803 0.216147435755
0.124069625872 0.610446745845 0.968081818529 0.0121521717249
0.513783763963 0.380213641551 0.260241917663 0.183605488655
0.641127370198 0.860568170677 0.701055127983 0.164329945644
0.347420962139 0.825522450316 0.577738723961 0.0976616153136
0.781617697966 0.85382606273 0.893950320696 0.0560372686311
0.588278005681 0.947184757802 0.613855413512 0.113892191668
0.581521848574 0.609485577232 0.0113887323621 0.0991517604548
0.607810335389 0.209914228823 0.702107514143 0.0811077113703
0.511082292517 0.831329937285 0.56334706935 0.086255200836
0.998860801555 0.310928460885 0.748212277731 0.170050177298
0.778217342642 0.606678375994 0.965257885675 0.0327178531405
0.620517468076 0.131984988237 0.893387985854 0.0169631054268
0.731657528791 0.608229058924 0.755018293744 0.221066908495
0.70834755863 0.638338134893 0.99392723221 0.00191814079503
0.852589296131 0.639738804907 0.783671559459 0.164953582286
0.810788498 0.240737405677 0.316818916286 0.161945365955
0.401531698153 0.964196086127 0.544593140655 0.233528483704
0.781644782535 0.677906390511 0.582735001202 0.0799853379396
0.397890496926 0.731287323862 0.608539759501 0.180693121482
0.459321860877 0.393882918392 0.465598974488 0.123015112331
0.551151218278 0.255812702325 0.422705814005 0.194631621388
0.495159601521 0.764247779963 0.788935042198 0.017385896161
0.705854432697 0.958874599601 0.66507441238 0.125540365745
0.13934973613 0.0940785956754 0.980878775495 0.0344216689614
0.380423797198 0.271337615732 0.717051049608 0.082908079739
0.806639751498 0.0371112057248 0.993948364851 0.00306755203021
0.39248424663 0.475742151974 0.734796053865 0.077733371052
0.824619380672 0.477684391767 0.920242451543 0.14312332519
0.710452273516 0.702739873134 0.884778935151 0.0542618645603
0.255539207157 0.827047414982 0.837654657336 0.0739833046883
0.635077513705 0.162186955284 0.643219472505 0.0571981342331
0.586866404829 0.78978226737 0.686533351093 0.153521839547
0.0980105076762 0.720458500514 0.621767230739 0.134773789151
0.425570276815 0.401173005088 0.46192928258 0.170814149622
0.459571601313 0.69732320754 0.2609895352 0.217204426172
0.636295686394 0.602483792944 0.773802101595 0.0357451224078
0.403684542311 0.297264534468 0.936659220772 0.0180583367611
0.510352849697 0.181139326306 0.795295687641 0.0614309527601
0.483918112503 0.77315313467 7.67032220589e-07 0.198203639996
0.955049192752 0.487379264314 0.597934345659 0.243639134812
0.266662254373 0.117569317036 0.580898945763 0.105583983774
0.143126402315 0.710158470809 0.677327519586 0.254843340433
0.110234591156 0.0282485691042 0.620586073015 0.315667647535
0.0166672977892 0.69371568811 0.527179544539 0.0902508092683
0.412034701122 0.168007768606 0.584472048079 0.197771549783
0.629643818834 0.888449327603 0.805723102798 0.0379562233576
0.221705320477 0.829640355876 0.925824950829 0.0517330333167
0.641063531452 0.605564777622 0.490370025636 0.110091075372
0.994847047339 0.0274313481995 0.83672385806 0.153206712802
0.500773264489 0.316481822152 0.608466773229 0.0887864029108
0.374313507177 0.723276107007 0.589693091944 0.0829939239006
0.941020724765 0.903872349319 0.521271361169 0.274084485514
0.103357474231 0.369026546364 0.586274044846 0.181523505293
0.910694886422 0.169886365211 0.774205935275 0.120288033303
0.0649094085252 0.0067046357736 0.694705123231 0.160358836119
0.677001981201 0.0906279180271 0.709316939183 0.187112632967
0.733639863456 0.720632359668 0.719881656016 0.121933698079
0.762089500097 0.742987003512 0.532709582417 0.0832685270799
0.347040796365 0.668042182206 0.858770967881 0.0635320563026
0.526072241399 0.617485689531 0.976574696605 0.0831490583982
0.404106896233 0.126137121778 0.647626325985 0.100597023388
0.58436661533 0.121053683597 0.899750286885 0.0658504044819
0.964837247942 0.659643883529 0.684807657205 0.14035032902
0.0265074658686 0.876648912326 0.733606602494 0.0706211865531
0.483378237383 0.302652262834 0.241451125402 0.119197092733
0.846621915267 0.741499128977 0.906459245711 0.044652541685
0.392312105307 0.655323244056 0.821740071008 0.0781063067332
0.625231020515 0.755228503906 0.832855302267 0.14132565848
0.801948381293 0.540936505394 0.568946202684 0.235630423561
0.197100071096 0.00522102283124 0.819780782356 0.140010736467
0.321676705957 0.893740062853 0.624511626858 0.146137378205
0.243638598367 0.416486901162 0.9402297675 0.0446002446935
0.958546128997 0.3620092325 0.614214533377 0.116010109118
0.311752939305 0.14441568177 0.698843523849 0.207541468787
0.994198428468 0.564359693753 0.624024022051 0.150226106115
0.476794668656 0.328228648016 0.463042641174 0.210818644282
0.918574161534 0.596129892211 0.537501965624 0.224515751793
0.345176599271 0.213682528924 0.5380504049 0.240936030403
0.327819353762 0.575092089079 0.464536659371 0.201072178675
0.0617569420323 0.606683058051 0.663301863529 0.165150003973
0.735477469672 0.110184361723 0.627018559814 0.0635800390097
0.572916734203 0.279112685041 0.695551707036 0.0720026801869
0.775366090889 0.397872443476 0.711641365651 0.133618526764
0.693145718891 0.428878494247 0.986468644743 0.0404309847639
0.84530050999 0.0364807750642 0.955660020804 0.0150238139894
0.558482409941 0.540023140831 0.00129130730685 0.180752096767
0.746185063994 0.192294536958 0.687005239396 0.180391815339
0.489216437914 0.661973434524 0.227168054845 0.0883475310594
0.470080778427 0.995636290147 0.720426583532 0.0478452309979
0.918608043602 0.331053425901 0.991108995074 0.0663899569641
0.768539444701 0.0868655695639 0.603071892493 0.301646827231
0.107065960987 0.266698773479 0.546029093239 0.212158577479
0.544335007925 0.285095458303 0.542414654957 0.171862332576
0.146509142952 0.175927797766 0.803041454516 0.0612577888127
0.134785581242 0.369744608993 0.762427377877 0.0942024453747
0.977420090614 0.307459470421 0.685611725279 0.238069317632
0.741222474272 0.0281117244784 0.813556459183 0.131969725068
0.0961301011081 0.804876393613 0.977188565857 0.0164023596804
0.153824104396 0.309426184548 0.904911074258 0.0530661132221
0.783456952746 0.81376602751 0.737361919779 0.0869532020467
0.711236734816 0.507280726099 0.474381617712 0.121662270101
0.748489963 0.595178463489 0.43607250137 0.178010554499
0.461986220756 0.877750150248 0.609516940727 0.211304359005
0.14259615899 0.524089319913 0.791408703568 0.0587570175154
0.0551712389285 0.842952002874 0.655408883394 0.032490908986
0.280974063676 0.756061184044 0.7758537981 0.0452239451562
0.510137073801 0.773881104804 0.824038255942 0.0875761444936
0.36730542723 0.141651612217 0.558704180494 0.0604433486006
0.38308001811 0.48018060222 0.955360287575 0.00523763937882
0.0784472027327 0.423903940234 0.953929234208 0.00421984937997
0.594050309247 0.351467615202 0.589173450243 0.146072702914
0.589663361838 0.54620533384 0.0748024497817 0.234855976969
0.293705145325 0.544122490684 0.869377523102 0.144724861265
0.373576438447 0.958225063365 0.550409146719 0.164149160626
0.671187570654 0.321279245711 0.829706478968 0.0312463192024
0.0554045679766 0.0837264771323 0.5169256693 0.360185718773
0.460301030442 0.864221881529 0.855297323189 0.0751385445178
0.893536635509 0.625224043561 0.551420682918 0.0712430951422
0.937970650516 0.790742853003 0.550928472424 0.122966705063
0.385813441131 0.481565099574 0.855893884948 0.0748204689336
0.72320074679 0.549254670924 0.841509504464 0.0161887271026
0.607052188411 0.31396728467 4.52028489559e-14 0.106197286474
0.128297976913 0.17903963256 0.488735832111 0.275653982116
0.43149216282 0.490828955928 0.750598363634 0.0772093745549
0.631325655525 0.752780487554 0.429535977614 0.212649295678
0.604404828153 0.111507924119 0.979265744346 0.0106591303156
0.439475171727 0.605691503604 0.338899410183 0.131993541593
0.869687583213 0.685426994032 0.469857156665 0.286348940973
0.396493871609 0.209460280232 0.821792464868 0.0634286541003
0.524517590987 0.0666171943976 0.871872153204 0.0301999415175
0.239581280418 0.0565871810159 0.888115197565 0.0399882784065
0.14972143491 0.929643908037 0.93035529722 0.0895108118683
0.548039995355 0.129583019885 0.615702040188 0.0752691082679
