0.580709714135 0.754145113159 0.940494895387 0.0649013142344
0.649911970893 0.595874137764 0.987336146785 0.0705344827915
0.0191179473434 0.484206014879 0.990251680962 0.253672611904
0.626814668464 0.333506766616 0.846576627439 0.0613639432535
0.425760997461 0.103797969113 0.65293868788 0.131456168004
0.375338324207 0.573576101943 0.971245968362 0.0210147835413
0.525205886 0.264078785469 0.990769092292 0.134727990524
0.487857470268 0.819900384428 0.998708225679 0.230850081803
0.243229501869 0.810749778994 0.967188396368 0.0421293078022
0.112120035579 0.908607542524 0.658067067214 0.0671822343428
0.901499542011 0.997795582565 0.757242349214 0.0891879858172
0.413879874111 0.819510300112 0.925695936098 0.094537574915
0.316791311555 0.778643827691 0.612049093859 0.217961935022
0.972294444167 0.977737878324 0.528514852023 0.217726126156
0.795281346712 0.543385764447 0.543050521606 0.157549351043
0.477635973837 0.133650390232 0.960796127559 0.015632370128
0.0384882123297 0.941013421267 0.937383524305 0.19760499163
0.899684130049 0.934475709004 0.925833997434 0.0806671126544
0.38021853056 0.234845025303 0.983324209168 0.00416936325721
0.551862943257 0.29368332 0.663166781496 0.0886421481804
0.726526531787 0.612401394346 0.780985594609 0.159681443452
0.0883525436552 0.739875286688 0.99869327651 0.102442693424
0.292634128208 0.504720583807 0.997614872619 0.00304208489292
0.812568342495 0.0836125284785 0.554365549314 0.207655360934
0.71097261945 0.332475997291 0.974923038915 0.138408775923
0.430960812752 0.594007644687 0.932529926761 0.0884640669015
0.159954513773 0.352961004933 0.872413318333 0.0337336126352
0.379093417376 0.437819003097 0.984690961824 0.0552212977588
0.588027383649 0.278112460243 0.70003745744 0.176475100247
0.840163079289 0.605943727221 0.751892783749 0.215184326536
0.579298114258 0.0137639346064 0.884087027463 0.0708386433552
0.740013908012 0.929429413116 0.986887891015 0.243017922778
0.750343133563 0.437898042756 0.998105818258 0.00118924617498
0.540642021635 0.0136730354084 0.719672968138 0.112902061998
0.474726920032 0.0285299726248 0.802921525333 0.0586046627799
0.922782183063 0.423253077727 0.959054223807 0.0349454502251
0.344784270542 0.687234901537 0.513527398207 0.349958092391
0.672220397674 0.133511993745 0.540615958024 0.312005239232
0.870803666567 0.127866465186 0.538990121847 0.221698861058
0.286080332433 0.892367049816 0.848377278462 0.0660050728901
0.861779705752 0.159784540152 0.592932762484 0.261991577159
0.137451878829 0.294987598208 0.828667220383 0.0730554993601
0.838991107991 0.0706031830882 0.527993797193 0.186742880871
0.713178234139 0.178378119974 0.90265222033 0.125884643452
0.500133322164 0.19219270647 0.77432444601 0.0661696991063
0.376166398536 0.451626099644 0.943473739446 0.028952554717
0.100452940967 0.259222001081 0.862401328721 0.0310772625809
0.420269080291 0.787570082878 0.999917077782 0.0624050627064
0.109896665686 0.537666655049 0.500459352321 0.151805657844
0.712626695052 0.368863937154 0.998493558272 0.0670974885958
0.857734495635 0.601547975804 0.939324286485 0.057118356069
0.723309728653 0.358538951251 0.687123069624 0.0881969340669
0.935268758465 0.924458556471 0.536127115154 0.117669764594
0.478468609674 0.987317286876 0.531495004777 0.0613892149682
0.190309030392 0.419721462781 0.740709603865 0.0479013986855
0.842132099133 0.272011611149 0.984090618228 0.0103483241659
0.266820167217 0.493531836066 0.910677769442 0.0482465426021
0.028383512456 0.601595276747 0.770372048257 0.0848111433732
0.149451313094 0.320347293396 0.818123188167 0.138698057818
0.897541464908 0.176539672403 0.621413675846 0.0843706591872
0.931270679286 0.454067138328 0.998836455609 0.00193333844558
0.714438378747 0.717217326923 0.997500806981 0.00653417911525
0.535277617794 0.547726262926 0.389493374694 0.17722823101
0.594384141036 0.908003271709 0.974842180766 0.0874142619673
0.690458298792 0.551738385268 0.92197045323 0.0664904174909
0.081812368651 0.927790794145 0.970927262342 0.119012115141
0.774808097986 0.627245415734 0.991668484535 0.0938372564228
0.931295813845 0.230558583494 0.908909812445 0.227149989613
0.203468161933 0.725947893371 0.526355681041 0.175650430357
0.866848779516 0.737695859031 0.778129734967 0.026287931967
0.286763653279 0.60675067986 0.948739936918 0.110532879741
0.509945643752 0.0642566614468 0.982897185617 0.0233249618292
0.00206899063922 0.858706291773 0.614358329028 0.135516851844
0.341181920387 0.0625637956756 0.775884007885 0.179189220906
0.948678005248 0.531721623456 0.899292062887 0.141190452359
0.0404475455494 0.495334938147 0.933460085708 0.0844894588562
0.134801388438 0.890520863431 0.604611992005 0.0382337839119
0.387516063236 0.51124093695 0.969136156016 0.0460121507629
0.121745852213 0.118581431663 0.652301835319 0.177827321573
0.167810753719 0.135720317845 0.796350548257 0.135121100102
0.787763759696 0.520196608781 0.933117310595 0.235719035594
0.211305894015 0.32504919865 0.697128951308 0.120702463177
0.311867962962 0.48910356158 0.637144976632 0.0592332383239
0.143867361788 0.197471970511 0.63629193448 0.15143736997
0.763583002729 0.834254372705 0.684313348149 0.170794915448
0.994862323877 0.52091335077 0.557689674588 0.145206200927
0.786133360188 0.0865193948325 0.831053890785 0.0799158721006
0.375288206809 0.0565928449422 0.995234053955 0.185648463549
0.304572665733 0.812897543555 0.864370691005 0.0757716478759
0.224308355194 0.272106725033 0.561691595314 0.183856560548
0.986274301497 0.146627133692 0.888352768402 0.0361519837597
0.972153694466 0.777542660226 0.820382580424 0.0155365241547
0.634468132588 0.101588003875 0.53871940442 0.161242932493
0.220396553395 0.662491081831 0.635185552678 0.0761657347019
0.995898754341 0.173452800367 0.998751910068 0.00086570710989
0.308476002626 0.933492266101 0.619305998025 0.148127216996
0.308129835194 0.4952141185 0.985458247745 0.356177180283
0.23676374827 0.65529954844 0.695865392726 0.17113492982
0.343775788982 0.551530950521 0.868475060768 0.0775341385462
0.286923774295 0.52755240806 0.614235890871 0.173691609163
0.845147936296 0.770486687349 0.854809085832 0.244603477689
0.343367984192 0.184117672644 0.751234722535 0.108939303138
0.523179064842 0.133583277773 0.999702540567 0.124530913223
0.527236142175 0.343608549575 0.410089747333 0.199023295189
0.21649215425 0.716682987617 0.756904350093 0.104463194762
0.501461098262 0.902394612012 0.894537251111 0.0399978317441
0.956358849761 0.388588446019 0.994155301463 0.032320927827
0.0413170931033 0.268226954374 0.894048884679 0.202284598401
0.431598033892 0.453748770263 0.745930709191 0.300194205472
0.429815272899 0.334788248732 0.726227843473 0.246500699194
0.114373824476 0.202748246292 0.723178026093 0.168374052646
0.489602196027 0.91215115298 0.821308053512 0.0424124320201
0.675515583354 0.928418008943 0.872638527214 0.161117982048
0.968092375555 0.615222708403 0.553765659514 0.0842126749903
0.150207242089 0.342330444426 0.646834906178 0.128842526413
0.320837861216 0.127657609434 0.607108310885 0.180557486495
0.587564626189 0.223743090178 0.943917338129 0.0682668903925
0.682373527082 0.634487496475 0.869720465793 0.0791244336103
0.476006887001 0.267427554261 0.624715142285 0.157074234955
0.00267697433508 0.74087473385 0.86798750143 0.0330925915969
0.162096368193 0.667814826281 0.749016434028 0.145447640914
0.294193365482 0.215431150402 0.519260032883 0.464687299121
0.0968194375236 0.609774255871 0.762602052077 0.244131427499
0.65156456729 0.44069819778 0.557410115139 0.220952141745
0.341571457437 0.243552042571 0.883083407586 0.254525462438
0.66607413376 0.259046628168 0.897024794861 0.0539092061538
0.570225016662 0.910033834969 0.978073094809 0.103231481604
0.78102040828 0.55971502311 0.661795556359 0.221342996968
0.874863126175 0.239747917539 0.730335747144 0.12998619127
0.242666900118 0.133563974494 0.509418005645 0.331955495599
0.92155436705 0.0770760476637 0.93254153683 0.0207293561873
0.556845700878 0.698687349237 0.912318586328 0.206085730166
0.284346616235 0.0287120318789 0.722956147744 0.0323843751228
0.880798915917 0.193632034056 0.522062390587 0.107782497228
0.309491711616 0.607492807733 0.756178493169 0.0220982521326
0.704022591423 0.773029596769 0.63574825493 0.0131744604241
0.302331066913 0.927671185408 0.842259215177 0.0647170721597
0.55644396884 0.891467241394 0.996558563312 0.0145049777848
0.101875462166 0.83305564336 0.977381510241 0.0684265919899
0.505624206491 0.375287721237 0.38011360586 0.152088041755
0.490926273901 0.0963068366192 0.79326212543 0.110096826766
0.358056960067 0.300743069899 0.824718136116 0.290597108852
0.62033259582 0.42883721737 0.945186876484 0.00435637139571
0.268262115898 0.239865453184 0.34661745445 0.39499572406
0.0724377023114 0.868506173426 0.903776748272 0.219414605837
0.611283101413 0.912315509485 0.848267984438 0.0127385769866
0.775746640751 0.802505582678 0.887321252957 0.13014981861
0.182897800448 0.57350761512 0.874745329955 0.057168784203
0.803642596235 0.971736837221 0.998653158982 0.0567315685838
0.764128059266 0.152625883464 0.980966514404 0.120378537247
0.624596115027 0.663057170008 0.606006619222 0.259260308423
0.398024065389 0.117939964001 0.92299991098 0.195048276369
0.226621498326 0.599727042721 0.78032685978 0.0405579011256
0.383318380087 0.6716769682 0.259110645281 0.301155086306
0.502062646871 0.431829160418 0.846843277068 0.0455930468504
0.390629327196 0.362987821174 0.763456846979 0.153824415017
0.754835635658 0.554121699892 0.86218034629 0.177585378762
0.376306213535 0.301854726967 0.662484272149 0.373733959684
0.92465160115 0.661219847043 0.9575047853 0.179209366219
0.666260744837 0.0131286709209 0.955354249617 0.073284784948
0.0417290179431 0.429140075195 0.748876634497 0.114897200693
0.887789165548 0.747849232974 0.997722547802 0.0775128163311
0.447685557096 0.297024940687 0.761466033676 0.134797864703
0.423934302879 0.696944756055 0.994441777862 0.00387869453911
0.00895155383347 0.936626563054 0.980395207925 0.00669833401392
0.543609985781 0.543317192859 0.997467006386 0.0252821254678
0.372512113827 0.946646893981 0.983162379975 0.0018280092848
0.90383068262 0.240183471497 0.599892732939 0.199765052741
0.0726999048271 0.849123218947 0.917640345878 0.0477495434079
0.475454317014 0.175499688816 0.96915350971 0.0975790700074
0.00145524023364 0.496115863693 0.982273931206 0.0115002218987
0.2972388211 0.717199281693 0.971592258023 0.0154758948327
0.670341096624 0.310514776769 0.990485765892 0.139648146312
0.433458882134 0.229055502036 0.955948221801 0.174164403263
0.0695978096295 0.550940197738 0.832335663519 0.0603376291516
0.504020910038 0.911679809617 0.995989032008 0.028155814692
0.946322316596 0.552597541102 0.641152646351 0.0808242642871
0.412265842729 0.452519456419 0.903441107827 0.0643649752419
0.279634897816 0.316071715057 0.997186124508 0.106860557475
0.741060213101 0.988620514267 0.706505539949 0.111057874645
0.925787724 0.339833131387 0.992142416314 0.0596841878482
0.390907410697 0.509116875704 0.966466695545 0.228836583387
0.122383345397 0.593317061236 0.77474537283 0.0859844130993
0.867653398107 0.211638108993 0.660156526773 0.1570868703
0.654226615505 0.235557667186 0.544455707467 0.0406542580615
0.0451178316745 0.269408508467 0.945402779889 0.0758206467507
0.0752942969878 0.201479432569 0.691082825008 0.129031172975
0.304532399964 0.907993562065 0.77373321655 0.128521656799
0.859591847123 0.75519271906 0.998878514429 0.0427344736191
0.400691062953 0.811144229865 0.851897208511 0.0420863279365
0.978076489219 0.309457782064 0.688811096833 0.111597635064
0.693689733855 0.127266813473 0.763897769611 0.120415235524
0.320872904032 0.609958711212 0.966654208055 0.204721151672
0.290580247191 0.249553524367 0.841298171127 0.124484151717
0.256734361322 0.562860151582 0.940172337262 0.0397344922878
0.226106770313 0.0748904984208 0.998981081313 0.00666960464292
0.197887337099 0.582108731852 0.998127316452 0.00878045604379
0.926515599064 0.69597888161 0.507019305479 0.150168932466
0.592574260211 0.226557004789 0.789572061379 0.0947148417698
0.577699466388 0.471439624039 0.765957245362 0.174769570966
