0.805876536243 0.705358020192 0.933821012764 0.136438784553
0.341321309772 0.922576417195 0.658652498228 0.110480629758
0.388543796534 0.429090164352 0.776296814966 0.202115924406
0.447361270933 0.857174864333 0.745086692984 0.116126287797
0.560711953371 0.302967025364 0.57324906747 0.211896649628
0.676567059938 0.805575815934 0.631159626615 0.108451077595
0.422713106515 0.731166725116 0.99989811842 0.123485400531
0.640416243658 0.197641022017 0.997479383758 0.341353013766
0.275740443792 0.356641788682 0.962856307852 0.00445760551459
0.441604361515 0.505265718171 0.990966322797 0.317198413077
0.380512280432 0.0890850328972 0.87267421697 0.0437399040313
0.542106558344 0.207370484235 0.909748676993 0.208749845957
0.489295131916 0.998264259759 0.950055153104 0.020713998153
0.303137795512 0.949791377019 0.574999466428 0.0984940070226
0.685554039764 0.756476269867 0.683944047823 0.114978994707
0.393270642758 0.979178878842 0.828719235855 0.060035731707
0.0610719161298 0.896165794865 0.933091092357 0.0525013722744
0.00983747831226 0.0678713799037 0.905130228548 0.139270226386
0.193563092002 0.882711398069 0.857086196874 0.0265978888959
0.849488710511 0.719646772485 0.967769944035 0.0429233643568
0.990380432135 0.836012074726 0.712615924195 0.159371192597
0.492949497539 0.271616849342 0.584552495999 0.0937020118447
0.26202352096 0.19063117986 0.745804475682 0.0479011491578
0.875999096974 0.504505712447 0.623657462536 0.117872392528
0.42718773083 0.269512635372 0.999296958839 0.00133584008686
0.843958421892 0.233548446069 0.984207125873 0.0192995356346
0.817449952417 0.041000662971 0.811498678522 0.0879455911316
0.935120485539 0.655399470919 0.943123216365 0.178119626224
0.493500961683 0.119047663259 0.99999829769 0.105758152327
0.900505620839 0.761796571028 0.768778666953 0.0816901169873
0.542656011772 0.577894799822 0.801202919325 0.279180499621
0.527063464286 0.472257870267 0.952611937339 0.110571185788
0.593304354834 0.809250866106 0.756514624261 0.103509132161
0.418946432292 0.186166669611 0.978650148308 0.00331886954624
0.114816779306 0.501361600265 0.499976844106 0.388150751519
0.83353326613 0.252703123614 0.973608333214 0.119177708487
0.0323940364138 0.553384452131 0.698924292981 0.0951184560655
0.218731203866 0.659924575327 0.722760469502 0.169088783528
0.58788030215 0.704869775883 0.996757953288 0.113288933268
0.174044030653 0.969116421506 0.664481205975 0.222386792158
0.788702012591 0.898151714986 0.990257594476 0.0200419366126
0.472137990628 0.218093404606 0.748996501395 0.090784965985
0.777567803603 0.0608011566623 0.51437728717 0.237739482662
0.539042550304 0.439478550183 0.99989538998 0.00744385919776
0.647095813031 0.271070257916 0.865903425061 0.21901089557
0.890582766306 0.0823956521904 0.854438568614 0.150781763558
0.556694087325 0.802562646194 0.0901693618227 0.20888387506
0.74831190026 0.663823949648 0.999531381397 0.0113434929248
0.34003806503 0.019675632633 0.727589500404 0.118644546492
0.864290920654 0.892563645722 0.940669188024 0.0429482601393
0.0920201071687 0.123234602467 0.965652056854 0.0893497017013
0.538494317692 0.812300883436 0.684569987869 0.256957310826
0.275107694554 0.636777236415 0.94371963328 0.338030084262
0.561090275649 0.390180021376 0.562841508337 0.17922963246
0.0404067833571 0.96334802248 0.773236812602 0.0399749144163
0.628987399744 0.432176661575 0.993791807834 0.172385750746
0.633508785894 0.634062128172 0.00478947433729 0.0471067301854
0.212945968443 0.445372032334 0.64327722463 0.171682630931
0.80862048832 0.580893857914 0.931823527162 0.221979497625
0.206279687705 0.0691051967442 0.979536756445 0.223053406126
0.958052197352 0.257245535761 0.89048411793 0.0153530625287
0.324571075298 0.616687099197 0.82286849567 0.0721837597031
0.533385167423 0.616439695792 0.977782831367 0.182570702109
0.72790476032 0.659750647665 0.685526324772 0.130892371114
0.718658869068 0.198285178411 0.949811873292 0.0622931299456
0.192355325695 0.675011838141 0.995241024852 0.295421408002
0.182260841508 0.369954777108 0.666337728534 0.306675124736
0.586015689293 0.489353499261 0.68361674232 0.0447466137479
0.449839669877 0.633680459283 0.99895370933 0.0126007491528
0.83037189975 0.171485751068 0.990430365524 0.186499040403
0.933725437368 0.856783851281 0.58212128263 0.191132517118
0.590094041539 0.912436937309 0.851983711137 0.0725329159097
0.410538505431 0.851837124003 0.822152739528 0.177695689797
0.2870615376 0.98568891849 0.6622697525 0.168428634446
0.364734910575 0.458206288672 0.303008052788 0.27207280335
0.83614564976 0.408653967754 0.919885064209 0.109853820685
0.631540720564 0.129722778625 0.870919921995 0.0625503571211
0.777598455621 0.363742191626 0.928347122824 0.0822778836897
0.204157415499 0.495685735289 0.553277293395 0.194525539707
0.433738421851 0.238706151866 0.923320163458 0.19261536076
0.357872486554 0.934223687605 0.95743390877 0.118271192133
0.463079656345 0.572234427306 0.931329276958 0.152181949099
0.392372765661 0.65687618145 0.854304751024 0.0455480687661
0.35434778578 0.299438191936 0.999075819979 0.16313016459
0.207488717742 0.372930172032 0.99987425895 0.153232287894
0.273903655857 0.0209087541921 0.800962743625 0.150008226385
0.0119575862351 0.857273357309 0.661195570664 0.134537184732
0.544508925007 0.365674437008 0.952964453266 0.0832896811356
0.261401886424 0.714456059417 0.851300922066 0.139825014553
0.648633105021 0.173026844475 0.957923592971 0.188292357999
0.152354556898 0.848001470198 0.657955564744 0.118212031977
0.0756905160131 0.559716663263 0.633240812094 0.138702513694
0.590720421848 0.498363338436 0.713424210001 0.107457358322
0.144187417882 0.839636664978 0.947150499474 0.0486193164268
0.585911653911 0.67770485686 0.975616516743 0.011626685047
0.561513712745 0.733889999797 0.998693203454 0.172566130502
0.0237765741318 0.925171000121 0.516242137869 0.268095270503
0.618769029435 0.846270176771 0.991346964431 0.0199864490875
0.90676137245 0.378491960012 0.956001098316 0.0413064764453
0.532074060037 0.51837803687 0.912797393866 0.055332765371
0.692731975104 0.421090783579 0.729249023604 0.318388515948
0.369696605315 0.222299116321 0.82741946295 0.280271179522
0.841450162162 0.900598769126 0.946563000933 0.0598441753304
0.39894353296 0.795360334443 0.707597135015 0.169645297913
0.544038656481 0.734502474249 0.964053099838 0.109215768699
0.0736596437396 0.309746507274 0.973591692983 0.286288385693
0.779687792516 0.610086554981 0.556152863583 0.247468158908
0.710892520345 0.645191991794 0.556057672057 0.210758320447
0.715348859771 0.586358857037 0.95758131527 0.0670311551561
0.505116556416 0.373510225616 0.828315923225 0.235955678865
0.643519510369 0.514185761546 0.950982684864 0.107156683481
0.227222405888 0.972814866361 0.996343965328 0.0339777470051
0.113514425288 0.901730817736 0.529180123752 0.235944515583
0.66080870397 0.374390101883 0.996197411744 0.0953699265886
0.245095033713 0.0324171772471 0.909024715415 0.159391319263
0.625772100286 0.677482839545 0.994578762461 0.0142104298204
0.464422666619 0.541488161635 0.994491651235 0.283818754777
0.127059497009 0.156690724859 0.9889730545 0.2596139796
0.380089350478 0.56893935877 0.978681746152 0.308820041614
0.584973757854 0.407551008167 0.626710419761 0.0700731506999
0.195668237552 0.668191163137 0.924138051266 0.194154921966
0.857079937616 0.947600414301 0.682713233199 0.0763520441865
0.180342520545 0.548719977294 0.635525942773 0.0907935128745
0.761552318597 0.110283511491 0.921937527129 0.0646317232897
0.857482105134 0.886201351889 0.932107317844 0.239003462327
0.295027160355 0.236779875869 0.61706351101 0.0845227914264
0.850330777151 0.379652679426 0.821164384882 0.131282054503
0.839194307465 0.209019152835 0.835083563339 0.0852639162244
0.701312559126 0.125334900527 0.87201281005 0.0431838202884
0.546147056663 0.438316444522 0.999052749659 0.0979549121285
0.547287895253 0.859140772263 0.69978768772 0.232675919287
0.848776178122 0.667492998084 0.582713569625 0.157183327987
0.156316124847 0.674932688361 0.906900714752 0.0231981072626
0.433118312646 0.256465859157 0.588525588531 0.100609430784
0.894171401655 0.454760175164 0.870639833749 0.0439665152952
0.592558850646 0.522350619796 0.971568774133 0.111956941613
0.25805926589 0.587306653323 0.713540842104 0.0521467250664
0.899932484367 0.532023708761 0.995851417685 0.295231930511
0.471348745191 0.139935746436 0.903672134713 0.363835637118
0.084165410396 0.504759779104 0.996940704035 0.175847100378
0.391904909261 0.448748849858 0.561538687775 0.293439313635
0.0985517691077 0.733518628192 0.774764559411 0.144789904847
0.520224976161 0.161188283762 0.981595037208 0.0291253788891
0.07190965208 0.286607249826 0.851785924553 0.0928106633135
0.74666838458 0.808924270501 0.942182497006 0.0466818504397
0.675376861139 0.785392562914 0.8449308879 0.1376527679
0.40704445893 0.406964056007 0.981416951769 0.41512764227
0.471032594845 0.710672351602 0.991283048598 0.0567353334651
0.346208360141 0.507657056696 0.692771741112 0.105172352949
0.332565969398 0.406851711781 0.896239924641 0.0106025982094
0.9531652949 0.829252683823 0.945820641603 0.22143062921
0.588520108996 0.904636521804 0.994260756236 0.0244669052398
0.762701331643 0.737614225165 0.627362064672 0.0165606741233
0.206487561114 0.298998494258 0.882409000278 0.0425639803837
0.189960413118 0.434303554835 0.927676433824 0.165530308035
0.374069580148 0.143584144412 0.651341925255 0.0519324640208
0.234796061656 0.711448359467 0.773979388424 0.201412127988
0.407048250823 0.498290725404 0.933731263234 0.351899410157
0.08303191716 0.386811285032 0.504573950025 0.139811610817
0.14693526565 0.780414930362 0.784935917719 0.108381589509
0.374900386035 0.699884663272 0.937483874086 0.255228784852
0.310668546226 0.546709952351 0.997642215184 0.179363017821
0.115351461194 0.893337675569 0.751532645081 0.122149500021
0.66401476847 0.291414305062 0.772434890147 0.131687715994
0.308065479294 0.309822313934 0.826063824282 0.289674823053
0.173911623339 0.718913796348 0.637832517213 0.225101806789
0.877101790185 0.43048146378 0.892119555232 0.169453673468
0.519760651878 0.373716856969 0.685249529467 0.324399320523
0.777887588588 0.425517018531 0.983533877155 0.00477030690958
0.460046342845 0.715813884088 0.911880864545 0.223199888998
0.924975759349 0.523907421181 0.989222878431 0.018305534366
0.327031355862 0.837513953733 0.477761358286 0.198318333293
0.853408432659 0.281853180455 0.728383717923 0.13231911329
0.898751761251 0.0410789656517 0.761469421658 0.125372427993
0.224103397913 0.302894694 0.990891036417 0.0462706153989
0.918745998058 0.398324147067 0.726306334067 0.0979825728794
0.171497857373 0.940018202334 0.724427334563 0.0867544707653
0.689546759437 0.239140364443 0.817033179829 0.200048301101
0.507304555183 0.818384061437 0.55459055965 0.175975219208
0.764883250544 0.303015368491 0.966954727929 0.296568825195
0.173905624381 0.491074914793 0.826115225282 0.141920561986
0.341654608548 0.135370892781 0.881746805583 0.143225435428
0.607383074405 0.622607732926 0.960013042358 0.104428618024
0.742386860903 0.196570139594 0.960558765543 0.161729219408
0.945985142839 0.0824805940881 0.809183489103 0.100734362462
0.675855719502 0.587913587366 0.999902957875 0.0177665390283
0.525575661762 0.303380316885 0.900005134729 0.0189928340513
0.167692071237 0.0410122713237 0.628507563325 0.128669208949
0.350114289812 0.420585209883 0.995724170719 0.098765424255
0.746114964654 0.161080070602 0.856042330678 0.0506943247884
0.824902998187 0.641153756213 0.629933219171 0.181881843117
0.703688113393 0.284605369855 0.57036972899 0.201302529945
0.729372055772 0.293324929097 0.94361057617 0.0275443685971
0.723499656357 0.639323774218 0.999947192422 0.0546289128352
0.257291728514 0.433140832593 0.737875090196 0.194623933706
0.756905134241 0.412284301869 0.959584786758 0.180815441415
0.970628500616 0.53135418532 0.561207112247 0.0965550035697
0.639466323325 0.515708854474 0.989772207841 0.385575790243
0.136148721913 0.300046068313 0.781881878484 0.116576084053
0.119877421794 0.458419290746 0.896691643199 0.180556853958
