0.924780678892 0.639517042406 0.901207616231 0.238959474153
0.466055695877 0.620193460477 1.0 0.268006014124
0.546171806803 0.674848317903 0.999999417168 0.209242941895
0.502284621057 0.747255920314 0.999491602701 0.382266913591
0.32308795886 0.0838626322518 0.928230493127 0.111635257823
0.0918458532015 0.559828412144 0.999999563704 0.273523541167
0.782296903767 0.453872739652 0.999485102723 0.27380230214
0.583035249212 0.454675960296 1.0 0.291311354753
0.577805224665 0.325300583248 1.0 0.214783088304
0.42192844943 0.250732423212 0.9999979833 0.139435903774
0.670574454275 0.259762833274 0.999982673863 0.146467820603
0.850115373967 0.97968917966 0.999212761213 0.26192553333
0.894272849973 0.469552813576 0.999497773164 0.107356851268
0.360303687595 0.73526644219 1.0 0.212109159059
0.177028710716 0.488585738988 0.952654655872 0.153662999635
0.64946469046 0.50450032658 1.0 0.115729874752
0.526627029333 0.596915861587 1.0 0.123537129033
0.630577789668 0.477822339196 1.0 0.220032103741
0.953889916072 0.386147254218 0.999999996598 0.229531813278
0.807480105724 0.488575725728 0.999999997153 0.0718281838349
0.304133764665 0.456307453473 1.0 0.152238420574
0.112798023843 0.573616757963 0.999999989398 0.00612442915972
0.437406360093 0.151394792199 0.999999831704 0.188558391315
0.0236137229552 0.661068389871 0.972411254066 0.239834138866
0.720946775468 0.573262797346 1.0 0.175951847081
0.350679946211 0.238970213481 1.0 0.0548692532576
0.32850215289 0.724278445881 0.999999999997 0.0523089396567
0.555091858896 0.899990327629 0.967540206573 0.237039463106
0.460364896311 0.922566225339 0.999999993561 0.103030583707
0.470077598749 0.560673198664 1.0 0.00892284425791
0.171113256749 0.441350633489 0.991053961365 0.190260019898
0.126840589423 0.713972815496 0.999999225973 0.0780844220798
0.801410276236 0.295386868287 0.99996276353 0.193360326352
0.496745525686 0.954854892841 0.996625680854 0.108533889197
0.14109514036 0.886392386325 0.947301033976 0.187441826139
0.154202069529 0.797342047285 0.998582294046 0.0735846343172
0.512225804686 0.317137881932 1.0 0.115069871378
0.487660936486 0.227631568723 0.999901296154 0.0215469263953
0.949206224199 0.411102837507 0.987436482007 0.195624104035
0.611447713067 0.642968961125 1.0 0.210995560285
0.812838605549 0.624720247486 1.0 0.0395851140647
0.462332710058 0.0212337047742 0.984588575719 0.0287955326307
0.302700571876 0.423036484191 0.930420284767 0.243787549322
0.742041407347 0.660869763272 0.999999998088 0.151888107931
0.286661499284 0.607138743341 1.0 0.12633584601
0.581092511015 0.811642508973 0.999999999998 0.000517451385219
0.312558054093 0.321479898945 0.99917606796 0.250849086343
0.361186552702 0.729306513311 0.999988571342 0.0441626442749
0.401754364394 0.17577562833 0.999980447827 0.155596405134
0.480307979774 0.818953350553 0.999999741407 0.0456984673589
0.492414064687 0.954045506121 0.999993405596 0.0535958581287
0.143866609197 0.782425755857 0.99918511638 0.355192421149
0.291142573646 0.219749212806 1.0 0.0701616093046
0.863622335016 0.115545923555 0.97708187004 0.124178579215
0.465935950911 0.353833843554 1.0 0.0749206632255
0.623126279206 0.393736612937 1.0 0.118912809145
0.897102971422 0.461873569701 0.99999380189 0.0544612519427
0.819849510255 0.322133780561 0.999952699463 0.124234276491
0.15299862327 0.294507925148 0.97358157161 0.0704173377208
0.311609693194 0.676017658379 0.999999999991 0.122069835364
0.637829689708 0.155235544212 0.996930839967 0.29676035366
0.154749549254 0.348034150145 0.999999999962 0.212355352512
0.452471298357 0.120213972298 0.989374501348 0.109252870189
0.31685902444 0.879532688558 0.999999994376 0.0620547481112
0.459751037727 0.459438600895 1.0 0.238065134478
0.419709358403 0.809879470926 0.999999999996 0.116192093704
0.710811613967 0.362695231908 1.0 0.296820850461
0.706108283283 0.0234892214589 0.998527649076 0.160580355447
0.367198243265 0.127859252846 0.999392168297 0.0765178293697
0.786320953297 0.297673028309 0.998148736204 0.344135957482
0.149658995172 0.918412543086 0.99999887373 0.186804122321
0.319425278066 0.732963677445 1.0 0.208136946349
0.759040321615 0.0790461892603 0.975716604543 0.0992108896403
0.664207384262 0.781042914405 0.993437611816 0.235864670914
0.469270791484 0.757664422888 0.999997154516 0.0371187205621
0.165860761224 0.191766717362 0.99998611976 0.32139645382
0.599477615432 0.291738301268 0.997966328635 0.167199561967
0.251910540662 0.555347135855 1.0 0.0470613423012
0.378769777711 0.714326877219 0.99999993429 0.151597065247
0.162588398801 0.542893530632 0.94008506829 0.159958631782
0.342605307172 0.378306174662 1.0 0.239942326775
0.459101117545 0.913051611778 1.0 0.20223005676
0.574557273861 0.163571745777 1.0 0.324354891197
0.147868503124 0.885914821799 0.985310617466 0.089896227454
0.398746596415 0.374832899693 1.0 0.192822744476
0.613249330997 0.765555928372 0.999996914626 0.02805322534
0.269423573659 0.38976647807 1.0 0.0719943018632
0.397413064778 0.143481886502 0.766142331046 0.0680936269261
0.91477731492 0.762274141787 0.99439475465 0.00701621889881
0.485752068509 0.158398635822 0.999996087772 0.151244778925
0.332806966596 0.87249849082 0.97070429827 0.129231494368
0.29171213887 0.129510991325 0.999962990442 0.0745236063479
0.302382116789 0.410983743316 1.0 0.40306925889
0.969538864274 0.031111551178 0.978083660192 0.0349742466484
0.260857730018 0.628401515396 1.0 0.329276636989
0.48870300124 0.403284210782 1.0 0.321478514777
0.362624354881 0.542243643179 1.0 0.446568588979
0.0749824357626 0.859215848856 0.976299963308 0.175509610429
0.0790680816855 0.90341720142 0.83111570072 0.102869850332
0.964124113241 0.860759972183 0.974163237537 0.32628656316
0.183260777315 0.468991179182 0.999939788226 0.135297627072
0.841977274837 0.0602756042724 0.96474398983 0.1610851865
0.608871490401 0.198423357684 0.999891990314 0.265980634866
0.989921172798 0.37093305528 0.973263090794 0.023157111762
0.35999958906 0.155486106835 1.0 0.00219383514907
0.0803032140141 0.385995984697 0.999999983507 0.0820765052461
0.588860150598 0.801473643561 0.999999801464 0.0890488539151
0.569559513922 0.439082970731 1.0 0.102117873239
0.389627380252 0.709470759345 1.0 0.313584955887
0.522485739373 0.49220843379 1.0 0.220440603546
0.351540045156 0.142234702281 0.934726970825 0.289376473628
0.376961636669 0.327483933711 0.999999999966 0.407630315799
0.669573289336 0.370850768685 1.0 0.119610967921
0.00790856471774 0.959791777679 0.999993668924 0.173636596206
0.67050008416 0.0733904845732 0.676322505515 0.10123759823
0.286332315404 0.301346517157 1.0 0.0520822126181
0.615793322755 0.863373103333 0.991469285423 0.287001408168
0.312710405057 0.516088626255 1.0 0.0848045225148
0.915539079751 0.315254047737 0.999999999767 0.119099350385
0.504953155376 0.252498493184 1.0 0.203852235955
0.622414397672 0.497516486807 1.0 0.143942326473
0.694965554994 0.67977770664 1.0 0.336481450258
0.941812800317 0.474261941936 0.791925230599 0.113210317747
0.09801216342 0.619151843123 0.999999965852 0.0934630056925
0.637297361714 0.515381232007 0.999524355394 0.161061903412
0.842767186997 0.45111968327 0.999999950493 0.303688945174
0.653787532745 0.293884730406 0.999999994962 0.204209855797
0.186617935259 0.887984232701 0.998239521046 0.129261947644
0.914955671629 0.276433644149 0.991916225565 0.171420722412
0.742809248325 0.261486514512 0.99999999999 0.0735175060552
0.0567879970957 0.419312558924 0.999985198556 0.320937733288
0.0664542521667 0.960854787845 0.875866489706 0.0592641466659
0.619121532732 0.143973376243 0.999977277922 0.119819833078
0.64618454672 0.404339237162 1.0 0.307172950774
0.630500622661 0.274845618927 0.999999999996 0.121817712788
0.47272313014 0.230747843717 1.0 0.410617812934
0.970165415825 0.257603451535 0.999710885939 0.140512544632
0.585283201715 0.605195876793 1.0 0.180424283883
0.321717405739 0.265829968324 0.998341892587 0.0161506226375
0.479368423982 0.521780649181 1.0 0.250980360955
0.375561254218 0.619761786214 0.985063369853 0.0382996057266
0.370405338702 0.816696099897 0.999941491099 0.0500890700738
0.462766547483 0.22767683196 1.0 0.0733168164928
0.758363731571 0.696170637341 1.0 0.0698260720309
0.528590920891 0.369312390019 1.0 0.214341151395
0.335050964999 0.636419559679 1.0 0.241917543456
0.468250161381 0.603342016666 0.999784774317 0.311358625825
0.473286735888 0.228292454725 1.0 0.142719346345
0.277180340534 0.382516406547 0.999999937573 0.222832719572
0.48214103844 0.487474769914 1.0 0.0278518113649
0.473462008762 0.0971701558825 0.842100885971 0.208539109798
0.590704050188 0.125304929879 0.840925872794 0.0679306420678
0.470764154473 0.53923309157 1.0 0.144642035806
0.490990094016 0.585502071419 1.0 0.0379087364083
0.663309158111 0.0528795853386 1.0 0.149135872702
0.56011943531 0.540679667359 1.0 0.0486345988564
0.950690157865 0.91815353884 0.999980606908 0.22318473254
0.305856923427 0.602136796921 1.0 0.41000973074
0.561805030785 0.961869254066 0.999950324115 0.281804773726
0.343389114579 0.587463539707 0.999999999833 0.472984584576
0.504442305674 0.213915237841 1.0 0.179486825657
0.0403097727798 0.663712453971 0.890673964727 0.0258781551723
0.681190044518 0.520363180179 1.0 0.211931279871
0.404044624417 0.364815427985 0.999999999971 0.146925331076
0.0825140768634 0.703426884244 0.854347050974 0.231002815074
0.68296741123 0.831459369215 0.999996847974 0.0844541648278
0.309319817151 0.717087268166 1.0 0.00475678258882
0.0899128468016 0.921592895452 0.999940092896 0.24147697304
0.478531809212 0.406429763672 1.0 0.0598782445562
0.834481136652 0.433653403465 0.999999999965 0.0277504905526
0.456889694349 0.386008870004 1.0 0.274630425714
0.664887436941 0.263805199821 0.99999999998 0.0969470746257
0.259518119392 0.564889633955 1.0 0.172533619269
0.738755584075 0.0961136580429 0.850064258808 0.148175772925
0.563875575973 0.711206458363 0.999999999655 0.319491221112
0.719801382064 0.917766874867 0.947583894643 0.228720775064
0.828000064764 0.651914112315 0.989453401575 0.0324151834464
0.684748447461 0.413150059604 1.0 0.327969147759
0.508963151325 0.706446039207 1.0 0.114961752622
0.819443905104 0.343914275614 0.998350162262 0.463078194023
0.0222105868598 0.671081998278 0.999583651423 0.184148733567
0.167967063728 0.579395033065 0.999999999996 0.274364761463
0.647744338089 0.36378058225 0.999999392551 0.149163072907
0.698276848196 0.49841124917 1.0 0.0892925921402
0.166127187592 0.971405159585 0.786694037782 0.169230101978
0.529491547942 0.698271484234 1.0 0.327646111241
0.529573412866 0.690472277538 1.0 0.218097310992
0.0687519203836 0.674364383986 0.991675247114 0.219477371596
0.323609811891 0.657924555166 0.99997085334 0.0760667089577
0.654406821177 0.528303950959 1.0 0.126093452717
0.071535863151 0.282543631809 0.998269632553 0.0879385409385
0.583823032173 0.362294047101 0.999956314292 0.28106602161
0.598163332892 0.151120062917 0.999813031615 0.390118485435
0.718327803846 0.994799242415 0.999999938925 0.00146112204612
0.211268427247 0.437017330909 0.998830932143 0.05751857982
0.859001119963 0.505644588539 0.981319234154 0.136241115052
0.647714238044 0.828953884107 1.0 0.188551185681
0.355344061599 0.763974287813 0.991140665047 0.0149321147625
0.203252572226 0.267215770122 0.907523063377 0.0309567448837
0.796082267776 0.94116091288 0.99785279552 0.315110821559
