0.0284740852704 0.546860739396 0.717463924296 0.284151822535
0.773636893712 0.521280111823 0.995815367104 0.0930295015515
0.435905505828 0.967887031973 0.630115040474 0.113570350662
0.493664173553 0.935622585722 0.709575514915 0.108171232207
0.312843122884 0.298581154201 0.864366993621 0.126721907743
0.152861733079 0.389322069772 0.988448879371 0.00351203467397
0.950910982372 0.537508656262 0.838429056338 0.193972651195
0.191268087885 0.64190666562 0.851059219521 0.177160378569
0.816539669446 0.436151258765 0.950893833289 0.137907597778
0.962681215652 0.418748949081 0.806099624762 0.156277705613
0.758681527056 0.689098383302 0.828034012161 0.0727385077626
0.783718008231 0.470553096767 0.5043291613 0.260778517539
0.560808172788 0.179734122518 0.560952778701 0.202436462485
0.46359935058 0.560649372209 0.912248671671 0.0125914085394
0.564996355321 0.969919662021 0.722063965738 0.0735665129193
0.494703050911 0.511367953679 0.987563287421 0.28769720778
0.93101479512 0.103055365979 0.767127540658 0.192425255982
0.582722097517 0.103176796469 0.999754037585 0.123944232532
0.456213627478 0.9793441826 0.833297300538 0.234090315163
0.803017832549 0.680151353972 0.799552391911 0.3623908034
0.0635439139047 0.990122138507 0.836862540136 0.0557211605195
0.386786527724 0.71249369086 0.94801867813 0.221430341892
0.692079707277 0.822699422974 0.565453802982 0.249403713561
0.699414208982 0.0146070180268 0.696442951201 0.121468882048
0.923118786382 0.173449355779 0.972839037492 0.242735517097
0.761868738515 0.392735592585 0.929797402625 0.0889108380157
0.282896255255 0.362193278691 0.927761864743 0.243647610891
0.0137492138432 0.380648571538 0.887193455632 0.0546201789595
0.379958461992 0.365786599741 0.981894192026 0.166681226418
0.653945008911 0.633742196768 0.601744683179 0.158931357761
0.84747376345 0.406100495131 0.869662901156 0.0331209013403
0.881150545023 0.0532564492386 0.709919957219 0.214901111808
0.985160506723 0.17359650145 0.9760978176 0.0695287301221
0.0970959555788 0.460916124333 0.783162526428 0.0995791358459
0.954337435244 0.422141990374 0.965016968853 0.225060275199
0.090689678404 0.751418216624 0.719814090892 0.0543289079532
0.359262286395 0.893534056911 0.947877244355 0.231955355215
0.577094411857 0.682986628831 0.638392141882 0.238146710284
0.897775793762 0.110840475012 0.98872312222 0.0504029517953
0.185080647097 0.676018352444 0.999679803161 0.000142738069889
0.455318313897 0.423375429907 0.982204921545 0.2328940408
0.428067558854 0.752787503043 0.368748529166 0.271582692886
0.198398834216 0.973492961229 0.912877120213 0.0651706523715
0.512954739705 0.458348207055 0.787646454445 0.226247142458
0.331459896323 0.327444335417 0.572534862245 0.152545061275
0.825170024476 0.363030600642 0.614163841625 0.150377113729
0.84257683758 0.74765154498 0.991540174613 0.166524644491
0.681588752625 0.594563632555 0.679354239453 0.268037230749
0.434105439776 0.056868089285 0.862212536043 0.0945970333173
0.315545453647 0.230974498174 0.837507379579 0.023470215476
0.431826458714 0.0735952709719 0.806491369038 0.127799581763
0.514640392137 0.410483130883 0.597823444323 0.435257557735
0.332339588512 0.858567238324 0.836734978674 0.119798756272
0.504149591424 0.0274419542656 0.723528436241 0.213691165968
0.62013123543 0.00474501996547 0.876852945066 0.0799363096621
0.098776929781 0.385393053234 0.534223046457 0.0616507898536
0.236458295924 0.590013687867 0.499436579235 0.189892317122
0.621485948917 0.0441596600981 0.944777902753 0.0582918564377
0.60989478743 0.411660369266 0.703058004738 0.288285855071
0.153370352629 0.568067174752 0.643834134456 0.191005632261
0.993870441667 0.189834782961 0.888494081486 0.176461814011
0.471233892017 0.307359771959 0.952101750986 0.407244411275
0.147225641322 0.62282648786 0.701013298546 0.211058534808
0.456956102573 0.696977345901 0.917478431708 0.130178896929
0.0756535895837 0.928169777886 0.810767958626 0.149236864017
0.194190019423 0.999269706122 0.962941484041 0.0960868684564
0.334833017555 0.789185654483 0.987067347187 0.0975345171965
0.063126956316 0.195323385184 0.632126624669 0.27015571812
0.515556307794 0.670275937967 0.784203334153 0.220546399563
0.571636070422 0.316111369018 0.96890605053 0.134785529282
0.521198495634 0.512080433848 0.970464606233 0.245450773092
0.588592384168 0.508023316022 0.892862743689 0.0514192701185
0.670301688886 0.142681826177 0.972494427865 0.194404467923
0.728364034835 0.73670521257 0.899458745555 0.319159314226
0.348760452694 0.321701423235 0.841050943429 0.0588162325084
0.45530973638 0.749322097896 0.998440704919 0.175201236333
0.998182090326 0.435607673924 0.999072573246 0.187577168657
0.215953092396 0.628293247337 0.998788616122 0.263169604598
0.527574932346 0.744932790706 0.609733229774 0.0900972805986
0.167071413683 0.803828438005 0.889350826677 0.0675396164924
0.306641921548 0.333889110431 0.514690770418 0.139725226198
0.580582786895 0.158741340841 0.665822074688 0.180666778319
0.820982599886 0.41538631564 0.896030733975 0.0698633546761
0.385057057216 0.652778151896 0.957047212512 0.0121389846806
0.650119414538 0.357432111396 0.792234344108 0.300110461633
0.971744196702 0.265132573003 0.963185229466 0.0156506469968
0.617408934665 0.320355843974 0.990588651185 0.0214718728208
0.314463558988 0.121763139647 0.999994356658 0.141116415614
0.367637047385 0.675540076937 0.888552278762 0.121034367747
0.702301320716 0.0689459275986 0.67586776371 0.0523114435921
0.517251502779 0.476276045118 0.728410833918 0.278660274206
0.901324479847 0.476451533113 0.863713029313 0.202359033852
0.642447707027 0.724714138749 0.0427637587114 0.147283175275
0.517476562051 0.123538671445 0.953410909806 0.318608061779
0.809108139984 0.115855210658 0.963183210497 0.0274188254696
0.616988785167 0.308340723026 0.869154385287 0.268227559131
0.649795296666 0.741984778212 0.990645776947 0.233118663953
0.797933589794 0.48622679286 0.634126639264 0.192755361931
0.456428110813 0.929425181318 0.87753581989 0.0132743617354
0.176271639194 0.396848168303 0.648206650852 0.288683917064
0.675152943991 0.321311631085 0.927322615842 0.076650770384
0.118226393157 0.450944086668 0.971308602839 0.191932229788
0.154111913561 0.45274730318 0.677536601476 0.0815459986201
0.879014440212 0.424424492612 0.872983659822 0.101040215318
0.694917195664 0.310800434413 0.517462611698 0.200352158943
0.671883230477 0.415562056149 0.876045517469 0.0907545723996
0.368702757191 0.414560156228 0.774353092002 0.125000645278
0.802261139659 0.814155352633 0.430242002633 0.176277533092
0.902023156484 0.886994513432 0.537391436987 0.319204330647
0.527229120042 0.233483912123 0.985960015274 0.0266484176913
0.0359210432386 0.422759505404 0.781192071523 0.0151038978929
0.889150111264 0.553814844979 0.939827534209 0.28400815072
0.0439317505079 0.666129890265 0.668857572847 0.0717577419517
0.486752906053 0.304234673661 0.635706431727 0.185021288439
0.451737922869 0.553258790009 0.994287919689 0.165617138056
0.0247794840084 0.531521326145 0.862195810546 0.0687803182265
0.39267868981 0.823688344547 0.781675734073 0.196181100652
0.0888294545452 0.45390541177 0.846738048651 0.0862680183591
0.618694128951 0.322230012406 0.581538447663 0.213598815983
0.665391565735 0.254517185543 0.987365880487 0.101423409859
0.751106795008 0.421273530916 0.796963614183 0.096732517257
0.594762031587 0.967279970895 0.459285634166 0.244146957556
0.67408434959 0.436744466512 0.765471841055 0.350100289052
0.520689793513 0.688684344135 0.0958025866598 0.217865095105
0.636512256848 0.802318366419 0.885580764459 0.0793522889896
0.046491153103 0.992009486676 0.693039734553 0.212821876806
0.625789525795 0.870580130577 0.697646088838 0.142177698071
0.712869514301 0.809887291001 0.82755268486 0.0318825929979
0.464835532582 0.518143122769 0.814018611209 0.119876333699
0.446275240797 0.615427613124 0.63510086651 0.0501180317762
0.381914110303 0.049714540178 0.998740003519 0.00493743685
0.501620148723 0.740427257787 0.995251237532 0.0103125964093
0.0355436511906 0.309280962554 0.999064543303 0.0461325083256
0.789248405637 0.599618492143 0.701983251249 0.235856456753
0.370002084646 0.527288248562 0.994164526835 0.112954123309
0.0472770069441 0.56596083312 0.887714644874 0.0795257200543
0.650799691228 0.677810270757 0.999633764642 0.284048905001
0.314124004268 0.0861582876468 0.910520071831 0.336000553174
0.192192251619 0.80192857177 0.984232190165 0.00458828489587
0.740922746798 0.535209498568 0.99216569595 0.185501661597
0.660811614129 0.563572961636 0.430660273988 0.206199481822
0.481953076387 0.46927499645 0.546113141863 0.106157331482
0.785646672945 0.0825439467793 0.971411418634 0.0424600167691
0.278483255522 0.624698563188 0.999952760746 0.0602517813686
0.369557810953 0.317763024276 0.774340643241 0.0467248254738
0.240324054563 0.251323326327 0.999592438065 0.0903143047018
0.72759079482 0.98225017466 0.827681594174 0.0707866694854
0.62283334373 0.456243292646 0.795593371651 0.0791189393481
0.261978138625 0.232996835921 0.996362475397 0.0126236629171
0.394682860261 0.669757477505 0.982328254261 0.20895004635
0.21995891479 0.221151973931 0.765516609037 0.170735962336
0.315179968192 0.181424800623 0.999816614568 0.246419136288
0.277750844091 0.954101736842 0.926879725065 0.140695357756
0.0704814454524 0.189506861048 0.804311364043 0.107580079161
0.41888689879 0.867364928622 0.56703483704 0.0237393186194
0.806505838943 0.398902044153 0.545277164508 0.204525048949
0.410532186502 0.403593679487 0.839373201236 0.0914410173406
0.528905964531 0.022894382751 0.862502080227 0.0482389742331
0.841161192571 0.28412860906 0.348941886105 0.128438148094
0.30070290851 0.25392182379 0.921393187099 0.132488708297
0.728640411722 0.623586498522 0.945489974903 0.127783737736
0.782972137802 0.533768789622 0.734587227124 0.114266264189
0.194369248426 0.237433841478 0.875373303818 0.112252024155
0.426302534806 0.866050019295 0.984762420193 0.206807145785
0.840841056275 0.46382221538 0.999221412414 0.00163160766627
0.533489621533 0.0113386617949 0.776941711085 0.115636055563
0.0872629887575 0.187891501765 0.598970951724 0.136485990514
0.25504486832 0.428539272236 0.99836302003 0.26989544919
0.105574414571 0.200107293501 0.956351746832 0.123753633679
0.605607108461 0.453112265725 0.375160183993 0.184071978868
0.318244322945 0.850694316838 0.990739652557 0.221028637623
0.360107017021 0.331002495101 0.793527489081 0.154447907552
0.497772122572 0.528886370329 0.956627347969 0.152462098074
0.799651685502 0.123831590423 0.802444130991 0.127583189165
0.895783624761 0.808955446224 0.701428816171 0.0716585446677
0.770325093635 0.600184215909 0.9970397934 0.0995200138907
0.325549989081 0.609813087957 0.99098102127 0.00328635400467
0.213979253082 0.206404143996 0.872139697909 0.123622674244
0.764866803623 0.198044062079 0.999564159552 0.00515888043185
0.465216985977 0.539313249492 0.78456784505 0.297514921706
0.489213669948 0.667151802443 0.0524017071907 0.268950367372
0.438535896034 0.112843183443 0.61092081337 0.182930066517
0.232547900147 0.167500762208 0.772603866971 0.118677012311
0.492945441007 0.322588279339 0.700437677297 0.122328111585
0.939273305146 0.513655654009 0.515099796634 0.0618672587395
0.659896368106 0.470757575435 0.628000807661 0.108835482298
0.63712351267 0.953423082966 0.623902981724 0.0701720899961
0.828934165948 0.567700170659 0.623327010981 0.183828729709
0.767278838821 0.467010309113 0.578909078383 0.166798261269
0.504536357078 0.0483608368233 0.852743742472 0.0903759133052
0.493100124382 0.772446768975 0.881043576125 0.0630134107787
0.373225878074 0.430656058314 0.885717258099 0.239939441019
0.552137678242 0.322616659145 0.71962340102 0.11492667247
0.172163386272 0.276556434211 0.980284658668 0.244856642262
0.412480465153 0.91651661494 0.941517665269 0.251759673038
0.892335735347 0.871713346768 0.74680625567 0.124853153646
0.333691740865 0.379141097952 0.815345733043 0.257316237668
0.675127878011 0.384915804503 0.934171412725 0.0397579606216
0.822239174189 0.687397043241 0.916764392408 0.242413283206
0.475252903626 0.409629862638 0.893158523573 0.0169278238756
