0.710603388595 0.216246992724 0.999996668619 0.303622306261
0.524908451429 0.802876531465 0.999999581783 0.0175733537672
0.382322040226 0.917165556211 0.992192297371 0.0257930751463
0.337393394072 0.693894015477 1.0 0.336162478995
0.844789139558 0.346832535445 0.999817611798 0.184137725633
0.886920199872 0.315916766082 0.99974850282 0.253343892336
0.25078623199 0.122563643361 0.99998335188 0.172282845257
0.573123889811 0.155479472183 0.949571341845 0.0240313217747
0.516401388615 0.109685595844 0.999998717692 0.0986774027075
0.770280350286 0.397183658928 1.0 0.35734179473
0.385498028095 0.661507174401 0.999999911006 0.246467478605
0.379196556874 0.583708105401 1.0 0.137829648503
0.693466411223 0.439969406829 1.0 0.109099411039
0.477864743475 0.826592586026 1.0 0.141519217251
0.518887698461 0.8696949705 1.0 0.305985244432
0.267823953504 0.509290616191 0.981436346311 0.13968871189
0.282167083731 0.24589648955 0.999716340709 0.130397169859
0.993053198759 0.691103501686 0.780141959999 0.243040604985
0.820494920719 0.647398049057 1.0 0.313292013902
0.47220761958 0.470467032239 1.0 0.247518617503
0.170476180299 0.713985302523 0.991052275843 0.354057024879
0.917765281035 0.0522756929997 0.986431965602 0.238674155989
0.776664193555 0.625965538208 0.999999999629 0.25510609973
0.111133700381 0.0447645456045 0.974957328334 0.0330881322416
0.56050613201 0.889547427349 0.978561646211 0.328690681004
0.376351074481 0.518763089879 1.0 0.253142274905
0.659147518664 0.759070058107 1.0 0.190822179069
0.501724142175 0.587875297482 1.0 0.0457133235825
0.160318100583 0.612252428835 0.99719464986 0.228264680763
0.579102053898 0.872796302198 1.0 0.187755710088
0.679234321124 0.386124963799 1.0 0.0763739643751
0.425459739625 0.587698978756 1.0 0.113868641013
0.824423491727 0.363850598124 0.937464831077 0.381947032547
0.375824063263 0.0667995405563 0.794084947448 0.1511230965
0.813368602617 0.0436536239339 0.986962948835 0.18241218855
0.469932533779 0.922736908844 0.988956717667 0.158594517123
0.228622052313 0.0764403196177 0.880645431377 0.0248085688079
0.434395650104 0.263329398239 1.0 0.214384592123
0.62417520387 0.362805318501 0.999981165975 0.232034331404
0.316029971172 0.801656569318 0.999999454194 0.441117694143
0.638334712439 0.653738314296 1.0 0.248733750765
0.454857044061 0.960934906696 1.0 0.319050202694
0.681961244026 0.211352871099 0.976052916374 0.0972332346364
0.618717697263 0.602514241692 0.891057403711 0.188911498183
0.0395410818927 0.0670598833713 0.993914365382 0.36897688093
0.435113538992 0.0639732850818 0.994417304165 0.0182795990837
0.785913152096 0.982730047675 0.999998150576 0.00375490318679
0.766596727319 0.278822083798 1.0 0.148374457413
0.619088223079 0.546480349339 1.0 0.330624762053
0.938988251214 0.0650967795513 0.66006901273 0.188554645867
0.727472942795 0.690895717893 0.999988285918 0.0188298061082
0.173653731282 0.681807281904 1.0 0.344631448837
0.377218194156 0.464018116637 1.0 0.204526611642
0.101435373454 0.537358445258 0.999989800373 0.25867651835
0.311361185327 0.0936017932831 0.675028829395 0.0986693988851
0.440520741791 0.320705297088 1.0 0.0979861125472
0.847292405314 0.930057230274 0.929391644803 0.132802822889
0.801819466933 0.900849166225 0.748856468068 0.12024664198
0.582935042931 0.829089933566 0.999997802776 0.240994392148
0.962109635316 0.544616174474 0.993654028674 0.228366662467
0.562239310512 0.335722060176 1.0 0.302993919917
0.0916767799444 0.773005564815 0.999999801282 0.10350558628
0.910766605511 0.650191680871 0.674991782421 0.150397589315
0.300715578817 0.147742398365 0.999999999932 0.0329466827871
0.856339393408 0.150530250978 0.996716537668 0.0138206804053
0.769939399222 0.208931632444 0.703723502643 0.123824536002
0.54999679071 0.664969841227 1.0 0.236804410118
0.653111980028 0.449626497272 1.0 0.243619095973
0.321087704524 0.706466391806 0.997905849393 0.365470668395
0.0718647034097 0.329149154251 1.0 0.144994850452
0.238570641733 0.884588325199 0.999908993574 0.310788257988
0.870026598424 0.503005533455 0.998814228408 0.174812949112
0.300076999071 0.421680721945 1.0 0.455512975914
0.241966165234 0.702112102641 0.999999998558 0.159781137066
0.363301368813 0.946538914303 0.917504438778 0.0949693581693
0.704484484166 0.708333891091 1.0 0.248859464125
0.877206218755 0.509167696053 0.999923303447 0.153588560872
0.582361483011 0.769172079543 0.999949871939 0.286256151335
0.752255089907 0.484739543646 1.0 0.22861903217
0.655480363072 0.547109080291 1.0 0.134547260569
0.744515720659 0.832161140797 0.999996418008 0.0955891207835
0.737643210442 0.921549380628 0.999999983238 0.00476729372468
0.375316662292 0.668265516563 1.0 0.226233553419
0.266971572123 0.289966075854 1.0 0.215321551992
0.892818348168 0.269550475883 0.999999993226 0.0970023598386
0.40493684207 0.138553816197 0.923181780861 0.120648855469
0.769429082219 0.0405568122161 0.925527925142 0.2864251378
0.502201753844 0.354738450468 1.0 0.122633069877
0.333288784104 0.708992256144 1.0 0.0980100976455
0.17309715937 0.660027753603 0.999998297674 0.11173159775
0.149814658734 0.368778266648 1.0 0.0396853610537
0.333274233547 0.908937548291 0.996406609217 0.0088172784008
0.227027621688 0.693428357138 1.0 0.281452766861
0.283658833612 0.830493061552 0.999999998718 0.184579616995
0.353485805363 0.0703991705969 0.996967480777 0.240699464699
0.823588982909 0.840053468555 0.940384713987 0.166438938044
0.644772763844 0.585217211358 1.0 0.182233622264
0.105343398151 0.163711294288 0.846053760679 0.0384218936185
0.50342426608 0.634383388051 1.0 0.196862760864
0.127871718459 0.076854454561 0.982665193326 0.0770739927471
0.912741048312 0.432647751738 0.999999534883 0.0520509948798
0.764789401132 0.190017713054 0.999999999967 0.311870088491
0.0976095006917 0.164246309921 0.999996463307 0.101797964546
0.420524621688 0.751608763521 1.0 0.252051793122
0.120702543864 0.482633214018 0.99896664059 0.152387331214
0.541508343197 0.930277545655 0.999999318612 0.0748280366103
0.542193537604 0.185402813033 0.973038707205 0.0183412843132
0.418616007314 0.902248791033 0.999999996554 0.0619986643739
0.734099391432 0.146276669009 0.993974432279 0.235242976622
0.241623428988 0.410193595115 0.938386143577 0.370764485536
0.0860407217649 0.369677113633 0.999999171554 0.00883087686473
0.0338020824156 0.435504585378 0.705279808116 0.0347580123275
0.404542158896 0.590229804803 1.0 0.203852856497
0.350947904595 0.45086566573 1.0 0.18673197563
0.837606319955 0.161615490252 0.994681500645 0.145960296837
0.888787458258 0.360835320702 0.999999749518 0.098466130862
0.293040160529 0.937007075745 0.874740331824 0.206920824101
0.596227539208 0.695077368791 1.0 0.119496207917
0.734283012206 0.818958111146 0.997108480091 0.126911856777
0.269610671018 0.375030502999 0.858476701025 0.285798746573
0.354690539103 0.429665328625 1.0 0.317249714137
0.988502785218 0.913610606093 0.828633435829 0.223489635992
0.863634914898 0.341911260145 0.999999942876 0.00412048646438
0.915884561152 0.457450905679 0.998746483932 0.110598834481
0.0287152153002 0.704900226447 0.999999426389 0.0894795716811
0.627688103347 0.71606369004 0.94915366242 0.163401933955
0.728281648927 0.860174656333 0.922704632769 0.0330763112963
0.788733100237 0.139368933129 0.991277335904 0.12135829519
0.296460475139 0.149665308813 0.997468911423 0.149175036195
0.881364637438 0.821996654478 0.999999602181 0.337759459246
0.042026675865 0.127373929841 0.992935033353 0.0638689830241
0.794231023669 0.19132718464 1.0 0.171891465294
0.107592978804 0.75620134673 0.999694908206 0.263633716035
0.597768370424 0.637771583172 1.0 0.0951394137521
0.0982518471779 0.617927309986 0.945021876171 0.0251004449365
0.479252489142 0.405240831785 1.0 0.0666316551424
0.932562810311 0.811357335714 0.996244426818 0.090454439589
0.41983324506 0.975218361963 0.962624343509 0.060851897733
0.903348378606 0.826097542846 0.977215331743 0.051193421286
0.0413264511106 0.646727971821 0.978804250872 0.298903036247
0.407867301034 0.862377417057 0.999947808395 0.208829875032
0.672339712638 0.0126198105442 0.985468708314 0.321723168055
0.284019647161 0.206633979769 1.0 0.378216501169
0.548321798815 0.383020341712 1.0 0.300706513088
0.891070843605 0.36393792331 0.999625488375 0.117169881535
0.521942166391 0.73966009259 0.999999990133 0.239917742466
0.515825478799 0.387421777183 0.999775936314 0.263735129394
0.596761042076 0.677051111123 1.0 0.0991175802385
0.787362511089 0.680628869203 1.0 0.106880264092
0.757479135732 0.289368964276 1.0 0.0657427121882
0.810028873151 0.406165952509 1.0 0.00727894118114
0.11968504682 0.59465189357 0.999115131777 0.158636323941
0.79721892517 0.439466462926 1.0 0.202801986336
0.756575758093 0.739156744796 0.999999998114 0.0653747673619
0.707576203551 0.771698968921 0.981729799508 0.0321759985268
0.189300373562 0.0987468030112 0.970136590735 0.130466143737
0.68046166497 0.141224312798 0.964680711937 0.0985226442391
0.178377976555 0.309869688168 0.9999591789 0.108988115841
0.0234389403679 0.462069943892 0.884956034286 0.0782180539269
0.290705484053 0.223933548638 0.999996645219 0.338618302222
0.765725429894 0.645753345419 0.901056750859 0.117094656437
0.768601474036 0.489900800837 0.999996649132 0.13410529631
0.502169154885 0.597401171062 1.0 0.232276557812
0.363167692464 0.57734701373 1.0 0.140381745839
0.791121557121 0.915757641399 0.904479689913 0.0660244522879
0.972263807687 0.301931320691 0.999221721684 0.281237471514
0.912382816512 0.764465982065 0.999999995396 0.125167996023
0.239652647813 0.409523454189 1.0 0.175074282503
0.765014941779 0.900462792335 0.999999691628 0.0391242512529
0.362510670449 0.429505500558 1.0 0.44562845689
0.651553910918 0.271571199504 1.0 0.0596369105735
0.118073354433 0.140870011316 0.975823288538 0.0714610123884
0.982607901798 0.283263590511 0.785744645555 0.106823953842
0.284394438526 0.508673450152 1.0 0.0591748055895
0.77390455218 0.287781398611 0.916806110542 0.286825453598
0.685398986852 0.352758474045 1.0 0.287680746966
0.501773807276 0.995541789692 0.970408555004 0.296637834862
0.59024738868 0.798507191118 1.0 0.0835714831235
0.567899483735 0.714391570616 1.0 0.297735628334
0.209116207024 0.418263619512 0.999992436216 0.0573690141972
0.491835795866 0.606701038407 1.0 0.10469792883
0.284349265798 0.703053097528 0.999998093762 0.0557488448046
0.658781899358 0.652041480301 1.0 0.119185261414
0.465522561487 0.70525708222 1.0 0.0613857762297
0.561702641439 0.563696987271 1.0 0.224646164616
0.995305481317 0.60585203526 0.999998425239 0.20388610376
0.230436454684 0.49149448273 1.0 0.156773991196
0.141572116463 0.330859905016 0.996305487138 0.0302167396771
0.399451377979 0.972767632928 0.983594881872 0.141400294654
0.100235784451 0.54165623287 0.999998804526 0.277776264953
0.654658599433 0.671884897055 1.0 0.102623476888
0.207424952091 0.44507563402 1.0 0.12115507556
0.612567617518 0.832968596239 0.689255487401 0.0977997270435
0.0661082283981 0.00976534715163 0.583592484183 0.146530287277
0.26821049962 0.450480085805 1.0 0.0176195241161
0.0231745463193 0.545186669902 0.998708943692 0.280146885558
0.691173627297 0.99327762005 0.999833181821 0.347077399499
0.791617573452 0.219235104947 0.999997032087 0.154618724928
0.801387865912 0.0648945547461 0.973495133695 0.256530720507
0.823991555178 0.833667949957 1.0 0.147647384598
