0.320710719221 0.635854087128 0.904854357092 0.018450220366
0.528146667226 0.980438516967 0.953783508119 0.0792284733571
0.158632831228 0.790230372004 0.686661337783 0.139994990896
0.984406336358 0.604158729084 0.991164841556 0.00397698702883
0.326404531585 0.345670149529 0.589382857352 0.123305955512
0.358807201175 0.965789784361 0.917377000859 0.0227777876019
0.955265150865 0.318542016708 0.646553133321 0.137596821067
0.843823688164 0.366785606781 0.645436915859 0.259249364035
0.971855802332 0.589330397344 0.48079903312 0.187688890689
0.190146180791 0.0879096883897 0.677514374116 0.211722345132
0.935043826762 0.886887550039 0.904041618394 0.0721841574643
0.320372343739 0.985492026833 0.589687616082 0.26623433162
0.700843914703 0.722134141088 0.429947279661 0.0673302834439
0.430969424588 0.657160795105 0.941165306141 0.0357729475679
0.498254274415 0.786770503803 0.416234659993 0.0710902409916
0.630375860012 0.81667113544 0.544493785036 0.139950284181
0.132062915007 0.939375450221 0.517910743797 0.256858776747
0.257868189792 0.0388497103381 0.633459805405 0.309725312732
0.36231402607 0.0966923856772 0.482286749178 0.196832926221
0.379305214859 0.253937148255 0.364112590937 0.159884313974
0.829717411731 0.938886561232 0.925951723438 0.0530312204243
0.547359727884 0.372175445765 0.623561693528 0.151408919272
0.872367214913 0.323645212952 0.878787496203 0.0579368902391
0.202016380683 0.344495042836 0.941556268615 0.0162136666519
0.350862121277 0.38878735077 0.990947304801 0.0233799026437
0.722688367528 0.94655330077 0.990182218426 0.00365567677052
0.247667890173 0.248667001374 0.72219917869 0.119247048065
0.465658118568 0.845387505425 0.282359629714 0.115531573567
0.227467904091 0.925385397104 0.971695623487 0.0162578561453
0.261958525856 0.608615191866 0.550783636897 0.0688507960399
0.912811197931 0.627443623253 0.712296962421 0.189712291486
0.733097024761 0.431937352692 0.751650279261 0.101222034684
0.601171962804 0.134571587887 0.970869051897 0.0145630202238
0.257171936941 0.472863967454 0.678617886962 0.125074874369
0.653358798525 0.897263301935 0.959706614984 0.0696559489932
0.816079446203 0.649224668845 0.548578043171 0.202893501704
0.079070626048 0.170728735096 0.571804056179 0.0529947719322
0.871501425717 0.691336466871 0.832448252386 0.05965679898
0.501217549229 0.264019110465 0.569070295816 0.0580378212322
0.465133316772 0.739596936967 0.704271418745 0.185734203702
0.227051727813 0.515861724049 0.880114532384 0.0236208761811
0.123471831763 0.461047594224 0.674811415722 0.140366277125
0.673826873772 0.515519752421 0.523567715094 0.156433322768
0.279845571368 0.432786462994 0.508433906699 0.244093706192
0.465304468455 0.363312010763 0.655102815738 0.0840101379304
0.451590377221 0.0775983228222 0.713387590037 0.132551090635
0.754208637675 0.27198816198 0.429879375024 0.0789316755627
0.738864312302 0.790864358309 0.999534092891 0.00202194707131
0.988349741362 0.144920324465 0.9764431974 0.0137593208424
0.367582413067 0.433590781049 0.662557843597 0.116061416841
0.80612881813 0.379342195945 0.76082951236 0.243427305644
0.0198055164663 0.106213729336 0.54565163988 0.226320704816
0.696289550852 0.872840654592 0.778324950257 0.0053478027618
0.63911196649 0.14687592559 0.810966705704 0.056209039531
0.244622315771 0.535052714972 0.729003017432 0.0692028704154
0.74479170252 0.829171139319 0.545926632458 0.231424239806
0.662494462094 0.681079455206 0.703663377424 0.0953432654843
0.0115832083245 0.379278448084 0.992545742872 0.00403031470453
0.646437533094 0.48227523083 0.277867708642 0.216173001324
0.327916480171 0.459859023119 0.796206743156 0.0638292855389
0.73754181794 0.516437415189 0.514733645326 0.155499564402
0.541986961264 0.534780716803 0.143601016398 0.219350873386
0.328395476071 0.533839960535 0.0889118640916 0.232719363378
0.881870296253 0.190152776361 0.647020510011 0.203338620697
0.617947997043 0.520946677327 0.874940088612 0.119357933639
0.952488808312 0.804391548536 0.701130994126 0.131602646275
0.419650078831 0.71478091206 0.499298178156 0.0786314375551
0.991226272937 0.160106754824 0.904309446966 0.0693164966094
0.212635302613 0.580166916818 0.992682122798 0.0036158395017
0.86882022533 0.774116377503 0.604669260801 0.0433960707769
0.42233993966 0.597863524738 0.480166779148 0.154961551921
0.367167462197 0.885703984356 0.487961541172 0.199183855009
0.0865152863497 0.0819038203763 0.743672691559 0.140446095592
0.855708145393 0.119102656964 0.820538786296 0.089339789039
0.429507136954 0.850595129941 0.781860160865 0.0235587193644
0.548902787786 0.248061592951 0.997942627201 0.00258431224914
0.752375227632 0.927914378696 0.748653479089 0.0585032004906
0.465675607373 0.0327257354077 0.522273151641 0.00883023899532
0.570436172432 0.671154824195 0.442816928053 0.180197565038
0.91554106235 0.215738441566 0.938732079629 0.0649280620028
0.370917032717 0.114385200873 0.361003865104 0.132114638794
0.552182144698 0.0965111366357 0.629519801379 0.293120701738
0.429730296743 0.519678330862 0.98105774733 0.00546702055674
0.620540732794 0.0125655231849 0.631259618331 0.200243727296
0.453978327288 0.601456267482 0.710109681287 0.108047668663
0.17152635385 0.380555584139 0.361759809789 0.183280582939
0.882598858974 0.571147570118 0.709081837103 0.0372383142505
0.706329646543 0.896897829973 0.609393112064 0.156984058996
0.722842815757 0.422518020251 0.973729984664 0.0370494405016
0.793059840569 0.23695337457 0.550035630518 0.0999534087056
0.612902397018 0.692723484658 0.503543924625 0.0863428034539
0.570620179492 0.436910659612 0.219292137232 0.264263088144
0.946756473974 0.353503630663 0.885123491071 0.0485111820128
0.926773482375 0.303526635282 0.579468630586 0.154591895339
0.920357132617 0.109925686955 0.638096019044 0.134845167632
0.126351876806 0.0480337609682 0.507861595452 0.220780404199
0.994913432619 0.101775011399 0.610611598966 0.0707964858626
0.587527740001 0.565766545976 0.333318880149 0.150179810254
0.40019465889 0.402080546034 0.818916405872 0.0605656758231
0.308433053867 0.575350797577 0.487382454329 0.209373160275
0.93198977545 0.878976396588 0.814455697819 0.051245440344
0.892045226242 0.807515091433 0.540749306567 0.242722502569
0.778441068829 0.764866867377 0.788827690475 0.0445682841679
0.906531346819 0.277091158112 0.790311002137 0.0735328962545
0.689183074208 0.143913357987 0.984068951089 0.00483186825827
0.59539163223 0.706521201751 0.693558210997 0.0785013542717
0.6101304327 0.445027212139 0.999320718488 0.25918242302
0.209464727411 0.833860084964 0.638573941841 0.0409092916749
0.0320105296156 0.950065769947 0.661073007113 0.150438779863
0.692017447971 0.1885322388 0.875311193403 0.020209334584
0.509502903315 0.981415391988 0.929687290591 0.0184303124286
0.64346521875 0.860594976732 0.598033289141 0.128113432468
0.878966213999 0.748900506248 0.496470719122 0.180014517082
0.823639438844 0.702114919612 0.718463616788 0.126528001123
0.954562873604 0.39451343119 0.859766881914 0.0754115775055
0.678841227311 0.454829072539 0.803694358929 0.0790112908143
0.476820900224 0.067138629158 0.504345037921 0.216799927647
0.89515155104 0.515117626651 0.993548671225 0.0032911396396
0.00737311205628 0.811994488374 0.654756461978 0.191023543859
0.823103677729 0.397926852457 0.385595623832 0.337003818174
0.0385330356658 0.556133454944 0.88273852477 0.0272939291244
0.777019851229 0.56442217956 0.77729724761 0.129377455511
0.0791597454551 0.51038140634 0.791800899331 0.119711623709
0.268076764948 0.568968155177 0.0660867221715 0.244531795115
0.291215218434 0.844572600886 0.688799912129 0.121141077198
0.540529487778 0.69710678099 0.693335853157 0.0411896340077
0.46763624946 0.151612418531 0.659687010663 0.0760148771452
0.130445946732 0.804956205924 0.609310811226 0.204254099357
0.063607907571 0.392485463334 0.721991036148 0.00920954023116
0.00675258690667 0.3433224763 0.672543045586 0.209258578605
0.106736284993 0.938544820901 0.497330240878 0.217449229433
0.0298792073383 0.0318967616882 0.750492835491 0.162599399812
0.226645587356 0.875825955378 0.680551029273 0.239681774901
0.438058124912 0.778610184528 0.885536599005 0.0281072621199
0.761461545879 0.46560412036 0.690179579007 0.0750168124133
0.0500286877582 0.473992911266 0.722137469025 0.0759682267841
0.305357953365 0.20631257928 0.99143102416 0.00315596191463
0.826452503939 0.636407106325 0.86898187462 0.0527091669631
0.572768985017 0.533761546464 0.752645564048 0.0502157306506
0.870997792911 0.511238790521 0.729974740151 0.225539112952
0.206092484064 0.159056148525 0.745283944177 0.109189935354
0.84961972483 0.0370547231782 0.68313441611 0.151005317004
0.862148934064 0.327897565304 0.618659763894 0.173277359781
0.386918594468 0.526731546395 0.864667875952 0.0992131907672
0.762031291204 0.835592406453 0.717989817731 0.0958803640905
0.736375909655 0.763922878976 0.238812027652 0.113127947915
0.649981813807 0.571351540462 0.975370686533 0.00830425361365
0.120621167865 0.513611787069 0.725743644407 0.159084681976
0.135751685341 0.536811521154 0.813445052546 0.083649994952
0.749881553089 0.969440805286 0.972455419323 0.0106867379143
0.938016716979 0.75114743428 0.942817087015 0.0509089209696
0.0986736737483 0.203391257532 0.526063262734 0.125571155121
0.0436565907331 0.920452992324 0.544521493693 0.337360889429
0.474145290234 0.240139107737 0.00568755217776 0.134844085172
0.176867812274 0.857618103288 0.981851739243 0.0328473131099
0.533438881043 0.858594214753 0.85988082971 0.138691040448
0.409380065264 0.818836513007 0.65229773938 0.201214948681
0.2770389638 0.670523161214 0.993679244755 0.00166091305464
0.827501109335 0.779210776545 0.50958911344 0.0969380431193
0.490961074405 0.306993296513 0.890287200143 0.131532325991
0.656251803684 0.492343804233 0.55029820644 0.115225538258
0.846996596018 0.380750077571 0.931480259718 0.0280262086581
0.0067272251138 0.865652014061 0.655934625631 0.258745983307
0.39017895825 0.723844555064 0.760655506583 0.114306392788
0.2395740262 0.257044820345 0.716940732571 0.0741095615256
0.689773191917 0.961241068777 0.744547933342 0.0737014233169
0.0321995422403 0.126102329779 0.675218824538 0.132909042496
0.307308369699 0.715992371102 0.245221596174 0.196292082406
0.308361542733 0.813632746084 0.821884966527 0.0850932673031
0.627831986267 0.188234094765 0.599200316567 0.0696216032016
0.935583462582 0.799436696926 0.83516165312 0.0762657860101
0.212818118638 0.518458053068 0.78079984011 0.0550548786866
0.661071978908 0.157981818161 0.213694957696 0.164931449961
0.218977619677 0.843201873051 0.536590509858 0.197118233599
0.928294181525 0.0883924275847 0.657359414213 0.161920191688
0.641343096359 0.208386735191 0.976622842397 0.0036717082639
0.501360492321 0.917804675272 0.848911034609 0.0141882187636
0.514881530304 0.845935475002 0.572511127535 0.16738127142
0.131538942315 0.778651314588 0.942544065095 0.0364449138698
0.750420219436 0.907259680193 0.935753011955 0.0347715732324
0.847193050424 0.657595098928 0.694718004202 0.0529791213903
0.28454367341 0.995138659133 0.827298912165 0.0988523482
0.789328328344 0.10192728851 0.906954997629 0.0428209890315
0.436884559037 0.373540157058 0.301459423361 0.136271964873
0.618207630775 0.577690007504 0.624995546688 0.267929566549
0.710330934286 0.362690654459 0.622710140439 0.134917467756
0.406794772353 0.974845608218 0.864894265999 0.0550809432661
0.153167409239 0.744903366042 0.899301165944 0.0251487975664
0.546618571063 0.319398571582 0.936244361155 0.0190231670005
0.672619263558 0.798345023603 0.68482158369 0.0870708636377
0.962431481405 0.345641613388 0.686976018847 0.145257384366
0.990053838866 0.0275182723686 0.637842463802 0.246817051495
0.535326267931 0.976985398608 0.791732132758 0.0664624198135
0.10218971554 0.319701512182 0.476867352119 0.324021140041
0.21272681884 0.489062989743 0.999561871221 0.00731026461301
0.489190861458 0.699058141158 0.877554766183 0.0146081835636
0.665403290486 0.0900931879577 0.550118723905 0.226184788555
0.976409413339 0.815351110232 0.598968702452 0.240613933947
0.506813421117 0.776318493787 0.716297537984 0.0754035508022
0.0299079197873 0.220018974295 0.54208712559 0.230154015479
