0.348597264109 0.360079800574 0.937893930537 0.180844870877
0.964404201346 0.412254701827 0.442154017966 0.168730862705
0.0344029191657 0.732877077774 0.848084223246 0.0796547381169
0.439242627294 0.410719078942 0.78158703745 0.0576045883603
0.709281307566 0.238905407596 0.571953934728 0.0981101039453
0.683642248856 0.39159177404 0.558233791624 0.168367474675
0.684288272869 0.65985802651 0.977947755978 0.0118795356093
0.669671806292 0.829100568634 0.843543599532 0.0240241874627
0.837224280049 0.350660595972 0.644101761543 0.241066782426
0.513725659055 0.535930921054 0.694864743306 0.215946074256
0.474144557158 0.776058353097 0.890490983231 0.0264099523058
0.834244532666 0.0366646177999 0.715498568077 0.064318841667
0.632170024506 0.11629843449 0.99821686955 0.000285834547101
0.783178837397 0.807520138673 0.434427006646 0.199726130236
0.169049165751 0.723424440632 0.95204827119 0.0095196742194
0.149237161593 0.486877542281 0.898818630039 0.0569685879438
0.270166646973 0.438341020562 0.555882474571 0.170201983234
0.25741104718 0.256509989048 0.540218639738 0.294192758939
0.831158561159 0.881400726151 0.648309115031 0.259830243263
0.766064249914 0.0307218774272 0.910069798615 0.0197284418649
0.508102851422 0.803886672816 0.872547978235 0.0505617672104
0.236435694715 0.215417903472 0.664135740399 0.144409985588
0.550811388436 0.439045496141 0.638819865328 0.204927950137
0.61677831498 0.349622497738 0.00553563962254 0.2227304052
0.667362088369 0.392545807317 0.324624275376 0.199163538651
0.149809277782 0.748417869276 0.867409466374 0.115431105853
0.50825568876 0.499134582859 0.000502330764004 0.238781915617
0.276166606182 0.544224138801 0.939167175176 0.114245705166
0.141457766237 0.576491498924 0.614191489851 0.116474554613
0.942227111022 0.566512686878 0.726877630722 0.13625911025
0.174853838617 0.174553107592 0.782257749526 0.0625684108915
0.709308848293 0.264451149728 0.493654934648 0.300986310919
0.635339467235 0.455388479443 0.556302627577 0.122711097392
0.519247985502 0.134262262367 0.969266475628 0.0247606518366
0.268916868577 0.298075561584 0.731734103909 0.165851549293
0.0757459620117 0.512211382172 0.511302274036 0.160282393512
0.405383367939 0.148085638836 0.456402642629 0.13687025965
0.0523064215509 0.761380876731 0.737430294193 0.175833728334
0.476725218721 0.522816948662 0.00366666022291 0.292197658907
0.593346425696 0.444041352131 0.584130946773 0.113179091769
0.339572695314 0.316988819225 0.485820952698 0.166121867073
0.551870763677 0.315069488762 0.519514411471 0.114888785483
0.91507514296 0.00865726081545 0.714657145865 0.110375173471
0.562390139878 0.345122483466 0.444656377669 0.0919574390982
0.630641358298 0.700119820497 0.529639039558 0.168639256232
0.238660663259 0.686006202537 0.535104442333 0.231363437328
0.822387514118 0.803526638959 0.501509216326 0.287266648357
0.456608630496 0.326884922978 0.449905287345 0.120726482907
0.611744531425 0.197258968569 0.992446457924 0.00479700610007
0.813747245144 0.0745558769303 0.994819110785 0.0336877720351
0.31454363667 0.620080295561 0.750527235071 0.148389298277
0.157874762799 0.242426017517 0.855149140725 0.0530951021101
0.0471710809837 0.858540288617 0.802374716215 0.0691396063007
0.0132026504278 0.769488729999 0.609000964109 0.197096893059
0.834947582694 0.0522464972304 0.73971408478 0.13687958707
0.847673015842 0.258608819592 0.501239144843 0.14763471745
0.626795664179 0.945422533177 0.928109506281 0.0380248404064
0.46105168502 0.523020617075 0.359727524535 0.125931071724
0.308452203204 0.392486964117 0.661906420561 0.236132567668
0.378876875125 0.564891826114 0.670896477694 0.0328110740672
0.256481477203 0.386059665278 0.551692479358 0.153840411887
0.239989937076 0.67712011995 0.7872713209 0.159170179074
0.327525928651 0.61057264302 0.556507271758 0.152296380907
0.544324229344 0.641748623863 0.407773776102 0.158276167638
0.718165931756 0.963784381493 0.931267815029 0.0469935488363
0.967980191301 0.317373952859 0.821155149495 0.145659915946
0.743065505568 0.820983003439 0.867445779647 0.115632206112
0.778751550489 0.228448615651 0.756829372414 0.0660990213124
0.699656935871 0.805977068068 0.98878786434 0.00899750112769
0.627932121825 0.503134364853 0.992007438278 0.00151272905465
0.352471803746 0.819752797328 0.793540535769 0.0598842714713
0.366539164742 0.264589537048 0.340468607761 0.09485279948
0.949358322304 0.885830520691 0.536853835895 0.135436720982
0.466248766854 0.553879580446 0.713207692287 0.0718531686509
0.242721641425 0.704402487072 0.896311428047 0.0808780273351
0.102807692427 0.717824908305 0.695905012389 0.136992016863
0.0710969434344 0.103246749852 0.591309300654 0.105415266805
0.232575287762 0.749999960349 0.523804489748 0.123466102213
0.582228979552 0.0589202442817 0.529625343961 0.0576438935102
0.675987938346 0.705685401063 0.493727487339 0.24821428746
0.264340176646 0.148588365359 0.927296695188 0.049631999918
0.197428422836 0.944521248713 0.694918304521 0.0312315201858
0.716886915959 0.396337310931 0.471162459655 0.100025532417
0.837281126015 0.227453411421 0.479158014228 0.256398756625
0.223392981769 0.561359221582 0.787105120112 0.112427234512
0.589159645951 0.843193945967 0.930515267043 0.0228962025475
0.893356899249 0.261515884775 0.665816071612 0.0511514372357
0.0211013678908 0.755385244569 0.83400895049 0.0493637135322
0.398923353789 0.377818004304 0.463072269322 0.201044915894
0.612135683019 0.870101515704 0.770796680331 0.120808529849
0.262322958704 0.320895012835 0.94675275622 0.0168106885058
0.0879507672789 0.320507665453 0.865084562843 0.0488644996563
0.632862403052 0.431120204802 0.555985980159 0.0582923516439
0.596756283028 0.825087079024 0.705310380932 0.034709597762
0.371869332261 0.44370238952 0.512553550227 0.093985504553
0.587230674725 0.492931502634 0.471557054444 0.186422228579
0.784590133989 0.411999505621 0.715703563082 0.0569841217629
0.521494979599 0.435690738796 0.810545465354 0.0413288832683
0.257611597957 0.505570745524 0.0875107513405 0.115971311147
0.139713111063 0.867368869576 0.658321746401 0.209398923308
0.333940298182 0.725930037259 0.629843468979 0.188930279392
0.582670163088 0.182708393002 0.641709623584 0.0486690435666
0.80949334294 0.420409542299 0.996447919959 0.00169981385891
0.685539183229 0.104227191458 0.450897151233 0.241754250508
0.294316643475 0.428125740403 0.676024692757 0.053835273477
0.783573098254 0.600088286222 0.497783714214 0.08963068078
0.574595524538 0.761965412598 0.732531722575 0.129193999765
0.97741733637 0.648581531523 0.691258086178 0.0532193071686
0.607071571918 0.360941869423 0.678902052158 0.120916965319
0.47089260099 0.903792586766 0.769746054455 0.00494170681502
0.715623105486 0.69108571269 0.781124558253 0.0759202951087
0.173021761164 0.720604513193 0.749081575122 0.0925361376014
0.451509141148 0.765712120696 0.660899608347 0.0834592821921
0.333275775622 0.471323356032 0.294117249933 0.218098419416
0.360097779631 0.311220062204 0.698455146394 0.0649048727578
0.0916196228286 0.370242142408 0.565758968872 0.153111474403
0.329035951268 0.550247247788 0.102680483063 0.215781708036
0.349545344493 0.672410045768 0.171540683425 0.238733130361
0.745284522294 0.514329541963 0.687329323815 0.0751654613669
0.0175754946639 0.339617371586 0.867995667366 0.0675416720494
0.610647797903 0.820716188039 0.95688089385 0.0465355399306
0.344108460962 0.334987146686 0.847498580681 0.0960226429584
0.600059399046 0.476134263604 0.322745034552 0.145970198887
0.953739699523 0.581086261516 0.765629240647 0.128677371145
0.858044895274 0.439366017717 0.897199482275 0.0301679337914
0.861754883789 0.0999175786227 0.49137031626 0.247229966689
0.108314366437 0.0758849142196 0.809071873804 0.0493488161969
0.684156714944 0.737677010719 0.755024241428 0.0717025208971
0.475914120898 0.992630703294 0.708259378375 0.101114289626
0.287807469052 0.725568085196 0.876364764694 0.0351675324725
0.642869308266 0.224652370943 0.640766109165 0.216374460433
0.432459317181 0.651113466314 4.29732215059e-09 0.254372170512
0.637572152343 0.662160024331 0.366411931658 0.287037784639
0.904449597215 0.689041304927 0.826520278213 0.0399109700135
0.646059937904 0.278111299612 0.721232885391 0.217335081593
0.542199983151 0.748068509387 0.592739565834 0.227742206751
0.98757228956 0.154639778206 0.650245639387 0.149514487003
0.624998440336 0.741800940175 0.750368408629 0.0658309377302
0.251993291732 0.906502627518 0.800594523989 0.158868307357
0.538021848474 0.0781989045934 0.634318731901 0.0828666179164
0.175748352775 0.210059913717 0.703014663154 0.0823562138566
0.816604880247 0.398209376555 0.977773678805 0.00500918435441
0.763794994484 0.617927511577 0.743430427439 0.213663693375
0.479035232697 0.876248635276 0.538203993408 0.168880515281
0.741669233443 0.13337105047 0.602738286531 0.161247668031
0.717806825996 0.382853804223 0.522877500521 0.163489532775
0.707397996637 0.138919183452 0.979322737781 0.031445198585
0.933800382654 0.863527269402 0.999957155701 0.000615516387621
0.72865054994 0.15288014338 0.36504103563 0.210624664903
0.260530722991 0.112243250016 0.570248430106 0.281976749744
0.46784038422 0.200681848554 0.738706017191 0.173191909233
0.626212748463 0.408909663115 0.97066522803 0.0030459786299
0.989996700866 0.0624928343559 0.635201034116 0.101385749175
0.494778704628 0.031318525033 0.811711249293 0.0911023169436
0.965360079224 0.362415114162 0.966861346721 0.0165616203054
0.828677497142 0.085686400237 0.55043335989 0.17850540278
0.801438065609 0.32111060502 0.994399052916 0.0012794588343
0.275413203856 0.706350534582 0.44193705793 0.223936147527
0.791204190512 0.391028574328 0.722475027876 0.102442755349
0.529810458391 0.183275813181 0.678558400058 0.0502127021271
0.653676499375 0.0254353889627 0.750951497302 0.0961082145318
0.520745354404 0.796330625644 0.947941833701 0.0155432414919
0.351071537227 0.244641976142 0.587062530968 0.180335298618
0.29213221818 0.147930719136 0.675346982222 0.154239850751
0.421327557923 0.154962721649 0.748343615643 0.0664239639931
0.21216982717 0.861021873271 0.572099186397 0.18351415229
0.534603810272 0.849967282229 0.590490151645 0.201603929825
0.55106138148 0.629254333896 0.862924348573 0.0727439162228
0.157733466684 0.881919293796 0.662439986119 0.131714436215
0.817508611986 0.457431294596 0.377989503488 0.120150780989
0.375915128885 0.667244286949 0.644863850987 0.094414837843
0.877097522944 0.298634059595 0.908694921491 0.035448315035
0.29170719374 0.93177741174 0.650776965067 0.153224135926
0.78960934815 0.956280630883 0.550767030379 0.204890625832
0.720472083354 0.492017265412 0.457259609623 0.128809766881
0.505283212477 0.12611511997 0.751526650234 0.103996857366
0.955470983402 0.60369655696 0.643710390463 0.127813806215
0.390171456228 0.5287977827 0.101317091939 0.209679754935
0.719190777048 0.0847217377553 0.589621030929 0.204289631896
0.299421498736 0.312761610859 0.912374018706 0.0366285694379
0.414499923854 0.342451812691 0.431375722937 0.259105109171
0.617681962108 0.382638504715 0.604158489525 0.0573494305539
0.00824733279238 0.0276571853157 0.557732654231 0.0718987183551
0.0596271920037 0.843681734702 0.507445443314 0.328843460903
0.103333466142 0.197476305919 0.508478205172 0.323042705863
0.758530673389 0.325774582357 0.713977218175 0.0152877939565
0.812049526057 0.976496714136 0.451813066943 0.120694834637
0.0993675119232 0.185411239514 0.98738135564 0.00853665830356
0.019626207607 0.372566517519 0.73791978497 0.0799856888614
0.857580921956 0.155462921482 0.560077240891 0.249527230246
0.770068308276 0.47977836451 0.902691497754 0.102444719627
0.695486115685 0.646962015876 0.613545353029 0.126611932876
0.514037753883 0.611333143282 0.609234025781 0.19204925678
0.389738995248 0.547082654959 0.361985118465 0.246646423246
0.786456861353 0.302800071437 0.546744500231 0.263144918674
0.662694748125 0.206267011105 0.643594830284 0.0630873204361
0.600431476813 0.937681744435 0.847091670674 0.0453663497718
0.00353433466254 0.405034567898 0.847562415056 0.104981343182
0.824055349622 0.562571825147 0.530229882295 0.0743263964452
0.694332622981 0.733988369421 0.961988032896 0.0242080837331
