0.7202505809 0.336327711628 1.0 0.0389707324444
0.377902702631 0.797580711001 1.0 0.158566119386
0.133070442235 0.953986790798 0.955160855173 0.172398875245
0.102208068733 0.716322002426 0.999936181118 0.0574963271136
0.935121734795 0.293396606814 0.999991536867 0.00856993886915
0.660342698028 0.78776896906 0.999999557738 0.0622467704118
0.825626925918 0.967704745995 0.909137301327 0.176297297228
0.226720985615 0.932053756492 0.957312114654 0.126411110212
0.230018128854 0.0515839995181 0.999251938727 0.245131180063
0.69754986913 0.160291939109 0.943994091641 0.0287543162815
0.0668041294436 0.0723496662073 0.913178353065 0.102756860422
0.511361612738 0.604109524054 1.0 0.174307061243
0.727381527338 0.424656885851 1.0 0.0620605490181
0.273270427209 0.749482890766 0.732920464612 0.233511756251
0.738503556402 0.655545150037 1.0 0.337876301544
0.851919763013 0.719285094336 0.999866825411 0.0219806209116
0.81318609443 0.299203727162 1.0 0.222947497355
0.505287823501 0.953190415431 0.99999923637 0.233965954674
0.792172915286 0.330930647221 0.999999983884 0.221861435854
0.640712494605 0.827760839852 0.999996142906 0.197030319056
0.0599929137575 0.264212049159 0.972490355619 0.318860228055
0.294552096053 0.835983019825 0.718454356416 0.165054835254
0.188986961712 0.277139813024 0.865013884737 0.0140197211134
0.684625316749 0.1717646081 0.999870133659 0.142485527493
0.159861242895 0.602135551374 0.870846728841 0.113367139703
0.781129870668 0.847473403373 0.998697069333 0.13982247206
0.325797782551 0.0908888066926 0.956990733476 0.0261552599737
0.673708065408 0.426578690505 1.0 0.143314690421
0.530427387778 0.00105457241447 0.996944527882 0.155797163222
0.741761642112 0.700615198935 0.996027609901 0.257718512267
0.381182966914 0.105521056672 0.969348455368 0.251941400191
0.607528442923 0.288192336297 1.0 0.337244944011
0.544756764509 0.526837419491 1.0 0.0291334494125
0.998513912893 0.437333465214 0.999931971976 0.254585030203
0.0758193406067 0.210123776868 0.99999996592 0.281716724886
0.584411067487 0.437531318874 1.0 0.0870953698146
0.842888364157 0.838572435349 0.818752007426 0.179000385086
0.0841885750759 0.82205759568 0.89080924999 0.0410158266574
0.311810235627 0.461240757253 0.879151616827 0.362328778571
0.721031479509 0.95734954822 0.91820855901 0.156057308334
0.2900722809 0.726512182088 0.982025413888 0.182335761237
0.777877212448 0.886682695875 0.998558347238 0.290816098727
0.246379750119 0.752473077336 0.995069336262 0.199600034942
0.583383572113 0.59681267052 1.0 0.0360478754431
0.0420654332313 0.181825308185 0.992602448724 0.303131477775
0.843595915789 0.682930483297 0.904274959462 0.201453059716
0.0770525999689 0.0709559867314 0.671341073603 0.0752868672581
0.536074454485 0.868320938612 0.999963120168 0.050725943621
0.900217648846 0.00894082312639 0.981639388114 0.0390698561114
0.922206605381 0.494105073618 0.999999894719 0.0656278927354
0.541145889927 0.591189496246 1.0 0.232537289427
0.839902561524 0.469214354435 0.999258032288 0.118444141274
0.26477555622 0.711108268927 0.998701439399 0.0530889968561
0.51854961815 0.596884968629 1.0 0.0875344688956
0.354028359194 0.427821535944 1.0 0.0382807519403
0.898341013862 0.83051263128 0.999999986677 0.123093644307
0.216228650791 0.185410753297 0.655775151124 0.0949343098785
0.75816689238 0.0931873396264 0.731032024582 0.159598876654
0.481971904923 0.699006251244 0.999999999397 0.0853772080208
0.518659490162 0.467671479871 1.0 0.0348040084741
0.769764968776 0.678770476504 0.999655651714 0.201737598097
0.947527336748 0.0651887053302 0.988519223778 0.118139916395
0.135303322525 0.976140800594 0.711070770437 0.0647421659706
0.516166023874 0.276902920756 1.0 0.236663918246
0.258715727021 0.813819269139 0.747844262589 0.184788656942
0.217672228169 0.722307475677 0.999673970456 0.105597129284
0.397394312751 0.436472286141 1.0 0.211967471995
0.660720896006 0.12495903005 0.942425417081 0.194073531714
0.502892829228 0.991921323878 0.999871239545 0.107597237818
0.379612601567 0.153491859817 0.999999999999 0.0967098402171
0.643142478863 0.327443802908 1.0 0.175059014257
0.626288292627 0.193396949395 1.0 0.190790868461
0.780956788453 0.708181708696 0.98366350031 0.233634498311
0.657642091855 0.827664163018 0.842645502532 0.07161710588
0.734976471771 0.617149142706 1.0 0.240411089475
0.0494935924669 0.369635784533 0.991612228544 0.0508936385853
0.951098771136 0.443590382481 0.976532821908 0.0284311557725
0.289950104819 0.492818287212 1.0 0.327751679872
0.676875303913 0.403288419152 1.0 0.00350590191337
0.189589150689 0.873282738555 0.999999845825 0.176595354502
0.065309649419 0.907141939314 0.993438345782 0.0630106796451
0.231831357711 0.317473088543 0.999212384966 0.0191480251163
0.811249451362 0.39260128338 0.999936881718 0.0524665569203
0.541902861464 0.0425315014533 0.980679775551 0.0546115308127
0.160970053968 0.63143150144 0.999999996971 0.0660464602381
0.553632167911 0.297947660766 1.0 0.285247929044
0.493669245281 0.540730773684 1.0 0.0201661603966
0.652682711037 0.916665736725 0.929240357931 0.18802865683
0.458995110514 0.560611790022 1.0 0.41254470354
0.423619872354 0.212829151636 1.0 0.0235397867838
0.687879121175 0.791981698119 0.999999999995 0.17207903663
0.434667188011 0.600407635185 1.0 0.103379716783
0.93981635744 0.518274346692 0.968602901553 0.201171484844
0.55579469151 0.275269478659 0.999999999993 0.188421545158
0.807650544502 0.313580313176 0.999999668178 0.206285918923
0.124948216967 0.903243835393 0.786781250373 0.0960609850716
0.558094665001 0.0907442434792 0.783979754739 0.16853131238
0.353523422749 0.0898967230769 0.950159713617 0.102928415871
0.750392852842 0.965672821957 0.973951646075 0.00380985820729
0.884962326973 0.796784013546 0.999911021246 0.395225231876
0.402732845237 0.235839542064 0.999999894338 0.166155349349
0.328776900405 0.647487603465 0.999999999822 0.315289406887
0.872873770627 0.844478191401 0.621189609648 0.131691702697
0.281326755775 0.251004128693 0.999999967837 0.324315411849
0.605002679758 0.52978647217 1.0 0.157565066275
0.181113720232 0.570238149294 1.0 0.111661141063
0.0915767295326 0.102275744467 0.999999999814 0.336752315454
0.598135293808 0.598026420944 1.0 0.389410386014
0.708599174546 0.0346648661315 0.91366107688 0.160111142904
0.418093089899 0.571109138421 1.0 0.146903018527
0.0723388293414 0.807492448397 0.963498717583 0.159606816485
0.430301346986 0.414920784694 1.0 0.250259275943
0.794125291134 0.523626957014 1.0 0.224707996974
0.636505320589 0.347998592938 0.999568511184 0.476890196676
0.345762235335 0.442886420801 1.0 0.166072578623
0.444948622369 0.307328993498 0.99999999646 0.0236028715272
0.551235516314 0.261118033518 1.0 0.388303574909
0.390516275153 0.589286082107 1.0 0.0277356473622
0.826422437717 0.48919694052 0.969244335302 0.117368603814
0.32471111458 0.696246095059 0.999861349232 0.0572154861037
0.306626994073 0.643197665081 1.0 0.236456160232
0.425782161276 0.126283161765 0.99999999997 0.121948379399
0.122612959138 0.954785673233 0.727929055048 0.0806584801565
0.847856841324 0.215593326192 0.997009410875 0.0677019699701
0.975371386479 0.536303348762 0.965827070504 0.145252260069
0.682709094127 0.538143923304 1.0 0.11685165561
0.810920871491 0.887684835563 0.999999981475 0.14952678198
0.658561315055 0.980808281806 0.991757018835 0.113639205952
0.443068586957 0.4680098034 1.0 0.203251714449
0.338438781299 0.467515300386 0.999999925226 0.451030485727
0.307456103659 0.490925451165 1.0 0.146190831735
0.300291267626 0.457194934854 0.999999360266 0.313718002393
0.21407903732 0.541692527143 0.999971948153 0.154545689639
0.934367259664 0.0201568283905 0.999404957923 0.0782642509819
0.425521710603 0.86517326147 0.999999999997 0.215305797052
0.172803505443 0.870013794249 0.672105083775 0.110552563695
0.789303264523 0.199650871187 0.99768350486 0.289331423507
0.621026638827 0.364727287406 0.999990369143 0.306879394485
0.998064691335 0.139776288149 0.870577661559 0.135293140924
0.177768428808 0.522929389769 0.997404681961 0.26107289354
0.839920879605 0.150685187147 0.999999912263 0.069697479274
0.332593229974 0.510757729794 0.999999999374 0.207698158541
0.170999200076 0.855221377054 0.999982287166 0.166568251687
0.0759862638666 0.983743960935 0.951309891923 0.194654323904
0.546264945384 0.971129224856 0.990697598811 0.210448304086
0.47560467383 0.396819587084 1.0 0.0730278177363
0.225343236395 0.672192428992 0.999999999998 0.0945629696631
0.464526598985 0.663780477061 1.0 0.282677872886
0.583569195766 0.58211248696 1.0 0.160009128829
0.687208467741 0.627075295931 0.992662235223 0.020769172715
0.260864248766 0.62513377404 0.987907831342 0.01917745151
0.802697155405 0.604971705335 0.99999998568 0.209141657432
0.122052433819 0.552915890027 0.999921612947 0.0184144839909
0.843803478067 0.64071119661 0.999999999967 0.107760114296
0.195308564924 0.682776267652 0.999999999965 0.197082565377
0.292298570202 0.201405032297 1.0 0.299359263427
0.813585722271 0.883947517538 0.999828615955 0.050917633618
0.835397416714 0.592722154656 0.929532035101 0.247426317593
0.815436434765 0.3393082343 0.999999999979 0.355833869908
0.889834336623 0.706357393069 0.999224803524 0.0856616730727
0.887064088977 0.0399947234572 0.986655288228 0.148725680462
0.386854272353 0.51141144852 1.0 0.293403097964
0.540011736353 0.391185902094 1.0 0.210622265497
0.795982695359 0.689394924451 1.0 0.146893609602
0.703260938965 0.864710855272 0.572645943732 0.0247312615315
0.463466172352 0.383870800679 1.0 0.299245281271
0.112264647643 0.170086424983 0.999999972049 0.126392991804
0.740690914194 0.289380429266 0.999999998907 0.0936020660644
0.349022790938 0.22154473996 0.999999999926 0.215553671177
0.915086225154 0.752276602416 0.992496403229 0.271362913842
0.674512117116 0.871378145266 0.999999997687 0.00343540855561
0.74439250799 0.414876557201 1.0 0.32967975187
0.366613213601 0.287032339857 1.0 0.0768697510945
0.649603811009 0.115150344418 0.9999955434 0.0868777184646
0.580924501498 0.18855361037 0.886488387982 0.12797423241
0.929911902844 0.395392012688 0.760787161359 0.0207251997717
0.71766188323 0.0538662193438 0.997425367127 0.200253820672
0.560432340164 0.948952594853 0.992339633356 0.257028598523
0.608387081357 0.0458214205899 0.999997828934 0.00045266640937
0.33271263428 0.917064653728 0.999999999989 0.199255598704
0.254478718678 0.604491991363 1.0 0.192984485028
0.660615074182 0.640937478728 0.999996334025 0.16766230771
0.681642721421 0.674201407599 0.981060827626 0.236681472563
0.365835135852 0.500266476186 1.0 0.133540351471
0.0251103786857 0.238789526491 0.828613497731 0.149204707683
0.313273771491 0.341356226659 1.0 0.231699982008
0.647961063521 0.69085253176 1.0 0.343870100846
0.508260334633 0.0570894234833 0.949795344065 0.199679990177
0.220014297997 0.832091366948 0.999999564675 0.109063221867
0.16354765993 0.750591676468 0.870662972775 0.183284807176
0.834002913762 0.773299530732 0.999679100241 0.0550169230807
0.891403468499 0.338597416559 0.998552029707 0.0640650854833
0.605843962692 0.375319169747 1.0 0.212417707703
0.298764633814 0.838467967571 1.0 0.245841879518
0.907975868196 0.991528888381 0.776323379823 0.0482102409103
0.422835283443 0.523711639229 1.0 0.314623087674
0.0298447771513 0.819672002057 0.809604922516 0.0226599603441
0.295178178758 0.770588945186 1.0 0.135276298458
0.61252977134 0.989182711051 0.999908033666 0.0666518057135
0.284828008933 0.872854110226 0.99969990623 0.0993282630198
