0.38870718001263144 0.7826052037390541 0.9935680599829816 0.20633100491543385 0.6423083099575033
0.6577730383378947 0.7491639254637983 0.9915363414822962 0.3778638863070352 0.4904514559146564
0.24526887295745348 0.8543844967251646 0.9137405892671017 0.49470966361837987 0.7896486160658946
0.35158910566943685 0.538210622926101 0.9873521194940337 0.2809455421262489 0.760610740509214
0.21680729012714683 0.4666839777101089 0.990822566857093 0.35381113859837643 0.47385335200951506
0.48530076936434663 0.7976014400524147 0.8791306811025619 0.32655723402184145 0.2691517545927127
0.5601663487913005 0.6301444889900714 0.9888398564316189 0.2590533777373731 0.3755611003615802
0.5078076727392355 0.5966500818903362 0.9994749140215969 0.2971350239050839 0.39761165157982925
0.5794058972829547 0.5011458269198026 0.9796170027691653 0.3737182390756657 0.5455307061899195
0.36173231709301634 0.31304729492923833 0.9608942944041914 0.188605949808482 0.3150849726305747
0.4371155378904552 0.7919151831018433 0.839259538666655 0.3041371187544669 0.4841248210901892
0.5415679676373725 0.8176402708070601 0.9999125965388338 0.6511796352658784 0.6669948747879478
0.4387382551484062 0.7475653598052405 0.9999722335439984 0.3106540459971276 0.5302559520741976
0.7648567082658481 0.7480782661832992 0.9954680652625676 0.14120011989127326 0.4957565263633173
0.5546436202921766 0.5997231307535984 0.9920760724725555 0.533181065196078 0.5886847157247043
0.4579631702706261 0.16913810707331312 0.9774253023292934 0.20919384979256792 0.6167603506555881
0.3372824996887291 0.38959802862959436 0.9824013430663933 0.16859054959464748 0.24205034455389365
0.3016012372066361 0.42124375883550313 0.9997967499048679 0.45306851628912603 0.6265541595921498
0.7992058356500868 0.4144553362622284 0.9869813076445855 0.18053996912971307 0.6545464716812864
0.2926980799744364 0.41356831250693604 0.9336991032488519 0.37037831854555675 0.4023585351019896
0.32821858960890793 0.7165448211596813 0.9907073841262554 0.3142361298204119 0.5327985949044404
0.4393287875739603 0.6323351764896428 0.9954479873572901 0.37024903679347065 0.39695869271295753
0.3975990122991449 0.4135608572994893 0.990953764058599 0.45298955789443907 0.7549171894682738
0.2912587571546662 0.6448662305870179 0.9952149586053525 0.39777570981434707 0.8464649740897632
0.07989557379331944 0.26274451780697256 0.9973057195878544 0.18089660974288563 0.6290777858106021
0.20009990006539105 0.6361719298726196 0.5630088586039943 0.36820308502483967 0.3739206642432724
0.6214103190227296 0.8157062438173351 0.9999992997600955 0.21392227013801451 0.5135327482602148
0.5580537124711964 0.5707372869806577 0.5198830513752589 0.3217506301131457 0.23016227504481418
0.278323605661545 0.5263649728919748 0.792766260628859 0.171034811755703 0.1339483699219227
0.8430602178100339 0.43523853633637266 0.9355140051184373 0.266982583048907 0.7561504078096584
0.34609000587625893 0.853168068794703 0.888014177388607 0.5411126361939306 0.6462334288815359
0.41182520148064616 0.1996246010473366 0.9999992839618431 0.08083445481938148 0.20492509314470259
0.42099590121511515 0.11732518088242355 0.35937642558204186 0.1986369345427541 0.19418186970185897
0.1462070714486401 0.2520959180779016 0.7460366795133312 0.11401481858853439 0.17229306188358487
0.864798409760162 0.18913975781880632 0.7829483489170646 0.2749243355901722 0.1540233451811909
0.8664757313796538 0.597495939478468 0.9996297851461772 0.07537718301351853 0.6467580803031409
0.5053522731854163 0.6554848143300095 0.9585152445666864 0.28063766286395636 0.4540549108268251
0.5316164314558793 0.48180754391725106 0.9670402599916823 0.4455530146885915 0.5835868146104785
0.14930085904143076 0.34458627056030044 0.5265994252794165 0.2554939937922289 0.07905312635188508
0.15672652686617417 0.3838705231523375 0.9178155815186059 0.40393833186411565 0.5791049312680318
0.2006291741558252 0.42767019591943856 0.890079390701454 0.41990166042745114 0.4303493201143612
0.40214142065648145 0.570138891708279 0.9955198740434343 0.3550663291194455 0.4571954353041901
0.24366623983710523 0.4224968946456764 0.9431701888666749 0.2676125231512195 0.34924994654612607
0.3186967987843347 0.18352476860549205 0.9744133902830269 0.26885411065173476 0.28378271892341544
0.47776590899854554 0.4556268227128154 0.9311479556837858 0.21775810337718224 0.6387288209565245
0.4472884457006474 0.3290134306646744 0.9999784371778524 0.3311467659011606 0.8742917435681001
0.6304636935212959 0.43995225372857544 0.913494972133575 0.5476534969816604 0.6553439494802412
0.5343683984755634 0.6694881627625284 0.7949633577394861 0.39704128498992286 0.4450114386798439
0.21679865663925013 0.2317660800945579 0.8218974448825606 0.03285625828442472 0.006410218348555133
0.49321933966351805 0.6394127925096966 0.9968090880933584 0.15282312220644834 0.18296475033261297
0.6112440795008469 0.6636710876748929 0.9704930396200084 0.25496734507778845 0.6332063249620394
0.38208951406191516 0.7313691410871624 0.7997035669866879 0.4015251625353394 0.5308184091494482
0.29703207438269236 0.7746520992432226 0.9997180131692528 0.07828660207792214 0.318711866752632
0.36951149659925786 0.36001597296074694 0.8664646339191938 0.4686042492965749 0.5812956990786204
0.5269361433424367 0.6829202095658118 0.8815831123051417 0.3686470665837995 0.48020505017931603
0.5209841008631716 0.667873092061334 0.7044243740350259 0.21406571941131952 0.23192228240350599
0.6320761512858055 0.21220400205849888 0.5980120504702968 0.21530565355995157 0.06354896156689298
0.6152859428187389 0.32627695912636595 0.9893685440431719 0.3528117847900139 0.5278542183665167
0.47080487648052394 0.6643899907419946 0.6290282308472125 0.2984567598750589 0.2655941304070464
0.6131870571065738 0.43092917928621627 0.9396469283238134 0.3602068622242735 0.6084372411006153
0.6785815593021284 0.015113947445580145 0.9982157334212995 0.0038327980245009504 0.025523145969784063
0.4716087487458716 0.6853154841859791 0.6736524824544612 0.28598840495645156 0.19671020221611452
0.2922659712372224 0.7465226755154011 0.9999277838556101 0.6640775749747264 0.7471355505481599
0.5000667147059337 0.3383647207264848 0.997527997201371 0.40947759151564356 0.5833864141328066
0.61312581493358 0.4427451773045057 0.9760625322425424 0.28766412676606645 0.5314945709146718
0.1822752850459179 0.575819409719692 0.9896719133168723 0.1870872442169581 0.6644172617821669
0.4779440181017211 0.25140009317165657 0.9999884892894249 0.27470133411950326 0.3638749423892794
0.8148808540683701 0.2691837797148725 0.9620611637220586 0.3381271396906598 0.33350213146972685
0.2513014927756117 0.34351235908636457 0.8928568002662178 0.2643909408353526 0.34258387502515514
0.7560864757219999 0.39898611258603855 0.9999634450174246 0.4368453406691954 0.8466788273358878
0.5641255018232861 0.1974044428413111 0.9563303867579688 0.06664438685995197 0.12305153816277953
0.5262457696803545 0.8282355364908447 0.9918296142914501 0.4978948012603833 0.661946900242513
0.3707637317240672 0.7577572630103383 0.6843308182385798 0.4455270559775827 0.4944392111110369
0.34424906825287266 0.5599315568405533 0.6897871686482584 0.36419289472575206 0.37273756823232473
0.49229440200642305 0.6935540389913524 0.6516305429946457 0.31743422488689976 0.34786914007482106
0.48612999097308 0.4664788246075757 0.5487987116511911 0.43560184696259796 0.24438361992749147
0.5593970252266879 0.9166121045028768 0.8014558831883556 0.18891356644064666 0.16016977684648293
0.320357966634348 0.4764537836424144 0.998982387370673 0.4293306184642054 0.539196131613658
0.14065129105203789 0.7865416785820671 0.9592600041226566 0.11904731720845396 0.33846199030666757
0.4283432755758765 0.6452697771109008 0.9991183030499982 0.26541329641021244 0.4167324882659684
0.41215932797590094 0.3369046444872151 0.9977137287713793 0.12948621319504086 0.3178957863922332
0.5916829984830084 0.22107892365615484 0.9708080737143062 0.2923643451755265 0.45976969478691476
0.7237475749253461 0.6604914525942268 0.999963904469247 0.40022908556544656 0.8283663243184441
0.8143507980187482 0.1758156388588524 0.989898671268755 0.3503377388462562 0.5261998533191984
0.5596138086339392 0.4857947578988443 0.8050828486601765 0.41655947756740547 0.4118624789561865
0.5004115950174022 0.3621372691360769 0.9982918393995112 0.1909675233646643 0.688995448279362
0.622683165224226 0.28395917776576324 0.9261836539812245 0.3123228918083733 0.312669356048698
0.8244927805144858 0.9831381620991231 0.9575234676932015 0.018176029173275206 0.011939825025796384
0.6357751327769926 0.41386913880198206 0.9616275971930106 0.3116179378066292 0.6678108740051986
0.895501600669813 0.6523031802167382 0.9110335507674622 0.14027146658664358 0.2679186977000501
0.11434684245548364 0.7116512937001626 0.948229165590079 0.18447223260249587 0.3506041697263836
0.4418661115484656 0.532347631194138 0.9999727044749386 0.3064256965735214 0.3648487036346593
0.49061528873235294 0.34073287620020043 0.8838701221402077 0.2709552377884122 0.7383832450409367
0.6886943364021755 0.48455099001481844 0.613019895654726 0.24486632748612042 0.5113678572438972
0.4514904774285229 0.5864482789510904 0.9982266443040613 0.3402238523551539 0.7720051998593052
0.7587980342625897 0.6222922131092714 0.9569795737765256 0.2983732221059426 0.5774015319560969
0.28312991133279874 0.4400191545751764 0.8828380900586557 0.17964620074967516 0.19375585113827876
0.6740222291904204 0.6560530336309236 0.9791548063717379 0.36155401009695287 0.6363631246322962
0.15940875801556398 0.7386053227056559 0.991790408999177 0.17027350257370064 0.5645030201795699
0.4893795586531433 0.42804997549816104 0.9973494681708281 0.5095236577554806 0.7731680949662921
0.34678680577173615 0.45272775022993217 0.9183277566559519 0.3493000488204445 0.5064543048014093
0.35753883325064817 0.3729406334926738 0.8153670269044824 0.5057215393589714 0.5169752730081957
0.6353975673649833 0.2865335302973269 0.8026664931015154 0.354069081638632 0.30980129427065917
0.5860018976400382 0.46559939233066383 0.9599871120411375 0.3608510198501672 0.4844384191804023
0.6616987783216389 0.6169383330789169 0.9999236186021965 0.2539284190168687 0.25796644937498564
0.5262994381376942 0.3264286882162376 0.8796526716649178 0.4826786206871177 0.5908172612001701
0.6554745072680245 0.31382598448731214 0.616587208548304 0.16191642668694098 0.07895318518309022
0.4620710523267849 0.2655169635417355 0.9997282621913582 0.41489576400328493 0.624789982328471
0.7137324793314929 0.473448821510954 0.8266302606354226 0.33155948517820893 0.36621945189362803
0.5739605222420099 0.5192148002907491 0.9995744123694986 0.3766053386858632 0.4496113102776551
0.44444899239927516 0.5749220901482147 0.8960989965670221 0.3557153800461004 0.6225859629789956
0.42824731141725614 0.588400374552235 0.6970545902158111 0.039003595240196184 0.012192919287247072
0.8174733287254414 0.41757467035023843 0.9667556838732715 0.23689378992184543 0.6416502776564871
0.44003779072807525 0.4329217189801043 0.9915710938562987 0.3353223858942958 0.3854880017108585
0.6730160506835274 0.44595963805287286 0.9499701191534338 0.4048869523626022 0.7876070672953318
0.7877574409546341 0.5104353063143249 0.9505154700678172 0.41780761196114596 0.5031639449651204
0.13227494121951125 0.7923675629482956 0.9029378422070615 0.14922144526859157 0.1435263921749644
0.6107393652793347 0.4357506697592658 0.9999929718114253 0.4817328043379592 0.9545214468845772
0.860418617082426 0.33999150224452324 0.9993790979405124 0.31033947736423023 0.4963251111015755
0.0682359558115545 0.24341020169497835 0.8991810361179348 0.3390415879101897 0.37965101517538136
0.8108219349372671 0.8842990353711905 0.5577547160157256 0.27237717745353246 0.03675309067988238
0.7292607929788327 0.8373232003689989 0.8795812645199776 0.029522589906986186 0.022329108049701472
0.49528491559899795 0.46676624264758965 0.9483453289818974 0.4150981796867806 0.4388168972568355
0.1335894028621925 0.6018185703053041 0.9237639532532942 0.2626214272781191 0.5036992215227322
0.6434292089938292 0.36020626110250586 0.6479849189902789 0.33824153602419194 0.2482415146929527
0.16563607846551945 0.07192673299075697 0.9979531537893434 0.2964426751366212 0.8470605517319433
0.23745015906484898 0.803104013457514 0.9966388194357628 0.16760440333783383 0.17711983871855488
0.6526729028342898 0.4204204445977488 0.9961499308767607 0.6346466266827655 0.8956241474565934
0.38905370391820177 0.6347194596326851 0.9992302888170306 0.39451604889479314 0.43788116496505114
0.6468456551476471 0.3206706593648533 0.9991801584023321 0.3596434928906486 0.49239146903693604
0.17267922104559622 0.5813590116327989 0.9401892237717968 0.1867038591933954 0.26947834090537015
0.6987406428601504 0.5293920924755822 0.9511381172986028 0.37278371720466436 0.6731518717337185
0.4693573572566848 0.732861022952831 0.9951426466318685 0.22263690526712937 0.4854372751988896
0.6361885188042927 0.6671762392161148 0.994011724318332 0.22110770338988586 0.3737955087782316
0.6685721082291421 0.46914175265423214 0.5589764515863064 0.460617155099912 0.48125063015544256
0.39378448680192324 0.4990600090673373 0.9999993988247362 0.30153537667164965 0.4899593287195918
0.7599107854898743 0.10563630402958613 0.9481440302847073 0.17677782779247347 0.18193561346166645
0.2189885004953535 0.38606019041171513 0.9792763843259581 0.6325940500757474 0.8283067583891348
0.3119607970829239 0.5852908307143241 0.9863250991138155 0.12813310214233953 0.13621171032609883
0.32585282575465846 0.5254018201464244 0.999999999084542 0.3228906464768081 0.5625339653902748
0.36044520254103474 0.5887102716601946 0.9522845004102846 0.3587351024487813 0.7175102068578261
0.5609592517056565 0.33065823664721206 0.9999614329854793 0.13664155006598463 0.8427806540725008
0.57342214688453 0.762204769758897 0.9998227799476553 0.24182639744198445 0.4076005349334868
0.6138187602803968 0.45390187958275974 0.5693334848051081 0.39096716633466827 0.45141620980586133
0.5112810437355003 0.5602698381891004 0.580531782713582 0.35062396809457086 0.38116773026102607
0.6932008008823994 0.5067145059954492 0.8347691034179051 0.4181133912465902 0.39587951343295735
0.7271172143039821 0.4143487808126053 0.9998117889908371 0.3299732211966319 0.5530471739827136
0.6841098919188673 0.5808044224931233 0.9624743343762848 0.343241468100146 0.35694224147746517
0.6880836341688943 0.575241116509795 0.9799521368785931 0.4280549195810637 0.6283652465679793
0.1815577068747782 0.5222978242325889 0.9742338699964668 0.08780704128293358 0.21554600754373313
0.6990144046086355 0.40334626022988473 0.9875094915264172 0.3085994378243769 0.5568444628994427
0.742465270877219 0.6798448409961091 0.9841412049959285 0.39010797396564556 0.6116923450354322
0.3717349990040403 0.5907457799576921 0.9264840546896037 0.31588577843547794 0.4411145538764491
0.5263351540668795 0.645782132028376 0.8748189646995999 0.2883032126790911 0.4385410132687954
0.7355493226339553 0.7366827714266924 0.7872947557440901 0.34072411577271894 0.4813558745282055
0.26594531275901634 0.4836388789244055 0.9916750161529041 0.3624806026430497 0.9698080614936161
0.4889496258450234 0.7609735221555405 0.8885838386521223 0.4414447171610481 0.4934366415176343
0.5556913366518793 0.38600678103161784 0.9813363051839661 0.18704331823295323 0.5185583599888993
0.602324209043348 0.7186273977476854 0.6889398565142764 0.5467233139962577 0.5087566673102146
0.2692895002406569 0.2887244698192901 0.7791781207453744 0.14266228947383292 0.19502952274946322
0.28100011230804867 0.6277342601140941 0.9994388699788399 0.30985898144348906 0.6897161516053957
0.35766394380668265 0.640131875284478 0.999993311853597 0.3326632532612956 0.9690630158309319
0.4550879278370713 0.6214627801377115 0.99925471040575 0.3870551386930392 0.7119749452026601
0.39235856490489196 0.5834484250683758 0.9724777671445938 0.4235683553206213 0.5404577210439557
0.5686423067048216 0.4872552282896474 0.9996143249379185 0.3902152946955185 0.7880454664244514
0.7482714786151922 0.469510826240489 0.958344549260567 0.16978668226455051 0.3035661011368619
0.5598709074941826 0.6333975807508547 0.9590644163027833 0.26305821587074774 0.4303747989024382
0.6799904388379512 0.762132249238396 0.9889927503522893 0.36955711075452996 0.45951352764097486
0.23546039485572318 0.7081192042322777 0.9848214213062481 0.7729700352346481 0.7840889579514447
0.25878929455643085 0.5515386444170023 0.9928569550833596 0.1388318507401506 0.5415041294154516
0.5092901738623057 0.5731685421595758 0.7703234104039958 0.3492203945892914 0.44749847426920686
0.18936884848221558 0.8952143282681914 0.9158824258874902 0.2651558053206631 0.34389997151122753
0.2536570407429549 0.6152220710491927 0.9999999074232344 0.3969099366440042 0.7435687654986701
0.6625302960189992 0.5614378595856679 0.9996847669973367 0.2877744276372048 0.5939635477824836
0.5343173801312775 0.5584815311346234 0.9985086545925801 0.20116768445310454 0.4815443154035484
0.7054949241561961 0.2566216908343365 0.9495536889972377 0.13189763141082217 0.3683830101477582
0.6414361255040558 0.7231229115858526 0.8184999667103412 0.4175262781238579 0.5696733924155715
0.25087686062836567 0.7993867820420038 0.8048225447078079 0.137880197661743 0.16492701911407864
0.14917120135157674 0.2274412624745375 0.7872060788369749 0.23459429598400106 0.24820902003760345
0.621705187548089 0.539614217620711 0.9999052381870881 0.2091474806171046 0.9337720498819704
0.7513624135704635 0.2006907687466281 0.738439470624181 0.30936210731322183 0.34627967124980347
0.5899927512132195 0.5694941445938985 0.8439447081363328 0.5348414402276291 0.7066735825328837
0.5211396190191497 0.20141735916683476 0.9999999997502368 0.5109207716372841 0.5713728498481082
0.43209724308446146 0.6496331598407113 0.9946972126644454 0.31298888345632236 0.7793966194092293
0.5389451415918034 0.18213558918305206 0.9941490615837343 0.5028132311785178 0.7742280651449126
0.8651923488829787 0.18110595512216363 0.835940577921585 0.18151526284892278 0.2066025250114095
0.3661528353861963 0.3863365602788369 0.9996036296683051 0.4933625189353677 0.799057795432047
0.559895239895322 0.6160680680940435 0.9795563912614849 0.2343522423048006 0.319564507299061
0.5265586387741386 0.4771568372391851 0.9745791446958827 0.2291835867730164 0.25419200024190824
0.42596329464427674 0.46836170202019656 0.9973935672047135 0.23474134916889905 0.35243191273184027
0.45183486711718635 0.3951298395713892 0.9959825523531266 0.41123075601378706 0.55491809873431
0.5194804151292169 0.46895959612588545 0.9633327916717191 0.3161015297595286 0.8793402015050981
0.23927992979656612 0.7505842466680483 0.9851066209997257 0.06223385281885576 0.11557269765253655
0.5532764591116254 0.7140381476747119 0.9998166886259602 0.21767662237562918 0.5292890986107146
0.557223426662657 0.40246680777468136 0.9995889195816732 0.2755365178695354 0.7965557873976248
0.4662188040856718 0.5984564979009135 0.9680627552598808 0.42935705858765316 0.6041533144772623
0.57519469999737 0.5708909109984085 0.8844006160523626 0.21451625218320577 0.37083978286591435
0.49697040191547615 0.6897271234681384 0.9987162261006303 0.41709971359323045 0.793516963610309
0.666621393074558 0.48884855695510476 0.9999971377101831 0.17943681533648234 0.6393026427446746
0.5280196826002073 0.653196290889991 0.9926210487815896 0.17891477023556432 0.6455316499699901
