0.33837025684858846 0.6083652102382192 0.9838173456194815 0.02379105922420115 0.6356488974622335
0.7898018801647153 0.8106297036491201 0.5611032487806735 0.08706861551383635 0.18722782939253022
0.7887752558131412 0.804516606361573 0.891893022716904 0.1330232273409486 0.7874383667634075
0.3940444580955508 0.32578485089710296 0.973766674957064 0.1304394846302794 0.7586446408907866
0.04991951811108131 0.6706124145129798 0.5220250795405614 0.09746684642388656 0.23982569626596634
0.7744694469170594 0.8301209299840445 0.8295357289848099 0.06441681854892847 0.24347767525721464
0.6500665304772651 0.6927967485671005 0.7537020463036973 0.05336467680655913 0.22038878220275163
0.3946657509798377 0.8673852819764977 0.9887328770066793 0.020625680368754666 0.3932925339567132
0.9311490263236336 0.6156630211328641 0.9534873408377792 0.0371542637378581 0.5310945219105468
0.36173231709301634 0.31304729492923833 0.9608942944041914 0.188605949808482 0.3150849726305747
0.6793683125230258 0.7487558721902677 0.8035089585977461 0.11185957899646813 0.4755277010884408
0.13427862230653287 0.3043139854278142 0.9275563832357039 0.007415159894673579 0.6195969246225543
0.12731379367971496 0.8374554642655856 0.6268835554014671 0.10479059463000154 0.41236339688760887
0.8775600164798285 0.7933171560118376 0.9132355483669257 0.021529761538216428 0.4792362286537054
0.1663118557169167 0.66503042486976 0.6100095978724089 0.1584460822511714 0.34794151770096393
0.26479524047946124 0.028711356707523006 0.8000600938754006 0.061629887340308234 0.5777837654123419
0.2888958206590059 0.30556957996596223 0.7048484943111721 0.08262135719854047 0.16808655047655632
0.7838726611656855 1.0490671437201597 0.6106474961146092 0.22245142365785558 0.473225799820587
0.9808359234495815 0.37869330386865596 0.9869811864987594 0.026531107707123556 0.6545463976440655
0.02767822883763571 0.15950072976956398 0.519210618804005 0.04346848692693794 0.1968093896816372
0.254392752437115 0.46906983689577997 0.8327510373685734 0.1345592310527503 0.4829705456853404
0.07396866309001826 0.7700176121798498 0.8502623981578246 0.05332717313441235 0.35659989343222187
0.6527098687682429 0.9185485571807115 0.6058535782845272 0.11417339935772647 0.49332228615598595
0.5129225928460982 0.30740205590138303 0.9348691098929042 0.025590710343233108 0.8157505555657437
0.007111190181627758 0.36178061962756813 0.5235229461599222 0.035998956998660556 0.48300821482596007
0.6772996480322531 0.5981043925559076 0.7301975275832129 0.21511237335422181 0.36562391814584044
0.7948557977903365 0.9436146598121854 0.9084836474836501 0.04967766799150453 0.5077090022805661
0.36044169091399336 0.30356649768218624 0.5052137310630782 0.17824023433471278 0.07743004775431858
0.23856833738419025 0.5013040160282519 0.7175028371299428 0.13406711105915128 0.08961212353619293
0.9882701819427355 0.19565344940119272 0.8255522759967548 0.06592761307409893 0.7363827739869908
0.9043969540539086 0.8609877900886758 0.6777582068435736 0.17325578905519182 0.48090976996036205
0.4039457336256942 0.15261802113220546 0.9960799079242361 0.03805292786472168 0.20172557961034218
0.3162020383723627 0.11380433612710994 0.6102041392594242 0.03871095453836156 0.061194048486232014
0.0795481588666509 0.23886761739922446 0.7460366794643158 0.10425909712056788 0.1722930618667391
0.9376284021701452 0.11035865875951756 0.7175382830151694 0.20637436543573423 0.12038579576200138
0.8845720844750732 0.6118110649802131 0.999629785105804 0.07067507388625577 0.6467580802851076
0.810477087811209 0.7090900303790048 0.5933090090417359 0.1639028836458218 0.3698447066647055
0.3086508428547653 0.894550397395464 0.8282408191882983 0.04617927484900219 0.5253751290844988
0.08685647977723554 0.2516807630566207 0.5265380139425356 0.24967681315290877 0.07899701477167335
0.05346965822569631 0.29908420876975494 0.5340912085053371 0.15262403114169523 0.2990397639405067
0.423172732725849 0.8051830029257045 0.6999168011967971 0.053050084699198405 0.3113686844093363
0.23790489869620626 0.6864341129805551 0.543451100811375 0.05090308899008862 0.17143674001185732
0.1329439194840054 0.5219697628920185 0.9279375839542595 0.19653785424083645 0.33992016110209605
0.36312917808967915 0.12019256435386727 0.5179499435172025 0.03687578843735849 0.05753270226482258
0.2859448252692912 0.5835361954163877 0.7546336396938379 0.08068529244838661 0.6124595587545619
0.331818195654741 0.6359542683163004 0.9376423418759192 0.10972360632150083 0.8384262135044442
0.211146448596497 0.9791982218332352 0.5261267819124095 0.2891575955803431 0.4679430917522013
0.8718194896574027 0.42995387092199033 0.7639756570958879 0.15163619265623568 0.38332972523300063
0.21679865663925013 0.2317660800945579 0.8218974448825606 0.03285625828442472 0.006410218348555133
0.6427851105347567 0.6451048411993837 0.9968090462982361 0.005531992755591995 0.18296472876928696
0.6174460786341777 0.4565950996965997 0.8474466139228328 0.11660306039789346 0.5648433318949274
0.057643425566603956 0.7703119527290315 0.7278954341949216 0.2777217386504916 0.4826482997431782
0.29272717749388044 0.7077324025305066 0.9461805739635145 0.013396527185237957 0.31210127622651
0.6598425704587852 0.8537653960444231 0.5979480189676236 0.0975650444646256 0.382494940949653
0.08890194718429661 0.702416456509224 0.6031169260588062 0.19312539662647635 0.41227065159292753
0.5312047513452155 0.7213905459313859 0.7043084603298403 0.21345154777621617 0.23186173528034656
0.5322479692926174 0.18464562662016726 0.5979585866911018 0.12350609352393176 0.06354719521510997
0.48647679809098976 0.6997948422623494 0.919970881214154 0.133610199328615 0.5149414087369789
0.38160407563818666 0.6478752732697333 0.5100636396977162 0.21744217104727107 0.20561871607463636
0.6130228964123368 0.8089594990990323 0.7934969932907869 0.057047552768071934 0.5098259290742503
0.6785815593021284 0.015113947445580145 0.9982157334212995 0.0038327980245009504 0.025523145969784063
0.5110192431265133 0.7856356953290464 0.6736524824541805 0.2797445465289073 0.196710202215997
0.9479231019487682 0.9363476125963351 0.9550591728191562 0.016296814066699056 0.7320558109560026
0.6604083905741972 0.3669225450591713 0.6667901430334868 0.1571047408990595 0.3770442172082457
0.32960885283067 0.5518228181601481 0.5790654460670465 0.1870601391322224 0.4223883083186382
0.07272464803781009 0.5468493660385608 0.9176642394355733 0.09348974945159028 0.6328149693770002
0.27229114972626434 0.04062722441018629 0.9201054033421715 0.0014439236475595222 0.3441409219241343
0.4422452789432869 0.10674205128166114 0.5253136087669917 0.13052538110945552 0.22761237943220938
0.12013500570316793 0.20387690777474188 0.6568804760547075 0.14224600902026666 0.16143562912452128
1.1144414569625156 0.6624844230964844 0.6880464638136089 0.19941759414488072 0.5638112683461439
0.5641255018232861 0.1974044428413111 0.9563303867579688 0.06664438685995197 0.12305153816277953
0.9329177952349061 0.2752165255930905 0.6810703838922076 0.22150875227818856 0.6297979958009844
0.11795248735481545 0.42561655644636076 0.724694522493955 0.20909422126236127 0.4224920027472395
0.5543797029189652 0.4731622730950519 0.5064578084398468 0.2951083803974489 0.31005184907483485
0.7028202020199685 0.5781176218982611 0.686607719909424 0.16714021216307098 0.26628241523951146
0.48612999097308 0.4664788246075757 0.5487987116511911 0.43560184696259796 0.24438361992749147
0.5570695714718951 0.9528269906720319 0.8014558831743678 0.1823386942533918 0.16016977683590536
0.1625970669840371 0.06929146577452017 0.946164856873561 0.07757264005082057 0.5074032065356896
0.16633506752260918 0.7645853414573552 0.5105582742007773 0.0361378611185641 0.2297455217052715
0.4538309494730157 0.9909943797300117 0.7338098300237538 0.13545571080649718 0.3559327090389197
0.30461756194942957 0.265976674478283 0.9666920456819416 0.012422391513571019 0.3166898548882411
0.8680988225856863 0.2133770596885854 0.7309865087261099 0.048709190667304544 0.3758018486829853
0.5895664959775029 0.27238995618348416 0.935244217422826 0.007535646404887959 0.8065216608989618
0.6065172315092062 0.5091078387279999 0.7362245920936352 0.19938500704148895 0.4890970549770191
0.8199412353408457 0.12328141817670368 0.8042065532361052 0.15506522197661038 0.41175215992888026
0.490189861684481 0.3863733814693503 0.6022850696622781 0.03739944831880626 0.5384266578775941
0.7482010504911953 0.0074706496451132365 0.5821312392572711 0.05165765561617418 0.17938200255436632
0.8244927805144858 0.9831381620991231 0.9575234676932015 0.018176029173275206 0.011939825025796384
0.9523913912357754 0.4451870810285127 0.9616062154203276 0.1933893359568488 0.667798532026621
0.9396345636993715 0.6587681626777441 0.8860385787843735 0.09485403820686165 0.24554414890896437
0.046843489364510105 0.8503955526517276 0.9469838877395448 0.10442097993253531 0.3495467689779636
0.7675282748436015 0.6070809849794254 0.760808600293873 0.10038803393829528 0.2924220996011273
0.5666954207575097 0.25510392913349267 0.8290943409266875 0.17735980864119485 0.7175490587159287
0.6284285959937941 0.7338893475547454 0.5509597937356807 0.13105710129284454 0.48004175386809783
0.6053424617607194 0.8796020219335512 0.8836791512056159 0.07985152519064898 0.738662518332378
0.3871858630842595 0.48419180412588325 0.7340187930925667 0.14771236697143095 0.5320477853505086
0.41081885353582914 0.49736792056544676 0.7521699393586561 0.050266991777495246 0.16380295552533733
0.8128339578794501 0.009561731884164648 0.5728046180049555 0.2009329483871258 0.3736397319877403
0.184571035343011 0.6343702887832599 0.6423297843318779 0.03992425509527441 0.46713378107320097
0.3109096484262942 0.46526787942072534 0.5498323073424475 0.15428087006061558 0.43396949947276975
0.4373641290570814 0.3904900235035545 0.6870616053642377 0.21613415266241068 0.38386944185158317
0.7770873457082432 0.07692715537405925 0.5287927374841145 0.36723042426179453 0.4083224722228175
0.7941514436606993 0.21967674048067154 0.5128344348530708 0.15044284990736673 0.11966550323926968
0.9131611791237442 0.39991863840418784 0.8388729754382205 0.051396763947370167 0.4012444158722413
0.7562965914708255 0.8531303029473196 0.9997472521456813 0.003291257199856754 0.25788155632478227
0.26045320013393214 0.606986099407923 0.5744827851445536 0.31998699303124156 0.4813169473509819
0.6056062175699304 0.22889404835976745 0.6024436777825743 0.12952558841495948 0.06865323654046779
-0.04824982842512682 0.2528448392695649 0.6290978569602698 0.13060290451365703 0.3149117450885904
1.033794582664847 0.2084905390858401 0.642148076787683 0.2093419650381192 0.2201721528978478
0.8164202961761395 0.23151003299252337 0.9614673933679946 0.010719600656936563 0.4312203636732972
0.02211023444256599 0.7083148877019706 0.8854726048891362 0.21012040580210642 0.6204166720304501
0.42824731141725614 0.588400374552235 0.6970545902158111 0.039003595240196184 0.012192919287247072
0.7853748786857164 0.2985847924614693 0.9520638113009392 0.15441642315076873 0.6376178235746846
0.2855726470751371 0.6880255021860702 0.7719182640431883 0.09902882911833386 0.2354889227894376
0.7946041887383566 0.26460867811728295 0.5395449586142973 0.15509351908544572 0.4376531270198577
0.944168763584508 0.05909855863261626 0.820569602634972 0.06840666872687273 0.4870517053121704
0.25143890159502247 0.8846080364548109 0.9029223803266684 0.032825317267422806 0.14351871588599324
0.18887331011799813 0.6643393485613217 0.995208866089949 0.0039173768711860246 0.9512987257893804
0.8791589071769591 0.002627177721636703 0.8120504139221602 0.03965493580062538 0.37232122231231396
0.0016641879237908608 0.24860353398591245 0.8505131433070053 0.2918050056282335 0.33164722317357404
0.7576941572829599 0.8678625423137758 0.557494711265991 0.21742072786247255 0.036734074749385816
0.7292607929788327 0.8373232003689989 0.8795812645199776 0.029522589906986186 0.022329108049701472
0.829601358212743 0.19188066318446417 0.8410377826311531 0.04647278823214019 0.38500676077906215
0.04419113539078423 0.7091543271467906 0.8109157394459388 0.20774676504731998 0.4059609976786566
0.8984233914841457 0.2945293438869001 0.6475317927931961 0.25127513590156386 0.2480275287574453
0.37802245955165115 0.19852793127698232 0.9917874057282531 0.05966906769466169 0.8465199192775029
0.11637719005793323 0.7498666595761149 0.9966367207628267 0.054205670430777744 0.17711803269175413
0.02565033241802328 0.5555731383750522 0.9938159501685733 0.02248904958429099 0.8940993499619238
0.025443124876371015 0.8768406214301439 0.8231938796512875 0.1080516055678687 0.38367735365281613
0.6643205932803848 0.84835596775008 0.5382746146590144 0.05629724798876214 0.3628257197379723
0.17711766240008164 0.6230703062309624 0.6191748081638816 0.0926137487231283 0.17875659796372234
0.8711501209680672 0.8607388982666613 0.6990373433623973 0.12294515359728508 0.5562962261685326
0.2664770660710767 0.8847389592786317 0.8916193192880838 0.08251564964264108 0.40613085805490257
0.6254390461336081 0.5139979469605782 0.5944901415315343 0.04889011935470213 0.21597220316464927
0.29983475435319384 0.4296104630344291 0.6648280453853773 0.30565478056791295 0.451187551810667
0.6841228653705579 0.42315132502697606 0.9962946097616547 0.002417917291905163 0.4880561426853071
0.8186717463154266 0.014310882107297584 0.9478906016058314 0.10605813925211327 0.1817257199494605
0.8187253559839878 0.02390349518403989 0.8590263453175966 0.06292047705031534 0.7931585322744193
0.3198224015134876 0.4703507965833327 0.9505321662708044 0.0068965662408180155 0.12119972772382256
0.2975709490515779 0.17078552338633413 0.5205400024541726 0.10092393300775669 0.24032845384109275
0.4564977978412341 0.9646728341642041 0.928942324012999 0.07052192707023323 0.7035037911971485
0.5097892522971298 0.3096123379532275 0.9999614293647929 0.09619600553750743 0.8427806526691805
0.5162149363195051 1.0600833869493331 0.592957825801832 0.12282401653239972 0.12534491681021734
0.21007420690009848 0.8787257650185751 0.7702735488943958 0.33096565422271507 0.3455354343176165
0.7735193002784256 0.7383932341216006 0.6717636135118088 0.12248215827131356 0.18755644348440384
0.9305620426529457 0.8129940274445466 0.5515564919109038 0.1927415035266745 0.22738793179990366
0.5331524449447008 0.5387696549642229 0.9987725803631824 0.13980248717603733 0.5529542528925888
0.8589680234082727 0.8653663069840322 0.7820930066898976 0.09053627548742456 0.28504036899713425
0.38037614552181853 0.2576755682115637 0.873150141768269 0.0690792159532667 0.5848670961991506
0.16376373430756952 0.4803825011852757 0.974230007673942 0.04327016451591395 0.21554458331789433
0.9209941374189938 0.0793045075514952 0.5795749061032811 0.05324923793939862 0.4757089168925572
0.7899491561739681 0.31042748838470213 0.9003224228686058 0.09906989462747562 0.590671346000132
0.1288319420001489 0.48505597947491197 0.841509729209137 0.08413377411480212 0.3962705509166077
0.558190456033601 0.8770183654331656 0.7784754379505311 0.08317394507941776 0.3738028494177494
0.8736754218233133 0.6592661967874476 0.6880145722891255 0.25090793291155666 0.41085488801363795
0.3845030504675888 0.8190546899102477 0.9891043760713193 0.03893021850922699 0.9690985912096135
0.9262156640354567 0.9815107806610889 0.63558464934384 0.1680525512177351 0.3917528206157653
0.4379918361578734 0.2675427925489511 0.9807774059864373 0.029685605387814402 0.5182964105139188
0.3409580583718762 0.14138135037483512 0.6525306970635434 0.18105499327765354 0.4909212024160621
0.24227190001915525 0.2908011392939969 0.7535807846960343 0.13691167399438686 0.18302523440583962
0.5509251338291044 0.8290557315761115 0.6990503110898633 0.039341200388591575 0.610102801527082
0.6163496971648212 0.8515643853223482 0.972888823910468 0.009134344474155377 0.9612789095047746
-0.007741337639655899 0.7351766623372419 0.8626073182446139 0.09966448039668978 0.6185568683469617
0.7130145720170875 0.7575208703174969 0.6219929030373664 0.1866962254034814 0.40547572661176245
0.2834413403733894 0.9657954960358375 0.7484475288966199 0.15913177013947138 0.5432955039915688
0.7676840892708786 0.4010445790570306 0.6714138684598837 0.06145545412563528 0.18399901926158985
0.5913196081227422 0.8803873798241991 0.9489007246857806 0.16142600578846947 0.4246156828188796
0.9307720750005057 0.9938011066997814 0.8105108728748781 0.08004206269656827 0.3161651443684585
0.9290363112506533 0.2814659014431061 0.9239524579027771 0.035191425646569456 0.7605493233556272
0.3261370055277548 0.4897109489347644 0.9928569550833334 0.06730752544621035 0.5415041294154413
0.06999856087485071 0.7489900567707384 0.5730798846108595 0.12310536829589766 0.2356783874122514
0.14142708124507772 0.9287974661717114 0.5575515261334334 0.08283918344772735 0.10550306895152493
0.5260768407212187 0.8896612072223695 0.9965477243295672 0.06990718386230635 0.7419158250831241
0.47544587814626993 0.471463278019826 0.9096472358440721 0.10547759766475535 0.5733079657778752
0.5415567430732694 0.3651199299806698 0.5584384015890105 0.0789425925596407 0.31261981819262646
0.5777697597931424 0.24991669768977942 0.7405330382076697 0.027684656927018457 0.33438076975300013
0.2907825118529209 0.47592721621278233 0.6208633239511345 0.17616953146593983 0.5097088004113526
0.25087686062836567 0.7993867820420038 0.8048225447078079 0.137880197661743 0.16492701911407864
0.15150039920058156 0.24296295758740805 0.7852665465019283 0.22253378503725427 0.24782529233213033
0.6474815597758217 0.7279065568540735 0.9997058488833857 0.0687652056684974 0.9337386961831984
0.8077250234156352 0.21986306464611283 0.7280898009386623 0.3083892789520853 0.33813616383592066
0.9483097420495082 0.022819173600423626 0.8386126763876431 0.22348306379479435 0.7047643611663761
0.04652557643571198 0.4304313279588414 0.7535028158821229 0.04112720534408219 0.40369923817965425
0.1222037418115619 0.747914814259215 0.8318494645833572 0.0852564231230929 0.7139400684958265
0.6033994326096068 0.8112923688294158 0.7510695765032704 0.14451166083996886 0.7415724650317665
0.9758027601391125 0.15297505927055233 0.7280199753710512 0.07782510678229136 0.15699877071345417
0.8380388212866394 0.6042733613525388 0.795171232554558 0.06110968157014151 0.6979744615399822
0.6227178525160605 0.6856502783247631 0.7975124265333338 0.06263993475220596 0.18290837618156772
0.3123373304802026 0.4112951450831206 0.9552700889184537 0.037510062125198695 0.24466672473909534
0.28922175663812166 0.675885386191581 0.6637572080821904 0.11026071250123022 0.24673247486495187
0.09516085971177804 0.07667763031888589 0.5866893866534824 0.07529529145015718 0.395644323452368
0.8190854806402459 0.5760719129956405 0.9110481858835373 0.041761312318389865 0.8718093709229846
0.2190365049420968 0.7511856715755793 0.9851066209789707 0.04833464011015099 0.11557269764453786
0.4807778887435685 0.5245894648443908 0.9998152541121657 0.03784979735183203 0.5292887744753995
0.7767529269962234 0.23924659890483058 0.999584199467608 0.009843671884345925 0.7965546833728395
0.09094028606090288 0.8247276575210049 0.7466030189302757 0.16515399497599867 0.5094572826036062
0.581834439037695 0.6545195453293939 0.8843978070634761 0.20100274874517782 0.370838435000171
0.9046600713153207 0.46491765234243 0.9865623200178615 0.05149740255068732 0.7897364806242276
0.7593770113017915 0.6366678432109278 0.9634020020625914 0.008405086594733156 0.6269745817610936
0.5308952964988861 0.5403038841039269 0.7643190659686278 0.029776238520418993 0.5589762716942059
