0.33836979646147913 0.608363609305581 0.9838173456194815 0.023792566534570025 0.6356488974622335
0.7086139217993713 0.6644037798951038 0.990691257437034 0.36501590676752127 0.4901340224825915
0.7882794004042457 0.8041421760760702 0.891893022716904 0.13325119934564322 0.7874383667634075
0.39352520625483184 0.32577556876151015 0.973766674957064 0.13060987371422908 0.7586446408907866
0.08135451728860542 0.645175595390922 0.5220250795405614 0.09769166681498148 0.23982569626596634
0.7744527685562005 0.830059881635999 0.8295357289848099 0.06446097595013763 0.24347767525721464
0.6499968773591817 0.6925460153118762 0.7537020463036973 0.05346815973604099 0.22038878220275163
0.3946598671887743 0.8673747867003042 0.9887328770066793 0.020636341423489333 0.3932925339567132
0.9311255636905794 0.6156650922527698 0.9534873408377792 0.03717370695156614 0.5310945219105468
0.3618613247146667 0.3136432699781768 0.9608942944041914 0.18876924518212543 0.3150849726305747
0.6792545751838003 0.7486226996796683 0.8035089585977461 0.11197158331575233 0.4755277010884408
0.13430092998563 0.30434047470801207 0.9275563832357039 0.00744540494276279 0.6195969246225543
0.12860029394387715 0.8372302829054851 0.6268835554014671 0.105131501299031 0.41236339688760887
0.8775058790303648 0.7933474029352404 0.9132355483669257 0.02157882604294575 0.4792362286537054
0.12951212485790647 0.4545868643817941 0.9772890016182594 0.3010561829865555 0.5788677412636807
0.26530818258300937 0.02880885229306246 0.8000600938754006 0.0618026986655557 0.5777837654123419
0.2907187213422647 0.30860910787022455 0.7048484943111721 0.08305308699039426 0.16808655047655632
0.7013433000808605 0.9596598889914011 0.7996526224583625 0.23007693922213054 0.595328846493395
0.9806080836593927 0.3806060390803914 0.9869811864987594 0.026901558152187404 0.6545463976440655
0.029755728700853648 0.1601817040706639 0.519210618804005 0.04381085219282583 0.1968093896816372
0.24754028472133338 0.47286569806324813 0.8327510373685734 0.1342187918150336 0.4829705456853404
0.0741413937965073 0.769866345869993 0.8502623981578246 0.05347915991418603 0.35659989343222187
0.59820601224176 0.8717256353868366 0.9720981747026369 0.36666888929827923 0.7466718319243052
0.5129157162189717 0.3074255811982247 0.9348691098929042 0.025611092092763618 0.8157505555657437
0.045993807370369906 0.2801327788147774 0.997305719587843 0.17813442253488662 0.6290777858105969
0.5410606633742171 0.748053443121545 0.413087173868924 0.18754799898159155 0.35323402675192556
0.7948204021281378 0.9435748632182327 0.9084836474836501 0.04971573055480726 0.5077090022805661
0.6041773967318709 0.6611848263860973 0.519816762721227 0.32035901904944825 0.23013381312774472
0.2584585641894554 0.5097388494387138 0.791134584370316 0.16198964131620047 0.13336350639648767
0.996936130146546 0.20595036440693631 0.9344581235608994 0.07434632801191017 0.7557150997945966
0.9032494892535416 0.8602926605887989 0.6777582068435736 0.17352308103296515 0.48090976996036205
0.40397989431842896 0.1526371941649441 0.9960799079242361 0.03808372717108274 0.20172557961034218
0.3171301208241424 0.11386071091157521 0.6102041392594242 0.03894699365432499 0.061194048486232014
0.08631017349864673 0.23882464304046067 0.7460366794643158 0.10467886964884962 0.1722930618667391
0.9370232761703211 0.11097755113228751 0.7175382830151694 0.2066485209712071 0.12038579576200138
0.8882671044409706 0.6106797052812583 0.999629785105804 0.07059176844807621 0.6467580802851076
0.8076555273021072 0.7021890107250063 0.5933090090417662 0.16375906191935996 0.36984470666471225
0.3087714482773615 0.894449513272808 0.8282408191882983 0.04627924178564617 0.5253751290844988
0.09328274813400236 0.2592656347677568 0.5265380139425356 0.2501481650959598 0.07899701477167335
0.33792092322205053 0.17834054777912414 0.9105240172002451 0.3246437058427269 0.5773977579702069
0.43308376892249184 0.7649364901773127 0.8698608692754917 0.13057760215329053 0.42413894164562777
0.27106143178472586 0.6935764204326724 0.6293991273108115 0.07180263807623814 0.21969621518750707
0.1358703708690202 0.5231177437893183 0.9279375839561324 0.19691030426910416 0.33992016110281364
0.35968925594233886 0.12558815189986944 0.5179499945693601 0.037293543195524095 0.05753273664510454
0.2863361060027182 0.5832855705663641 0.7546336396938379 0.08087211739421327 0.6124595587545619
0.332935071068443 0.6355880169077771 0.9376423418759192 0.11000216662600282 0.8384262135044442
0.21525070831405443 0.9730631581478133 0.5261267819124095 0.2895722003055699 0.4679430917522013
0.8569406598199677 0.4276116518208174 0.7639756570958879 0.15160402933038913 0.38332972523300063
0.2167940095472279 0.23173450688272257 0.8218974448825606 0.03287828125844136 0.006410218348555133
0.6427850213831998 0.6451041737725194 0.9968090462982361 0.005532648671630886 0.18296472876928696
0.5831888130313644 0.47670440480875925 0.9184298481548312 0.13386078169328225 0.6127609998029943
0.06284663465323627 0.7657931340764956 0.7278954341949372 0.2781260874651249 0.48264829974318607
0.29273055748905463 0.707741156722804 0.9461805739635145 0.013404612548412373 0.31210127622651
0.6594249199726676 0.8528661027680267 0.5979480189676236 0.09779683981032893 0.382494940949653
0.10079237543056942 0.7085354652926248 0.6031169260588062 0.1932841900466289 0.41227065159292753
0.528824015710991 0.691469524306048 0.7043084603298403 0.21350144970630192 0.23186173528034656
0.5307563518771036 0.185542594277985 0.5979585866911018 0.1238745836985957 0.06354719521510997
0.4866305126709439 0.6995643008170024 0.919970881214154 0.13373780972475086 0.5149414087369789
0.16804624975971655 0.8016405425061567 0.49744560632939766 0.1959054434294059 0.19835945145110948
0.6215875638752256 0.7715429715796402 0.9318694571429293 0.11878222495452664 0.6065549293536405
0.678580985336809 0.015114271485565805 0.9982157334212995 0.003833443710928945 0.025523145969784063
0.4816076139723106 0.7137819907904956 0.6736524824542882 0.27996411383308195 0.19671020221606453
0.9479146422738999 0.9363418131568736 0.9550591728191562 0.01630615200518839 0.7320558109560026
0.6611713204768922 0.3900195810182108 0.9645733756228749 0.35156617505034904 0.5738337807336724
0.5196038515972682 0.5152647131023387 0.7452613379480969 0.27295720350924396 0.5204303629967996
0.07283008256729 0.546858423270647 0.9176642394355733 0.09353895376042004 0.6328149693770002
0.2722962368096617 0.040633954199368466 0.9201054033421715 0.0014510048864379715 0.3441409219241343
0.44756141436200675 0.10676826287210607 0.5253136087669917 0.13096080939457796 0.22761237943220938
0.15305364689586126 0.2977593020672255 0.8928567997251845 0.2484765480033436 0.3425838747837075
0.8347980875763203 0.7148107978860324 0.9974016638032679 0.20926745972712016 0.8464354404112298
0.5641171278608146 0.1974201420662907 0.9563303867579688 0.06665760452962229 0.12305153816277953
0.9325905317446845 0.27566034816115176 0.6810703838922076 0.22169826436517862 0.6297979958009844
0.11888315665379684 0.4246131564801425 0.724694522493955 0.20923554358237037 0.4224920027472395
0.5113892563297033 0.6023094079541716 0.49999335996654987 0.248779509088786 0.30833934036150723
0.6923256047730768 0.5692451861086156 0.686607719909424 0.1672713180642551 0.26628241523951146
0.4631888264964243 0.5087064957213511 0.09370616273654982 0.2465215146764389 0.0555696499917717
0.5568260772483874 0.9509774623615757 0.8014558831743678 0.18266101323155248 0.16016977683590536
0.16261132282832466 0.06940730743311505 0.946164856873561 0.07765470250566746 0.5074032065356896
0.13821861133606642 0.826627717417305 0.9592031723671435 0.08605859764216002 0.3384168402169475
0.45389565386954656 0.9881151950902024 0.7338098300237538 0.1358559801554086 0.3559327090389197
0.30463408274077786 0.2659788017850869 0.9666920456819416 0.01243715370560526 0.3166898548882411
0.8687415514654565 0.22084278531452053 0.8111672724885374 0.08842617590496782 0.4206979977698298
0.5895648430234529 0.27239708562973347 0.935244217422826 0.0075419891199966305 0.8065216608989618
0.6102624484242198 0.5019531405466202 0.7362245759400095 0.19923334996926842 0.4890970490358819
0.8198814410518694 0.123416065074397 0.8042065532361052 0.15514170306286174 0.41175215992888026
0.5148154858420874 0.40606942220857034 0.657000904593386 0.04308422346629228 0.5534875093772842
0.7491464395654337 0.009570062013452866 0.5821312392572711 0.05204332338978569 0.17938200255436632
0.8244829903967109 0.9831204997830424 0.9575234676932015 0.01819420978286696 0.011939825025796384
0.9211610456513238 0.4120763176520872 0.9616062154203276 0.19310624987490496 0.667798532026621
0.9392823001776833 0.6589110954242383 0.8860385787843735 0.09502722503015164 0.24554414890896437
0.04690350673949917 0.8502053409832725 0.9469838877395448 0.10452163270563508 0.3495467689779636
0.7662476799831606 0.606899672570108 0.760808600293873 0.10071424838539869 0.2924220996011273
0.5670528271690399 0.25542368698154516 0.8290943409266875 0.17751348890680138 0.7175490587159287
0.5576014413932272 0.6943031244687907 0.5945161121257486 0.1501252796387496 0.5056935346094299
0.6053284895518961 0.8794387682532017 0.8836791512056159 0.07995098914991806 0.738662518332378
0.3913597803723956 0.48921863378836594 0.7340187937392332 0.14810194537115956 0.5320477857681459
0.4107913083130673 0.49733691501136346 0.7521699393586561 0.05029535660150999 0.16380295552533733
0.6801093886365761 0.33134275731597607 0.8393731334828952 0.24043561185909768 0.5689469764941409
0.1842234061259411 0.635153991737267 0.6423297843318779 0.04018075329073062 0.46713378107320097
0.4004848724545876 0.532170553691083 0.9866638107767028 0.48715294845268103 0.7693040418415361
0.5560963556287029 0.5319393478113816 0.6192187680582172 0.24844922405253622 0.4343876726518294
0.6720846339972518 0.13449573219930197 0.5376756584363366 0.3717411592512939 0.4140262179435251
0.7688157411554168 0.24606952916632296 0.5128344348530708 0.1504982823323735 0.11966550323926968
0.913002565510932 0.39988035890054585 0.8388729754382205 0.05149952673645554 0.4012444158722413
0.7562966176809179 0.8531300180217904 0.9997472521456813 0.0032915375914227196 0.25788155632478227
0.2594599818427747 0.6141850016278505 0.5744827851445514 0.31995617011770316 0.4813169473509818
0.6061114742777741 0.23043609334788845 0.6024436777825743 0.1298712905741563 0.06865323654046779
0.05967272076579716 0.39158304187329473 0.976115211783343 0.27841182582858703 0.6216105654022506
0.9962367313500691 0.33436203969427664 0.7975779296358674 0.23265212426578324 0.35665193258877015
0.8164177698288825 0.23151154377756883 0.9614673933679946 0.010722299478716318 0.4312203636732972
0.030853945303103873 0.708614498715735 0.8854726049852144 0.21056521402404124 0.6204166720996693
0.4281640899539832 0.5884234189198552 0.6970545902158111 0.03904974235502219 0.012192919287247072
0.7852758568375853 0.29866681194213573 0.9520638113009392 0.1544829244015966 0.6376178235746846
0.23909221712226394 0.6768053153704675 0.6622731985236832 0.17564515884364978 0.3186345119618344
0.4337028736533252 0.4883288574347522 0.844726903373764 0.3172289943497626 0.7583185223171018
0.944115726880172 0.05928546382870296 0.820569602634972 0.06853266327427718 0.4870517053121704
0.25139906820659635 0.8845334655013337 0.9029223803266684 0.0328862414743958 0.14351871588599324
0.18887330178069955 0.6643395093846506 0.995208866089949 0.003917533581164143 0.9512987257893804
0.8644972676722433 0.0386630813615374 0.9948446813278473 0.12242760670790737 0.4931208498241233
0.013241868378833472 0.25059178138650334 0.8991810361046937 0.33243690881884447 0.3796510151675381
0.7546986694196611 0.8671412158482735 0.5574947112766545 0.21778637797398315 0.03673407475403965
0.7292507352400653 0.8372989177907726 0.8795812645199776 0.029542912567161277 0.022329108049701472
0.829534946293403 0.19195011936087242 0.8410377826311531 0.04653999241349611 0.38500676077906215
0.13930893918879764 0.5897730959866632 0.5856530228965097 0.226062195466062 0.46730395854509477
0.8976790641826992 0.2951860365949509 0.6475317927931961 0.2515475484535986 0.2480275287574453
0.3781062098968298 0.1986887432981788 0.9917874057282531 0.059789862787517294 0.8465199192775029
0.11643332308921867 0.749805135034114 0.9966367207628267 0.05426935090770598 0.17711803269175413
0.025663636598681178 0.5555749810016469 0.9938159501685733 0.022501702666622714 0.8940993499619238
0.025713958331553793 0.8766765119036752 0.8231938796512875 0.10820109501555292 0.38367735365281613
0.6757055261199001 0.7795125827514342 0.9613368502703615 0.12013921395226723 0.4861806236796917
0.17206901171231836 0.6196461366747028 0.6191748081638816 0.09253961028685595 0.17875659796372234
0.8702981507586773 0.859840131860568 0.6990373433623973 0.12325029070743504 0.5562962261685326
0.3050324190450107 0.7834341590504408 0.993848573075797 0.09465302013092802 0.4852789208255586
0.6060544546726522 0.5199724705624423 0.6638982425816851 0.0729178131252763 0.2505872227699088
0.3230906038247854 0.5439765310720489 0.4533402496764577 0.2878235663362455 0.43525609150666483
0.6841228705228025 0.4231513334805512 0.9962946097616547 0.0024179270650308135 0.4880561426853071
0.8185961608113039 0.014379770006216593 0.9478906016058314 0.10612345214367863 0.1817257199494605
0.8186106337635115 0.024000276747496392 0.8590263453175966 0.06302654166742039 0.7931585322744193
0.3198225170250234 0.47035516188842463 0.9505321662708044 0.006900588403647116 0.12119972772382256
0.1492316888209785 0.5676716091638331 0.9986721039118412 0.27977388662721997 0.5617993304137846
0.4538295153364392 0.9630928450161261 0.928942324012999 0.0709066814530073 0.7035037911971485
0.5099009162761161 0.30941559405267133 0.9999614293647929 0.09632295763098596 0.8427806526691805
0.511523903611089 0.8550371306470333 0.9992159872302013 0.2142846261639046 0.4073590391776876
0.5351963118538896 0.37448728307891654 0.569332397456738 0.3786078067676172 0.45141584540105456
0.6897367545955729 0.5272906901118585 0.5069612022889439 0.24373973256020273 0.33033415595397925
0.9245668732360287 0.8079778813584191 0.5515564919109038 0.19317370099965736 0.22738793179990366
0.5332560429611787 0.539148293306615 0.9987725803631824 0.13999588139552568 0.5529542528925888
0.8588398496428726 0.8652648581804672 0.7820930066898976 0.09062023525616004 0.28504036899713425
0.38040794971284597 0.2577276529023798 0.873150141768269 0.06912014158031607 0.5848670961991506
0.16375395668978646 0.4803118985123928 0.974230007673942 0.04332142941194741 0.21554458331789433
0.9206831149004879 0.08149131245228375 0.5795749061032811 0.053622473136875036 0.4757089168925572
0.7919892579018847 0.3103552410537049 0.9003224228686058 0.09934488216762168 0.590671346000132
0.12882933023106746 0.48516135283513123 0.841509729209137 0.08419238870266303 0.3962705509166077
0.5581714098156576 0.8768390592483226 0.7784754379505311 0.08327779987273151 0.3738028494177494
0.7899311592790399 0.670026156839612 0.7864240462092081 0.31345450749985976 0.48129914118825556
0.38450394186957404 0.819051651509972 0.9891043760713193 0.038932954317166896 0.9690985912096135
0.9256225900628826 0.9810775275687887 0.63558464934384 0.16827166045206315 0.3917528206157653
0.43799007761925846 0.26754464361187386 0.9807774059864373 0.02968794975063942 0.5182964105139188
0.33648404225716233 0.24011909656659847 0.6573980645498895 0.18461764780816936 0.493952659721428
0.2689928627506524 0.288960021220144 0.7791781207453744 0.14272909703792838 0.19502952274946322
0.5504964008431074 0.8290266578006797 0.6990503110898633 0.03951838807179125 0.610102801527082
0.6163490315827284 0.8515638330391392 0.972888823910468 0.00913516116492233 0.9612789095047746
0.05692704314227268 0.6941488217158046 0.958545432700115 0.1017818710830442 0.6865339582882228
0.7127661351829971 0.75724816270864 0.6219929030373664 0.18677972274717666 0.40547572661176245
0.4794382876569617 0.7506039301703118 0.9990825014460483 0.2907324511256927 0.787840417523389
0.7178058864447767 0.4221348367607937 0.8738606900782123 0.12189584076958547 0.29135235723592184
0.5961748134106467 0.8750060317729131 0.9489007246857806 0.1618461555372355 0.4246156828188796
0.9302781046605605 0.9934814662796966 0.8105108728748781 0.08026245140567088 0.3161651443684585
0.9290108984865973 0.2814909456298005 0.9239524579027771 0.03522182817679146 0.7605493233556272
0.32620966866382584 0.4899099036960539 0.9928569550833334 0.06744969588159681 0.5415041294154413
0.17916408448273533 0.6361426655359426 0.5508974609784434 0.18547677364615636 0.37204559246682517
0.21853725267340227 0.8865611223562009 0.9158824258874902 0.26554443772293596 0.34389997151122753
0.5260645541505401 0.8896474853646402 0.9965477243295672 0.06992033754701016 0.7419158250831241
0.47538015069398454 0.47130049500312976 0.9096472358440721 0.10556350189172446 0.5733079657778752
0.4907669129166059 0.45672264184716094 0.9956128113720105 0.17234940680198307 0.47985763014608185
0.5781292101298897 0.24983147033999545 0.7405330382076697 0.027850043141354214 0.33438076975300013
0.2892850517719431 0.4719514659940422 0.6208633239511345 0.17617541227094208 0.5097088004113526
0.25129594623857476 0.7991902182609317 0.8048225447078079 0.13806256888646884 0.16492701911407864
0.15244316701722238 0.2432138095116902 0.7852665465019283 0.22279547817009066 0.24782529233213033
0.6473053336792284 0.7278515003401632 0.9997058488833857 0.06886510229972692 0.9337386961831984
0.7418386366121156 0.19482704745012716 0.4262499316508289 0.28176523567542766 0.31939728722558586
0.9481588293713407 0.023098773753836305 0.8386126763876431 0.22361317010855697 0.7047643611663761
0.046743526436166465 0.43045513019418247 0.7535028158821229 0.041231952118664074 0.40369923817965425
0.12251975457388886 0.7478801440260896 0.8318494645833572 0.0854064561713102 0.7139400684958265
0.6033972425491609 0.811125831060828 0.7510695765032704 0.14459550922814338 0.7415724650317665
0.9754710178383121 0.1532046965448294 0.7280199753710512 0.07800682587968104 0.15699877071345417
0.8378413222952592 0.6040577113976241 0.7951712325545954 0.06128312321802907 0.697974461539997
0.6225315831809908 0.6853836390719324 0.7975124265333338 0.06275954282863755 0.18290837618156772
0.3123614803488503 0.4112995408068314 0.9552700889184537 0.03752951455318103 0.24466672473909534
0.2954281007576109 0.6553518229116043 0.6637572080821984 0.11073645366211869 0.2467324748649587
0.10872942436293052 0.0716856825253599 0.6707244012541593 0.101413858946506 0.4285680127784297
0.819079837082687 0.5760193302569413 0.9110481858835373 0.04180191588623317 0.8718093709229846
0.21910974261319685 0.7511567150250318 0.9851066209789707 0.04838786655160177 0.11557269764453786
0.4768723091444152 0.523618778163373 0.9998152541121657 0.03822446302919028 0.5292887744753995
0.7767468775859868 0.23924370544454265 0.999584199467608 0.00985005204321457 0.7965546833728395
0.09431784756199978 0.8175958468025668 0.7466030189302757 0.1649769522528015 0.5094572826036062
0.5813281228019341 0.6525648730488268 0.8843978070634761 0.20129916452732544 0.370838435000171
0.9031995241549644 0.46606465529910845 0.9865623200178615 0.05186255688030023 0.7897364806242276
0.7593759381308857 0.6366637589279109 0.9634020020625914 0.00840889415511656 0.6269745817610936
0.5598191274358348 0.5429997481819503 0.9926210487808579 0.08834357369810543 0.6455316499698536
